170 3.729612675098099e-06
37 1.7591850903167318e-05
251 5.801142988226742e-06
30 6.15881117997047e-06
33 6.544257941101104e-06
40 2.438507436759448e-06
43 1.3899711461111618e-06
115 1.1696459243288533e-06
293 4.738918002156141e-07
296 6.516633135340846e-07
305 1.8974926680343297e-06
322 2.003162561580617e-06
324 7.308583523823995e-06
353 1.3230930720562402e-06
366 2.1056114819219672e-06
378 7.464487215725199e-07
414 8.14625688998028e-06
416 2.2924046072867462e-06
468 6.3420489504185236e-06
545 3.719558958356349e-07
555 2.82715933880891e-07
560 1.0602032758495386e-06
577 3.690516457676177e-06
579 5.231209883515385e-07
581 8.581007813622815e-07
583 1.1707202452838265e-05
587 1.729217727991556e-05
624 5.90243702143719e-07
634 3.940603987704022e-07
662 8.962848537818306e-06
664 3.8441963716789554e-07
668 4.393779542769599e-06
670 2.256484635014278e-05
674 6.07434767957236e-06
676 6.104478279204829e-06
684 1.510672331856769e-07
691 3.65650997503089e-06
11 9.896687085077474e-07
19 2.0690347023814082e-06
31 1.9675904071501755e-07
36 4.866124968274573e-06
39 1.702302154644004e-06
59 1.2067658403988936e-07
171 1.1167158227868079e-06
317 5.907451122438521e-06
323 6.613394542830538e-07
325 5.666872072531174e-06
330 1.6392499297075102e-06
334 3.046637406046797e-06
336 4.689111420735321e-07
340 2.1822198465025385e-05
354 1.3764097617608603e-06
358 2.7732689030472904e-06
373 3.658799464698723e-07
377 6.645821498068786e-07
380 2.2937609614268027e-06
460 8.4321533266874e-07
464 2.425419546211899e-06
490 5.858003535291438e-06
495 2.790624848339206e-05
498 7.926783794808562e-06
502 4.715169169891911e-06
521 1.02255885887619e-06
543 1.3730518141567342e-05
546 1.6060401774451394e-06
557 7.139000048901703e-07
567 4.553019904445872e-06
571 5.8223585514694385e-08
576 3.491011474300659e-06
580 2.7733082873443425e-06
582 1.8918879804890217e-05
590 1.2770808133799835e-05
592 4.9567394504931715e-06
596 1.2441177981262198e-06
604 1.4338020454113197e-06
613 2.39819828050152e-05
650 8.661901497682234e-07
661 5.862018673917268e-06
663 1.6894600078901568e-06
671 5.258939940994252e-06
673 1.913610877604335e-06
677 1.4467627710825751e-06
685 1.7654023311962892e-06
690 1.1174746540566706e-06
692 7.137837080903786e-07
703 2.090925823725959e-06
