9 2.377382461397485e-05
505 6.87839052290331e-05
88 4.5643133484415114e-05
123 1.641688000541398e-06
162 2.0887326313094147e-06
192 1.043981327429075e-05
277 3.4882840773771536e-06
314 8.524837573708466e-06
318 6.285920060823644e-06
341 4.301897901450717e-06
355 8.216147047943831e-06
376 5.930963031824988e-05
390 7.228028638799098e-06
426 9.421600778784641e-06
434 2.3789446927092383e-05
444 2.4090928150467776e-05
471 1.9295598110052358e-05
475 1.2200337943392583e-05
501 0.00010211509394935128
508 7.789023101478427e-06
550 3.005566603898503e-06
558 2.8915744485288506e-06
589 1.1337614839756161e-05
660 5.459308480523283e-05
672 0.0001005147542224447
686 4.432947851427995e-06
693 3.0574617715550305e-06
327 1.9159234856176404e-05
467 4.9995879097019055e-05
478 1.129624643363514e-05
586 3.529119121530476e-05
653 2.516926414473876e-06
657 9.86538877246729e-06
705 8.302469519882977e-07
654 6.223243105009786e-05
41 3.073267975385876e-05
73 5.2702384119196064e-05
549 0.00011544976961326432
147 1.3731494662903292e-07
196 1.2028735301500488e-06
206 7.036740312548729e-07
248 1.2491741083922647e-06
450 1.8310491337588845e-06
695 1.1059591325261606e-06
702 1.193017598660612e-06
717 1.618752212498234e-06
130 1.2953150588306434e-06
141 1.7214067316007843e-06
231 2.250158975986019e-06
258 5.1599696402663724e-05
321 7.652416834130132e-06
417 8.480520387158559e-07
440 5.167223825477172e-06
469 1.5717610280413263e-05
578 7.35332453194332e-05
588 2.256160068500198e-06
696 1.0323613884525512e-05
707 1.8271423801464567e-06
655 6.391077001257694e-05
230 2.3529234708020646e-06
44 3.5241147934940405e-06
49 2.1018658746353283e-06
32 8.189922075719812e-06
129 1.684085744124999e-06
131 3.198024894883318e-07
228 3.0616597961443676e-06
255 4.861001398377197e-07
333 6.554119961463901e-08
335 4.4068746949847495e-06
473 5.894874736150072e-06
496 4.81894361262314e-06
652 8.951734682895068e-08
658 2.031526543806347e-06
708 7.987491068371534e-07
178 3.6834099613344934e-07
222 1.8989978768017348e-06
224 1.0523171027034444e-05
229 1.9030457493669054e-07
249 3.739848139853262e-07
284 2.021683408918915e-06
299 4.511714383983051e-07
304 1.6020360210838459e-06
509 4.338700494078797e-06
608 5.708423556664241e-07
683 1.9161401638500457e-06
441 6.104632297135232e-06
20 3.383608597514174e-06
56 1.5357628727339628e-07
94 1.8069093478661521e-06
219 4.057773022190377e-06
236 2.6048585320515484e-07
320 3.5226402123585435e-07
570 6.937175606479407e-07
585 2.638650848311475e-06
656 1.0240220521940593e-06
704 2.511133780254721e-06
227 1.21020926926194e-06
237 2.1648601016405985e-06
432 5.208015494282823e-07
694 1.23663627302671e-07
698 2.1384770044050685e-06
716 5.438939575380119e-07
187 3.683106639697299e-07
381 9.611270880249955e-07
700 2.4728646836266887e-06
136 3.7193011328712194e-07
186 1.1886284177462638e-06
500 3.657408354838255e-06
179 3.5826465925669455e-07
223 4.94896856543915e-06
678 6.057026657490545e-07
689 1.5712236623744565e-06
697 1.1956739277863215e-06
688 6.636847374181537e-08
113 5.722686055525031e-07
584 2.8750511755717166e-06
594 9.215335299897933e-06
666 4.390629422034199e-06
51 2.810277493092895e-06
331 3.894293423200752e-06
167 8.297639029903388e-08
572 1.206606258850296e-07
538 6.238258256664303e-06
