360 4.254331044694159e-05
184 3.4396163092083077e-06
117 8.430696263516285e-07
114 2.390209045343273e-06
211 4.94827137035037e-06
554 8.90445933394506e-06
591 2.162711130877433e-06
87 0.00017031725220056728
342 7.1183381711602745e-06
374 3.3604655948213735e-06
332 2.3541283195226337e-05
191 3.6253062006905494e-06
413 6.109595081128895e-05
494 1.149876947965455e-05
306 3.377918020601552e-06
302 1.223105193455439e-06
372 7.148319544292051e-05
292 5.901251341201621e-06
143 3.885255313958339e-08
96 3.012920887074535e-05
504 1.8809850896552377e-06
80 3.7559046112918183e-06
523 1.599945152990944e-05
574 8.196284418413682e-05
701 1.1475543040131772e-05
429 2.8233194852440124e-06
122 3.4280035748850678e-06
539 2.911626919291792e-07
595 6.973252934904175e-07
493 9.41280973212374e-06
297 2.6615558577171376e-05
128 1.4289434965626848e-06
423 1.374557173849507e-06
472 6.451399244443621e-06
518 1.3060345514409808e-05
357 3.6402016763392477e-06
435 4.103032621158979e-07
533 7.688597468460636e-08
679 8.37350213925963e-07
573 4.673011358415812e-05
253 2.635843032915645e-07
25 3.056185158737774e-07
343 1.0685340430588284e-05
5 6.73627600011678e-05
164 1.7136813664772499e-06
234 2.065883022847281e-06
276 5.221006244836179e-07
559 2.726992384777963e-07
176 1.5785503568481419e-06
257 1.6706786623374717e-06
491 7.482586349462948e-05
420 1.2331929716056853e-08
135 1.433837098836058e-07
139 3.3381957347851156e-07
159 3.1658569357654376e-06
226 7.541839810333179e-07
250 1.9718068323751476e-06
350 5.42227437604793e-07
362 1.0911339548847551e-08
364 2.5192286156649488e-05
548 2.2544150835488142e-05
680 3.5485647193612314e-06
682 5.82426486764465e-07
706 3.2217927906262196e-06
17 7.400664868254764e-06
161 4.708726329351355e-05
168 3.67907397336218e-06
363 2.236220396295789e-05
375 2.8547758296393316e-06
561 6.388752903634208e-08
669 2.4418950001147665e-06
60 4.68073224632692e-07
169 3.56074383781147e-06
177 1.5103454727832142e-07
183 2.069693684067594e-06
189 7.554939998789788e-08
285 6.462304839823693e-06
289 2.1126657611171847e-05
326 1.8112588919843196e-06
329 2.081466816980427e-05
481 0.00014399686431928703
488 6.932886091302408e-05
565 2.1911572688208332e-06
6 4.178912869601402e-06
10 0.00015821640528326472
27 1.4640574363975296e-05
28 3.9349915800264086e-05
38 6.330704049531487e-05
65 1.8386430912912715e-06
105 5.536777484568908e-06
124 8.467090775685365e-07
153 0.00010470738979374192
155 2.189197520387077e-05
199 8.974362223167995e-07
201 4.877771440890691e-06
300 3.263955396675933e-05
308 0.00010596078116926177
313 4.412508534950287e-05
315 5.709806510692955e-06
359 1.2083725614442653e-05
405 9.0756868047818e-05
407 6.55541766975725e-06
409 4.0634619960099016e-05
431 6.24883237894025e-06
446 6.423972107642042e-05
455 4.384691736229638e-05
489 0.0003645417012558776
499 0.00047749230745196405
512 1.7739416476428774e-05
515 3.6504059131284534e-06
553 1.4143646825687424e-05
556 9.105542315051083e-06
609 1.3269995703899466e-05
116 4.5990877703899565e-07
163 2.7115380410157175e-05
356 2.357514512707123e-06
419 2.384162301469869e-07
445 9.146167401610074e-07
483 1.2667908929928512e-05
514 3.884419240287375e-06
569 1.2116495462057357e-06
568 3.2417131785587055e-07
188 2.730956333138839e-05
