0 0.00020668789502085964
1 0.00010162415920991927
3 0.0001450797661583756
21 4.1477753143263876e-06
29 0.00017377339072286403
34 4.177632194533654e-05
42 9.355957300115368e-05
48 5.5755097157317035e-06
149 1.4395989225195368e-05
158 3.4904552305706324e-06
160 3.888796687792453e-06
165 4.7783685365418276e-06
214 2.7030061184027654e-09
243 3.646383289516032e-05
252 3.61786212093302e-05
352 1.8640453455606937e-05
379 2.27569200379488e-05
484 9.991029556978814e-05
486 0.00034000339172346656
524 2.5470256433485928e-05
544 3.9184055291550224e-05
552 2.475519976742286e-06
665 1.1914626095450254e-05
23 6.407528716105206e-08
35 8.966049081189378e-07
46 4.408037125192423e-05
47 5.257385028801491e-06
52 4.136233393834063e-07
55 3.6751341031899035e-07
61 4.434052850505727e-08
75 2.212405519674271e-07
103 2.2509545460686703e-08
125 5.1767426158100464e-06
126 3.2570225866799337e-08
127 2.030776421760948e-07
145 9.844887585915489e-06
180 9.619067094527376e-09
190 7.643624653979361e-07
202 1.3047028310563369e-05
210 1.7398978435917538e-08
212 1.976168490048478e-08
213 1.4565297333629358e-08
217 1.759394927066309e-08
221 7.276459578279185e-05
247 3.3961902027107714e-05
267 1.6042478627972955e-08
270 3.923973710733131e-08
271 1.3404872762615702e-08
281 1.2864467316536754e-07
283 5.733335725089223e-06
307 9.253558816490644e-08
328 1.4655278641438967e-05
338 1.2201552787026841e-07
349 2.486852038798905e-08
367 4.919355515884949e-08
370 3.562012977545334e-05
387 1.98572862559037e-08
430 1.8783380352157307e-07
438 1.5514432215216506e-06
443 5.365612021151576e-06
449 9.808298993765999e-07
470 9.263144751199859e-08
476 4.4112093364420664e-08
480 8.508271127575207e-05
485 0.00012146227050231023
487 1.5680478662427982e-07
516 2.596456581272033e-06
520 1.2968376504490048e-07
522 5.240897181522884e-08
527 7.706010199709695e-07
529 5.5978808328656426e-08
531 2.136673828863237e-08
540 8.871893228005562e-08
564 3.3295129250689353e-05
598 9.409565235252167e-08
599 1.4793187606040446e-07
600 4.118988086819934e-08
601 6.975715699355353e-08
603 9.741693208302767e-06
612 1.260231074512909e-07
614 7.171943047740959e-08
615 7.13450210254985e-08
617 9.898410654943092e-08
619 1.1385325141959644e-07
630 1.7049564324349256e-07
631 7.177303369774934e-08
640 6.30724471111129e-08
642 5.03063237591276e-08
644 3.5807164422188855e-07
645 9.35482029137506e-08
647 5.4973425318051685e-08
648 2.61459779217738e-07
651 6.314440562309876e-08
667 1.4138408048816181e-05
714 2.2152324800683247e-06
482 1.1099630934391455e-05
8 1.278133553976986e-07
13 3.1081711968910987e-08
15 1.4915572944741324e-07
24 1.7062665121837548e-07
50 6.553473679141169e-09
53 2.9725822753166834e-08
63 2.873581323145329e-08
71 8.701341378547087e-08
76 1.1041118419802877e-08
78 1.5924744015694968e-07
99 2.2364814308088626e-08
101 2.4947751178106038e-08
107 1.955277181272213e-09
111 2.446188880177992e-08
121 1.0114795728537989e-08
150 6.777453918483538e-09
172 1.0132364111010987e-05
198 1.8783633901047858e-08
204 2.002273866594059e-08
216 6.516566979392284e-08
232 8.404822732538744e-09
238 6.163297188791325e-09
259 2.5795849874856465e-07
263 2.0328870049923352e-08
268 1.3200350979144764e-08
275 1.8417763470921838e-08
279 1.0012531971002186e-07
282 1.5366031506926984e-08
287 2.830235240027058e-08
291 1.4740347169359673e-08
301 1.7954782813464824e-08
303 1.6299766145733513e-08
310 3.890162063895585e-08
337 1.759022726926278e-08
345 1.474406800625081e-08
347 1.923255744437309e-08
386 2.4984645717898206e-08
397 1.014577476747214e-08
404 2.5254559159549755e-08
437 6.11320241496702e-08
447 7.184870376283416e-08
454 1.592821608641308e-07
459 1.4702170340894267e-08
462 3.064375572509424e-07
465 3.6718344966092814e-08
503 3.335403182274559e-05
517 6.856474224310427e-09
519 1.3914449174043957e-07
530 1.0628208801980744e-06
534 1.0126237545861835e-07
541 4.264032653468088e-08
562 2.3002101130679112e-05
593 7.145042593236422e-06
602 9.413009635832023e-08
605 1.2800636723486855e-07
610 1.6393329896437037e-07
616 6.944403336088366e-08
620 5.558301489097763e-08
622 1.4047104786948533e-07
626 1.6145070617096267e-07
629 8.864054259060667e-08
636 1.336422686103243e-07
638 1.0716631494509661e-07
643 5.943331205947707e-08
649 3.183248590961788e-07
713 8.610403846511624e-08
719 1.0726498210593816e-08
157 1.349409880016394e-06
403 8.256082769208635e-08
606 3.124126655895142e-07
7 6.546140146575259e-08
14 3.490695965936341e-08
22 1.8002999248058717e-07
54 1.7718685206779864e-08
62 2.0804839359731864e-07
64 1.5403428303376735e-07
67 9.166994758539518e-08
77 1.1041118419802868e-08
79 5.788942362974512e-08
83 1.5246695122556183e-09
93 8.077574982442026e-08
104 4.929154431535975e-08
108 4.207045925573633e-09
118 4.347208578226976e-09
132 5.545970755947409e-08
134 2.0883529535997406e-09
138 2.002929039520085e-09
156 6.946832997056341e-08
194 8.312135067202865e-10
200 1.961901533512068e-08
205 8.172245571567795e-08
209 2.8018578233459508e-08
218 1.1596214632375095e-09
233 3.991702775953534e-09
235 4.664990991618682e-09
239 1.1571255658515508e-08
245 2.0464940488408986e-05
254 2.250403541217783e-08
260 2.2783367074354856e-08
262 2.5165959999591137e-08
264 1.5296437218581784e-07
274 1.546722741073428e-08
280 7.09849704012913e-08
290 1.2923185864660128e-08
294 1.5221185144311952e-08
319 8.306197769174668e-08
344 7.638074682904211e-09
346 9.270661574355845e-09
351 3.6177124002744133e-09
361 9.507388865636067e-08
385 4.156332255128998e-08
412 1.1580006573225689e-05
415 6.9744081816152785e-09
442 9.543268905118567e-08
448 8.353409858931163e-08
452 1.3691950660660878e-07
474 8.122446198889563e-08
507 3.3319166390936375e-07
537 8.844192377344213e-08
563 3.569981037585884e-08
618 8.794705745803665e-08
621 5.394550716436127e-08
623 1.3523627053889169e-07
628 6.147256092233986e-08
633 8.326858081238495e-08
635 9.394777744266066e-08
637 1.1147364406852628e-07
639 1.0164748149807829e-07
646 1.338158166140749e-07
659 2.7936228225551062e-05
675 3.131382572722365e-05
681 2.842769623929217e-08
720 8.074251628096014e-09
575 1.5891406990802046e-06
453 1.1836835373199301e-07
492 5.796036169122486e-07
2 7.922250118860487e-08
66 1.5047597453026003e-09
133 1.2961492435329788e-09
137 1.1452627663637785e-09
142 1.3307847214186058e-09
261 1.5673472641039414e-08
422 2.0186193653087263e-09
510 5.109630831263916e-07
26 2.054391850763297e-07
57 2.3944382048046047e-08
398 1.2826066419434119e-07
399 1.8466146520506735e-07
436 1.436748994312573e-07
439 2.5894578843724023e-06
532 3.226893394570774e-07
551 8.063543465727846e-07
627 2.4622149380837294e-07
632 1.55427859272572e-07
100 2.5260415033657025e-09
112 4.847695657458974e-09
173 9.016180532241436e-07
197 1.720473904194512e-07
215 2.2373447657412598e-09
241 5.011400456944559e-08
256 1.1815690731591878e-06
288 1.8865906931628915e-09
348 1.3872933795627919e-09
389 4.344343754535749e-08
392 3.9118305887129655e-08
400 2.2988328627348026e-09
718 7.482891976292027e-10
547 5.292968653107806e-06
120 5.008488434585344e-06
109 6.942581934489704e-07
119 2.0690883947128603e-08
240 2.632975751304585e-09
394 6.855071894479467e-09
208 1.492580123269314e-07
316 2.7392219613814597e-07
384 9.994176234508333e-08
463 1.4458554653069374e-07
4 3.1372135586049735e-07
395 1.4072265398918883e-09
526 1.3659380740494536e-06
625 3.365269143439654e-07
90 5.692974982821901e-08
98 6.092629664689134e-08
207 1.7392117938586435e-07
266 3.158027386430007e-08
272 4.047040431681632e-08
477 6.784382493273483e-08
242 1.233526977520623e-08
418 1.9261052482596106e-09
424 3.829011838706594e-09
82 1.328363602773356e-07
309 1.5526937030184428e-06
382 6.608531850919486e-08
433 3.9364739222343744e-07
182 1.2327701308425363e-08
368 1.5448721915935723e-10
371 1.2455865855345456e-07
425 3.869366203662994e-09
709 4.4764612352389967e-10
95 4.1544689794784576e-08
181 7.365672696180224e-08
265 6.581620316038202e-08
699 4.714548290941149e-08
220 3.3901801897943466e-07
458 1.6068369650010762e-07
457 4.552403756705231e-09
102 1.145356818079884e-07
203 2.1451297629235573e-07
411 2.2563676012180225e-07
461 7.325831399302564e-07
711 3.630674927111791e-07
278 1.736131392414949e-08
427 4.086294123523765e-09
479 1.0464104071550261e-08
687 4.285241554073057e-08
85 2.416504726715419e-07
391 2.5811184506108346e-07
402 1.5746436002952976e-07
506 4.566728747879705e-06
597 1.2593114609020207e-06
611 1.1294074005279744e-06
195 4.126043519966568e-08
295 3.0879230736487205e-07
140 3.350559517553954e-09
144 4.6400067972005935e-09
383 2.904055085396194e-09
715 7.027912334796964e-08
298 2.3414205930312427e-07
369 3.160891034708761e-07
68 1.008238899927207e-07
401 1.3290580816312825e-07
410 1.37321462647106e-07
511 3.589107815945056e-07
525 3.4216323251596833e-07
92 1.5831698281182524e-07
421 6.892609033014859e-09
148 6.506835839006997e-08
311 1.6399537405118273e-05
466 2.6273503507209243e-07
497 8.174578703705487e-05
536 3.6747327229857054e-07
542 2.2574374747656344e-07
712 2.176340043987758e-07
110 1.074054922421669e-06
175 6.434918813547373e-08
193 1.822742509960515e-08
16 3.8807079330083643e-07
81 6.123530340217476e-07
388 4.4859487559654754e-07
451 2.7387443642611963e-06
710 2.1414190537000527e-06
12 1.1250871631009293e-05
58 8.179506396386152e-07
72 4.7052538161090504e-07
225 5.231117950577755e-05
273 1.1560839935194267e-06
393 3.7515988629224086e-07
396 3.0701408368134783e-07
408 1.2892562537379464e-06
456 4.457918896022674e-07
365 9.137944943450335e-06
286 3.295282561021437e-06
146 5.503615039880749e-10
45 5.020080010570873e-08
69 2.154804625361161e-05
70 8.422479325858647e-07
74 1.0665811663306801e-06
84 5.110559377163158e-07
91 1.8095473480358157e-07
97 1.446549422989845e-07
151 7.196988796328714e-07
566 2.3859232012200975e-05
607 0.00014202994955859514
339 2.3463932799450385e-10
428 1.0060698462717075e-08
174 7.544941999454142e-07
185 9.93227542733466e-08
106 2.126397506894748e-06
244 2.5864577501123084e-07
246 2.270912252797373e-07
406 9.564781355762003e-06
513 1.6291363557091958e-06
528 5.751905726415941e-06
312 1.9886698193251544e-05
18 1.3465962078929524e-06
166 6.064678801349329e-07
89 7.788565883183043e-07
535 2.8424687985968884e-06
269 3.3112356371566902e-06
641 1.1255011905879523e-05
86 9.41972051337042e-08
152 5.073457208013094e-06
154 1.313194053608175e-06
