47 5.5293108607441555e-06
170 3.6815335374713597e-06
11 1.4782454269198131e-06
19 1.8639700598884655e-06
20 3.426065670502518e-06
30 6.2472231483218875e-06
31 3.538400311033918e-07
33 6.319330064794925e-06
36 4.862942935652404e-06
37 1.6514676418147675e-05
39 2.260509609513663e-06
40 2.537759297711535e-06
43 1.577283268913018e-06
44 3.684040807745747e-06
49 2.2168070592703873e-06
51 2.43485184293322e-06
56 2.7879469618884415e-07
59 1.3876104903064076e-07
94 1.9041859788837102e-06
113 3.395899943739451e-07
115 6.659780017991588e-07
129 2.013754226007727e-06
130 2.4893555326742377e-06
131 4.815642973201176e-07
136 3.660817360306221e-07
141 2.536489151019809e-06
167 4.452130633444812e-08
171 7.330852522944356e-07
178 6.577133519101463e-07
179 3.056793090464211e-07
186 1.0978582403654158e-06
187 2.9904156357568437e-07
196 2.982772992509316e-06
206 8.799258273988466e-07
219 4.241296180918462e-06
222 2.6534962352150334e-06
223 4.607423409565213e-06
224 1.114730433279435e-05
227 1.2053196139615273e-06
228 3.836647941411128e-06
229 2.680258988965653e-07
230 2.737142482042347e-06
231 2.9366947665096073e-06
236 3.50604484335704e-07
237 2.2938430099579392e-06
249 6.382566654487472e-07
251 4.476495295095249e-06
255 1.1837418448405133e-06
284 2.13089863975494e-06
293 1.4589485453071089e-06
296 1.122768962964471e-06
299 6.670498963223466e-07
304 1.9079871063467344e-06
305 1.988364483339734e-06
317 7.65097628428422e-06
318 1.2056691218211084e-05
320 3.800089787091557e-07
322 1.8128549204392922e-06
323 5.880849146897056e-07
324 8.78352797698374e-06
325 6.91284010938206e-06
330 1.6038541024587558e-06
331 3.520990734383437e-06
333 1.8232412623170345e-07
334 4.042751731292567e-06
335 4.63103595501071e-06
336 7.722784465186619e-07
340 2.1871504826530162e-05
353 1.473944178162561e-06
354 1.656030951859061e-06
355 9.894365693841263e-06
358 2.615519851230314e-06
366 1.8510704209893377e-06
373 4.240771831946214e-07
377 7.582958292815842e-07
378 1.2475638055289558e-06
380 2.2215850760433098e-06
381 9.624585511846134e-07
390 8.39733542905753e-06
414 5.895411306860409e-06
416 3.1184760772358815e-06
432 6.34129131720555e-07
440 6.2473333239627946e-06
441 6.028369248902935e-06
450 2.5435072659079705e-06
460 7.006176251411912e-07
464 1.713971239472326e-06
467 5.14494892772457e-05
468 7.501970578865117e-06
473 6.1600862190506735e-06
475 1.2586440940938912e-05
490 5.61886110012528e-06
495 2.8161644414367168e-05
496 5.234667099320987e-06
498 1.0278097763724197e-05
500 3.5889102294682777e-06
501 9.989380836361484e-05
502 4.895390379108416e-06
509 5.22307300029715e-06
521 1.0477504742354289e-06
538 4.51959866225325e-06
543 1.5274198823131444e-05
545 5.841018924004024e-07
546 1.250355351839515e-06
550 3.2648530932242666e-06
555 5.394931581341667e-07
557 8.093863372561454e-07
560 1.647936029495858e-06
567 4.605263912521927e-06
570 7.311594207046855e-07
571 2.3242772481183738e-07
572 3.181977323502562e-08
576 4.300547982762975e-06
577 4.0530746291848365e-06
579 7.177735784098975e-07
580 2.896491361048017e-06
581 1.3513237990802474e-06
582 1.858633502977767e-05
583 1.2638817589768499e-05
584 2.748735033141346e-06
585 2.8724724729493843e-06
586 3.591464551181612e-05
587 1.6736887193716523e-05
590 1.240400950617335e-05
592 5.955948518487423e-06
594 8.94643668474349e-06
596 1.7005016375425373e-06
604 2.316725918340913e-06
608 6.736817597246947e-07
613 2.273025689088879e-05
624 1.109355589960655e-06
634 4.147248604031106e-07
650 1.4858874673794259e-06
652 1.5676178229191192e-07
653 4.364152117010925e-06
656 1.09109295770644e-06
658 2.6944468783268658e-06
660 5.7363482387399515e-05
661 7.623848190539205e-06
662 9.333096615650102e-06
663 3.257317338963142e-06
664 4.7143323736566335e-07
666 4.277536696625857e-06
668 6.820830178383732e-06
670 2.187041733894612e-05
671 5.941162494931111e-06
673 2.7099654478947506e-06
674 6.3681147613702785e-06
676 5.2939808965523085e-06
677 2.9844696067111376e-06
678 3.579217945134566e-07
683 2.214851897409378e-06
684 2.8855418696697114e-07
685 1.8433633111465634e-06
688 3.254606368902818e-08
689 9.63854660449206e-07
690 1.7345286452464319e-06
691 3.7644634738691537e-06
692 7.327760147737018e-07
693 3.1474509793162936e-06
694 1.771560022231352e-07
697 8.080415563238072e-07
698 2.200743369714281e-06
700 2.3104905713988123e-06
703 8.606931705548266e-07
704 2.8176114049679763e-06
708 9.484310658315682e-07
716 5.842397079867089e-07
