0 0.00021848687832953779
3 0.00014997239548484743
21 4.3441795714779845e-06
42 0.00010114777370597281
48 6.033609688283689e-06
149 1.631656018020258e-05
158 4.1931304166768606e-06
243 4.810377628645957e-05
352 1.8531357354732776e-05
379 2.39719319014465e-05
484 0.00011052633762154894
486 0.0003423479618627655
665 1.2689703045756055e-05
1 0.00010734932544147203
6 4.041051785857822e-06
9 2.420291356563255e-05
27 1.5044142722545827e-05
29 0.00018380316624213135
34 4.7456287135868645e-05
38 6.437377534979362e-05
69 2.1774245991049215e-05
70 8.657020008654663e-07
74 1.212456324166769e-06
81 9.964346929019793e-07
84 8.343075905213385e-07
89 7.088086112176191e-07
145 1.0455933766008892e-05
151 8.245669977941511e-07
152 4.770546480274286e-06
154 8.407523078480583e-07
160 4.58105103041688e-06
165 5.601894906375956e-06
199 9.425120296242468e-07
221 7.530346956171585e-05
225 5.290182256896285e-05
252 3.8041442745806655e-05
283 5.96785956695292e-06
311 1.6210909887550432e-05
391 5.222469779916259e-07
393 5.169387298881124e-07
396 4.857232672925791e-07
405 8.911184614050206e-05
406 9.404245001817226e-06
408 1.4440585484859058e-06
409 4.1232912020841384e-05
411 4.5995260547460083e-07
431 6.3402420669597525e-06
438 2.1149905027791222e-06
455 4.445638033750173e-05
456 6.49421258654524e-07
497 8.208105568315659e-05
512 1.986944386492941e-05
513 1.2511034140531152e-06
515 5.410567808060568e-06
524 3.2208211340339435e-05
528 6.07606062917302e-06
544 4.164042353697226e-05
553 1.4013257679420798e-05
556 9.085466714755498e-06
564 3.405219622706218e-05
566 2.4719845198285937e-05
607 0.00014030947189388085
609 1.2624664694631087e-05
641 1.088286727655577e-05
667 1.4360769325251829e-05
12 1.0604015206965006e-05
16 4.583973297238775e-07
23 2.591867854550437e-07
26 4.380111296432614e-07
28 3.8300833039667584e-05
41 3.032964203388177e-05
45 2.2526223994775618e-08
46 4.5268770078980836e-05
52 7.020242605279789e-07
55 6.159434986737784e-07
57 5.06712369234667e-08
58 8.938053299470222e-07
60 5.244947598441722e-07
61 5.9224725327194346e-08
65 2.1341712690627072e-06
68 5.932038272913113e-08
72 6.001710662087442e-07
75 4.869581668278305e-07
82 1.807664823613725e-07
85 3.094300541505868e-07
86 4.6040581613100656e-08
90 4.859367176769936e-08
91 1.0336319701807543e-07
92 1.1550450158025664e-07
95 2.995771172650634e-08
97 7.116952003411649e-08
98 5.333417663383692e-08
102 9.155132140084319e-08
103 2.7522578179617706e-08
105 5.398121780870208e-06
106 2.0452177109450635e-06
114 2.3726628093362245e-06
116 4.986307141869442e-07
117 8.58284392359485e-07
124 1.0629954631019647e-06
125 5.287107456923552e-06
148 5.184155615861886e-08
153 0.00010797294013556995
157 1.3596702109729834e-06
163 2.689756785043201e-05
175 2.8748946812724064e-08
177 8.197934276855572e-08
181 6.748400186827653e-08
185 6.760540562524039e-08
189 7.673440127468551e-08
190 7.70818386755701e-07
193 7.217394093044058e-09
195 3.8914407895257194e-08
201 4.825891897651221e-06
202 1.3013148813232401e-05
203 2.2355796448258813e-07
207 1.598469759876179e-07
208 1.6904396814696724e-07
220 3.4924560311445445e-07
244 1.2121758936627074e-07
246 1.6401100138676364e-07
247 3.4624401347893477e-05
265 7.111104735344683e-08
266 2.2894548817093257e-08
269 3.038116834106295e-06
272 3.3864788979320506e-08
273 1.0830554605876118e-06
281 1.3211592006995512e-07
285 6.513093408786662e-06
295 2.960508631207834e-07
297 2.622500500770897e-05
298 2.0212211137170029e-07
300 3.223683679444159e-05
307 1.1651708676219354e-07
308 0.00010219534064155028
309 1.6989033436624658e-06
313 4.299232934576129e-05
315 5.214254451951676e-06
316 3.4603548535033354e-07
326 1.9081426831068023e-06
338 1.2192040907297668e-07
343 1.0898187489954226e-05
359 1.1890580123302423e-05
370 3.5180889264746996e-05
382 1.8884316285764394e-07
383 1.686794924884169e-09
384 2.7482863555916055e-07
387 2.0422490685372217e-07
388 4.2986870755599787e-07
398 2.3850000393016254e-07
399 2.397668290788255e-07
401 2.464920841034622e-07
402 3.432921590988873e-07
403 2.865536228034046e-07
407 6.892463989560217e-06
410 2.8106816124425303e-07
412 1.1280807648259944e-05
413 6.0415128114513596e-05
430 4.5489924076130016e-07
433 6.110543928291872e-07
436 3.272782590134764e-07
439 2.7552720117679107e-06
443 5.351826142128899e-06
445 8.761029226198079e-07
446 7.208806205343629e-05
449 1.2637530218292942e-06
451 2.9667454786515063e-06
453 2.010683621061593e-07
458 2.52467461595962e-07
461 7.990109306759409e-07
463 2.7525396712964715e-07
466 3.8369467580583896e-07
470 3.2594190281783237e-07
476 1.2822375264675566e-07
477 6.507351465907966e-08
487 4.981636262814515e-07
489 0.0003544102656914296
506 4.304596298656344e-06
511 5.20916127082512e-07
516 3.1719932877486613e-06
520 2.5752952761220935e-07
525 4.289228126591082e-07
527 9.412135813087497e-07
529 2.0804354847394202e-07
532 5.639237364425193e-07
535 1.9695221302661297e-06
536 4.295765664978601e-07
542 2.8272589119980773e-07
549 0.00011128689119382184
551 8.459099917809315e-07
565 2.257228425899392e-06
569 1.4080373925493555e-06
597 1.2297167067514877e-06
599 3.334210583766959e-07
600 1.9732057953541422e-07
601 2.6440071407483553e-07
603 1.0411157858137527e-05
606 5.817145722214532e-07
611 1.2585593220844917e-06
612 2.9887648465713895e-07
617 2.811942368284701e-07
619 3.4905984503339327e-07
627 4.2205108937799637e-07
630 3.974682187826194e-07
631 2.546415327112628e-07
632 3.289711129978436e-07
644 5.906121329705552e-07
645 3.054019788516783e-07
647 2.2248067025685563e-07
648 4.79207545596996e-07
651 2.2387790965173968e-07
659 2.964793400093155e-05
687 2.8104223068475377e-08
699 4.555671755213984e-08
710 2.27834663963847e-06
711 7.024950008305456e-07
712 3.895163057479206e-07
714 2.3800762013809516e-06
715 4.5327479698384737e-08
552 2.4612459778708325e-06
482 1.095702132955534e-05
2 8.102952897791685e-08
4 2.95302487635599e-07
7 1.764287018392517e-07
8 1.9874671122379795e-07
10 0.00016418570658542227
13 6.709801160404305e-08
14 7.106791343085281e-08
15 1.573144895606502e-07
22 2.2220097132911073e-07
24 2.318096787002047e-07
50 1.2219281352631104e-08
53 3.045526950071156e-08
54 3.3642856495699635e-08
62 2.3663490261413691e-07
63 4.915397902143922e-08
64 1.7341902901832823e-07
66 1.16199640390939e-09
67 2.0116347003828237e-07
71 1.0213268935209176e-07
73 5.2892675342547985e-05
76 2.4457450054903445e-08
77 2.4457450054903415e-08
78 2.0367811569617662e-07
79 9.46427462873274e-08
83 1.3966359510526525e-09
87 0.00017058062309681274
93 9.236427823260576e-08
99 3.6709034368243225e-08
100 6.129192049273857e-10
101 3.094350134036997e-08
104 6.835909565488158e-08
107 2.501494590290871e-09
108 3.973135674629792e-09
109 6.699415248850327e-07
110 1.032158292716446e-06
111 2.7480973797529706e-08
112 3.1116244457437804e-09
118 5.4738550720971805e-09
119 1.2718387534819276e-08
121 1.9081827509644262e-08
126 5.162438758528557e-08
127 2.0937400428899625e-07
132 7.516527409316302e-08
133 4.25077531097189e-10
134 2.41778908095581e-09
137 9.047945956118889e-10
138 2.1344815954034437e-09
140 5.44309976357725e-10
142 6.174977312267945e-10
144 3.8211976516410814e-10
146 1.6599722369924152e-10
150 9.614611892440632e-09
155 2.2164006815361013e-05
156 1.051417197787449e-07
172 1.0089073487481021e-05
173 8.84954310140903e-07
174 6.45655735325638e-07
176 1.7031151248591985e-06
180 1.1413602717375208e-08
182 3.994617196117217e-09
183 2.381381214964429e-06
194 7.970259979736545e-10
197 1.6830073996655117e-07
198 2.7844217507984846e-08
200 2.98332014857031e-08
204 3.4605833950323085e-08
205 1.3231748125323241e-07
209 5.0271229364091e-08
210 2.8989661850509433e-08
212 4.282183505258184e-08
213 2.8752697658475173e-08
214 1.0143282732536214e-08
215 1.2512734273453273e-09
216 7.793504037617054e-08
217 3.5056105657619225e-08
218 1.0713780215820428e-09
232 1.1415826474122525e-08
233 4.1431403140797914e-09
234 2.2547892617148686e-06
235 5.935529631166851e-09
238 8.69078092335308e-09
239 1.2167456804864405e-08
240 5.766176333953792e-10
241 4.7773008142998805e-08
242 3.901111055573675e-09
254 3.7402359178476656e-08
256 1.1534833869692523e-06
259 2.6020951164552926e-07
260 3.437281188104033e-08
261 1.5462224190890864e-08
262 2.6549963691892164e-08
263 3.16937364730394e-08
264 1.6731518065510823e-07
267 1.7868518906969536e-08
268 1.967694907456424e-08
270 6.740166149815912e-08
271 2.214338210036742e-08
274 2.0326134148326804e-08
275 2.3882398453873525e-08
278 4.2340858952437985e-09
279 1.040322512733971e-07
280 9.273088925265043e-08
282 2.997849296941628e-08
287 4.438310019573761e-08
288 1.3811873344034914e-09
289 2.1422008142530554e-05
290 1.9421841926215644e-08
291 2.248449983587388e-08
292 5.66499367027184e-06
294 2.9896428505599964e-08
301 2.767769975746916e-08
303 2.548450437417291e-08
310 9.549461993571603e-08
312 1.9519708554008202e-05
319 1.8705763206177837e-07
337 2.5166847364038532e-08
339 8.467760136515249e-11
344 1.0947834782585658e-08
345 1.567834415721516e-08
346 1.2754133429075097e-08
347 2.5356628876240437e-08
348 7.49330800612829e-10
349 3.562950757982434e-08
351 4.587208581316263e-09
356 2.3815906035231124e-06
361 9.578263157518494e-08
364 2.480586485066754e-05
367 5.26172715775446e-08
368 5.353400535325909e-12
369 2.981442945288127e-07
371 1.0405781194188279e-07
385 9.103872572738488e-08
386 5.986998486180706e-08
389 9.789992854697974e-08
392 6.37724594713909e-08
394 3.5333623119906214e-09
395 2.482462144102171e-10
397 1.8279744294533612e-08
400 1.7743378282184765e-09
404 5.0651227572026804e-08
415 1.1580220625160986e-08
418 1.6726223874992635e-10
419 2.4291473941725545e-07
421 2.7212750118005876e-09
422 1.4602474454125854e-09
424 2.1920687006453538e-09
425 1.2262278268047186e-09
427 2.210836316117993e-10
428 3.2278728096751185e-09
437 1.1654955032829536e-07
442 1.7743180027084676e-07
447 1.6315911293852147e-07
448 1.326626502688327e-07
452 1.8137399264712313e-07
454 2.2648972125331466e-07
457 2.725872228186665e-09
459 2.2345905444111997e-08
462 3.5933193492735465e-07
465 6.752260721695372e-08
474 1.4709418673529532e-07
479 1.2964813164788302e-09
480 9.1064762576032e-05
481 0.0001419766755567684
485 0.00012967642294411336
488 6.801310110618476e-05
492 4.479974796976239e-07
499 0.0004736174147106948
505 6.931241626633915e-05
507 3.801606536243059e-07
510 4.94674999670367e-07
514 3.5153104180059685e-06
517 1.0578589596832267e-08
519 1.2739209244590228e-07
522 2.125133194507584e-07
526 1.3782616049054535e-06
530 1.0816237193114306e-06
531 8.734470503334468e-08
534 1.43338853840311e-07
537 1.7729673093291926e-07
540 2.277727490424449e-07
541 7.354455693159601e-08
554 9.017362914631759e-06
562 2.4364483316332413e-05
563 6.221596052742294e-08
598 1.769435849672674e-07
602 1.3514796833890035e-07
605 2.158292529923172e-07
610 2.1384211629208156e-07
614 2.2571179644692312e-07
615 2.160780389477599e-07
616 1.585395134570453e-07
618 1.7151136203267712e-07
620 1.382298660275114e-07
621 1.1609630335893293e-07
622 2.5270159213434873e-07
623 1.8062053889605641e-07
625 3.5600668123944976e-07
626 2.5218387374827774e-07
628 9.501133948526539e-08
629 1.4643805936604222e-07
633 1.7921212476647498e-07
635 1.4443919012079086e-07
636 1.4851882733689824e-07
637 2.77406451693078e-07
638 1.4927317584649383e-07
639 1.765866616033546e-07
640 2.420411039307651e-07
642 1.7299036118361705e-07
643 1.6656122754462464e-07
646 2.273944602606978e-07
649 4.2698825732093164e-07
654 6.879428722203373e-05
681 5.353388478435167e-08
709 2.4273166363716352e-11
713 1.422289528196532e-07
718 1.821672495227427e-10
719 1.684132696604052e-08
720 1.2553076526580333e-08
420 9.812998138270781e-09
547 5.232492307481858e-06
17 7.314495064066539e-06
18 1.2917906013086041e-06
25 3.447550387446566e-07
120 5.032768283354291e-06
122 4.957948738012961e-06
128 1.7821935384419413e-06
135 1.668989188460182e-07
139 3.698210353242003e-07
159 2.95768743380203e-06
161 4.801755049974735e-05
166 5.800610100915603e-07
169 3.644395504157023e-06
188 2.681552529217752e-05
226 8.483207561188791e-07
250 1.977473906228789e-06
253 3.066254644578848e-07
257 1.7048945844915074e-06
276 7.9781941751905e-07
286 3.153371941855634e-06
302 1.2768946176427238e-06
306 3.4186220361903695e-06
328 1.4620924818642258e-05
329 2.3450928519782492e-05
350 5.723873328754289e-07
362 9.558506543350107e-09
363 2.190220190023071e-05
365 8.766559170644434e-06
372 7.030298720553647e-05
375 2.9095308608907386e-06
423 1.5041788427739834e-06
434 2.414936955530021e-05
435 4.5738200843395056e-07
472 6.655067340223912e-06
483 1.2912448377634603e-05
491 7.391272500850587e-05
518 1.3450510682212841e-05
533 1.543583088531108e-07
548 2.2305608245326675e-05
559 3.5536900767125517e-07
561 1.24418328666454e-07
568 3.2895868625034435e-07
575 1.5639739083360129e-06
593 7.0840592683798635e-06
669 2.3716145847513625e-06
679 1.013044730424708e-06
680 3.485439205768894e-06
682 5.918482416572315e-07
706 3.39266629908846e-06
573 4.9567965806642996e-05
35 9.489132102119602e-07
168 4.0309083262685464e-06
5 7.267338846784638e-05
80 3.834943169358717e-06
96 3.0340796574982063e-05
123 2.039040499712485e-06
143 7.010873374106762e-08
164 1.8310587572421182e-06
184 3.400844639774911e-06
191 3.854606537322473e-06
211 5.5883874017143114e-06
245 2.0608189464130836e-05
327 2.021021457247273e-05
332 2.3301012858175437e-05
342 7.07243680324794e-06
360 4.280896753935697e-05
374 3.364375812630968e-06
429 3.009903932324145e-06
493 9.48177384706396e-06
523 1.8812352768503616e-05
539 3.7023467665539166e-07
574 8.221883481034304e-05
595 7.002669254083705e-07
701 1.2564151078753991e-05
32 8.183806135093513e-06
192 1.20084451945897e-05
357 3.7892385378976106e-06
376 6.091832781330213e-05
417 9.144986114600447e-07
444 2.943850234714824e-05
504 1.902455633905398e-06
558 3.7182565493640584e-06
591 2.163507516393382e-06
655 6.959674373464401e-05
702 1.6493992544014984e-06
705 2.4981480628881046e-06
707 2.2694151885967473e-06
88 5.086960749958222e-05
314 1.0077211527394096e-05
426 1.0163942308083409e-05
471 2.276297060707426e-05
503 3.4996307977235486e-05
578 7.527316252750596e-05
588 2.3624298726219237e-06
672 0.00010376665132559905
675 3.254243431324933e-05
248 2.2526450610104707e-06
258 5.292141407487088e-05
277 9.453112996930417e-06
469 1.671621227889193e-05
478 1.2290624064271652e-05
508 1.273397213812936e-05
657 1.5517128370639416e-05
147 2.6354286703092503e-07
321 8.549233726756278e-06
686 4.588532398096699e-06
696 1.4080782912826855e-05
717 1.9000073789941635e-06
162 2.5064929167817015e-06
589 1.4429412213754391e-05
494 1.2370872704266898e-05
341 4.893462532316837e-06
695 1.5361494510980237e-06
