0 0.00023205405650759234
11 1.1263674569917114e-05
29 0.00021054304368750657
31 6.832053360403671e-07
33 2.348982404235886e-05
36 5.936642283371751e-06
37 2.1753441855667858e-05
40 5.147782997106167e-06
43 1.910735870277208e-06
46 3.2887159814846604e-05
145 9.792875962709293e-06
222 3.2249127410409805e-06
320 4.6669455840866356e-07
325 1.6905720342387114e-05
333 2.708868175691038e-07
366 4.347939398321424e-06
432 4.1007016977149e-06
460 3.206056792632396e-06
473 5.341836163885246e-06
480 9.246660009647839e-05
503 4.392375910906356e-05
545 2.0123706281264423e-06
546 2.556317825043973e-06
555 8.060201251471111e-06
560 5.85647449142557e-06
570 1.039423913510557e-06
571 1.3360610759047978e-06
577 3.5556723743384427e-06
579 1.2625855317440508e-06
580 4.84964751754231e-06
581 2.5557524982943067e-06
583 1.5901674369448832e-05
658 5.004892265394356e-06
677 9.571527296030196e-06
678 2.8683793179775008e-06
690 7.335629695993987e-06
692 1.4048012722173697e-06
693 4.161068560031765e-06
3 0.00015124184973570743
19 3.6990562149789347e-06
39 3.612919485312685e-06
44 5.04548785303537e-06
49 3.0016300675585887e-06
196 2.8289793985733557e-06
243 4.097718774015271e-05
252 3.253686416312387e-05
255 3.756438177213703e-06
305 4.2752621649592165e-06
323 1.1598418367529867e-06
341 4.5321343257709805e-06
354 1.9859479816615626e-06
358 2.019341541220748e-05
377 1.4573029624996804e-06
440 8.535309161917382e-06
450 4.158475673271376e-06
483 2.7248842774647244e-05
498 2.2932451039425403e-05
544 3.834146158378541e-05
557 1.0447091173225684e-06
567 1.1728080418908657e-05
608 1.2432703607634501e-06
613 2.6263680050387814e-05
634 9.134654571448257e-07
661 1.3348732985865078e-05
663 8.609925970801182e-06
670 3.7205986372264696e-05
674 6.316372387566254e-06
695 1.3412522803418672e-06
697 2.9956601999145513e-06
698 2.826511013260062e-06
41 2.7252046399600067e-05
51 4.718914369599682e-06
136 1.5632375140338242e-06
167 2.413198857789035e-07
187 4.35844173202696e-07
225 4.583519489202627e-05
231 2.502902469868409e-06
237 2.571841637192048e-06
249 5.900804477684853e-07
284 2.4997768951026137e-06
304 2.1447740806590198e-06
314 8.417880674897832e-06
414 3.0071367605467094e-05
434 2.4109280927909217e-05
478 1.365547137075114e-05
501 0.00012025255861971343
538 1.9640335654622893e-05
657 1.6213735933250675e-05
664 2.9408580129515422e-06
689 4.386583115387476e-06
708 9.235003215597115e-07
20 4.730690357638619e-06
56 9.453904347398929e-07
277 1.952631038843878e-05
327 2.6630106368158775e-05
471 2.3491355429936777e-05
496 6.957034122528175e-06
509 1.2332279294576095e-05
550 1.5766377943245223e-05
564 2.8245575041777197e-05
582 4.4725032947480176e-05
652 5.123424222365857e-07
696 1.2932214525544485e-05
165 4.693886476108287e-06
223 1.0111623768863774e-05
236 8.428735762344604e-07
485 0.0001662760913351047
683 2.3598270911406227e-06
184 6.004602638764734e-06
219 1.3000689331784556e-05
467 7.273900930418826e-05
672 0.00011952778523680267
684 2.65100664147765e-06
686 3.3046048752570822e-06
34 3.9293474968684864e-05
160 4.862981489993543e-06
228 7.306069853420455e-06
372 7.814246836490368e-05
376 6.288698461796689e-05
42 0.00011443982147916839
429 3.81920834966523e-06
572 1.0039872883771508e-06
