113 5.676949413612086e-06
331 6.4895498199257145e-06
662 3.5807248552479926e-05
4 5.181102917595429e-07
62 3.631372815620778e-07
347 3.00664601529251e-08
511 5.850834483806932e-07
704 7.5027059565208e-06
1 0.00014129833621267637
2 2.2914296147320427e-07
5 6.917847353820663e-05
6 5.329797745603926e-06
7 6.527322897509747e-07
8 6.251289793480463e-07
9 3.536725802232003e-05
10 0.00019158605480579783
12 1.5047433732292387e-05
13 2.868879999666533e-07
14 1.6351087263112613e-07
15 2.8027083579761304e-07
16 8.6891129286417e-07
17 8.053255959889997e-06
18 1.4048788990276456e-06
21 7.59197451443236e-06
22 1.5120150116461698e-07
23 6.999656495804526e-07
24 2.2978185059929373e-07
25 6.714943677083624e-07
26 1.2400839763679967e-06
27 1.575085224897891e-05
28 4.2664039737164646e-05
30 2.7015359472014013e-05
32 9.441381666540276e-06
35 1.3001916412428203e-06
38 5.9603242592779386e-05
45 2.9401113818910202e-08
47 6.945890378723608e-06
48 6.668670022162204e-06
50 2.262254214997016e-08
52 5.847967084192274e-07
53 1.894497218533631e-07
54 1.7702502058253834e-07
55 1.2491144984241118e-06
57 3.821566131893906e-06
58 7.235797110682731e-07
59 6.355230020004925e-06
60 1.359341801530271e-06
61 7.063175559491027e-07
63 1.844286479766872e-07
64 1.6130815447783824e-07
65 5.088803806743061e-06
66 1.257920869267443e-09
67 3.0741957328763176e-07
68 1.6971463717596627e-07
69 2.031476878210948e-05
70 2.0452859601922038e-07
71 1.1149743883406822e-07
72 2.4399420501258586e-07
73 6.313315161525675e-05
74 1.6828905695585596e-06
75 1.1782336223232206e-06
76 8.555311422602474e-08
77 4.5167362436123255e-08
78 8.012374255168039e-07
79 5.072344179110877e-07
80 4.622494345165457e-06
81 1.6445741635497082e-06
82 1.8336395274309075e-06
83 1.66569336872281e-08
84 2.236177894714486e-06
85 7.35306624573164e-07
86 6.468615254675893e-08
87 0.00018928500323874058
88 6.058206639038764e-05
89 2.0805889919000437e-06
90 9.512668503450857e-08
91 2.3569572235721954e-07
92 1.2087865931681207e-07
93 2.1332502778581243e-07
94 4.581284357920287e-06
95 2.017039880556431e-07
96 3.879922520462918e-05
97 1.8530777114637446e-07
98 1.9804986080218443e-07
99 1.7766266966427668e-07
100 2.013132280246592e-08
101 5.2524576218496066e-08
102 2.1645328190228882e-07
103 3.016166282292668e-07
104 5.967247223637733e-08
105 6.2567718132422464e-06
106 2.5265187165589464e-06
107 6.841010144552304e-09
108 2.008195455414515e-08
109 8.77384322884165e-07
110 1.162345977682262e-06
111 2.7276035516726706e-08
112 5.717342519825509e-09
114 3.547287312665568e-06
115 1.0886328221692105e-05
116 8.154347032230653e-07
117 1.4122365717061157e-06
118 9.281678084616363e-08
119 2.536785556783255e-07
120 7.961915469124524e-06
121 1.7583350998989525e-07
122 9.99011294582183e-06
123 4.296273773091728e-06
124 2.010678885672521e-06
125 6.059922120808199e-06
126 1.0256818110412676e-07
127 2.620256976516503e-07
128 2.8040128877356392e-06
129 4.1068545275673735e-06
130 1.0124453171666366e-05
131 1.2609888083632223e-06
132 1.0719552492909531e-07
133 2.4850546442781874e-09
134 1.528642926075413e-08
135 3.027142194901435e-07
137 7.611030058588226e-09
138 1.6150546288828313e-08
139 5.136527931853992e-07
140 2.407007066987687e-08
141 4.3732203858148555e-06
142 4.649466842818348e-09
143 1.684976830101566e-07
144 4.44582663939631e-09
146 3.4666624856961237e-09
147 6.226857802589366e-07
148 2.0822562728367205e-07
149 2.2108648671308456e-05
150 6.681355925020437e-08
151 8.521872009582277e-07
152 3.3767452399366313e-06
153 0.00012879719118467746
154 1.4962702484498016e-06
155 2.8675558508467626e-05
156 1.5024622123733785e-07
157 2.047350901259521e-06
158 5.184519826007364e-06
159 4.053387127122079e-06
161 4.8647736867759684e-05
162 2.753454518693062e-06
163 2.9466553376316445e-05
164 1.966202826127001e-06
166 6.848181936989682e-07
168 4.485355562116623e-06
169 4.000083371202425e-06
170 7.118736984756737e-06
171 6.066389705580402e-06
172 1.0736784997102167e-05
173 1.0388859926035922e-06
174 9.433146700761713e-07
175 3.313908764524331e-07
176 3.348955652988917e-06
177 6.12153654359428e-07
178 1.1600456760057429e-06
179 1.8925853431790757e-06
180 1.4040615077260717e-08
181 1.1012915809157421e-07
182 5.1789018079007985e-08
183 3.3893858053374424e-06
185 2.252681142121142e-07
186 7.418644684008693e-06
188 2.843557966528143e-05
189 1.1505525477954233e-07
190 8.179177988410057e-07
191 5.868990158891258e-06
192 1.4316923357811846e-05
193 1.657266778965644e-07
194 7.0497205541076305e-09
195 2.4566765703047627e-07
197 2.8415416064580647e-07
198 1.7261190609603497e-07
199 3.4441468995056136e-06
200 2.874880831433765e-08
201 5.214276822016275e-06
202 1.580973326474076e-05
203 8.120768005476631e-07
204 1.3210921704677343e-07
205 2.7158988619392266e-07
206 2.4144887729535523e-06
207 3.4840959423349087e-07
208 3.4319583051129817e-07
209 4.94284149027299e-07
210 1.2273954080115243e-07
211 7.95484760507324e-06
212 1.6143393975730466e-07
213 1.2641541387057093e-07
214 1.021194208697173e-07
215 4.1726628609104556e-08
216 7.488142576558549e-08
217 2.476165597250963e-07
218 3.972992278001248e-09
220 4.3116263124539033e-07
221 8.779256919405542e-05
224 1.5482447309769007e-05
226 9.843235544088399e-07
227 7.578518529125262e-06
229 6.163211149359139e-07
230 4.887435202231288e-06
232 8.881871730153211e-08
233 1.039743143287801e-08
234 2.795486544051067e-06
235 3.669160191800114e-08
238 1.7593697978804997e-07
239 9.265455787636566e-08
240 5.922823118071105e-08
241 5.379643278197426e-08
242 1.041370020854053e-08
244 3.7074340371681805e-07
245 2.814590999554791e-05
246 2.503562754386694e-07
247 5.32179550965786e-05
248 3.562833434592304e-06
250 2.389075496201406e-06
251 2.1191975545777556e-05
253 3.9742258159202295e-07
254 2.2337294443173082e-07
256 1.3376396747855924e-06
257 2.180593146833786e-06
258 5.537789695840072e-05
259 3.699229926010512e-07
260 1.7325099645824962e-07
261 3.21561078422861e-08
262 2.0438359853640128e-08
263 2.7900015202964172e-08
264 2.1425858622428984e-07
265 1.465422766061764e-07
266 4.230309792868666e-08
267 1.641777979024428e-08
268 1.3818260351188187e-08
269 3.346979321020489e-06
270 4.783846604529589e-08
271 4.4097444690541106e-08
272 1.8469149731205284e-07
273 1.316219865323922e-06
274 2.883852162625323e-08
275 4.932143395104584e-08
276 2.3104459396929223e-06
278 8.345210328239748e-08
279 3.0450034746682325e-07
280 2.3327799125334163e-07
281 2.4243508358747426e-07
282 5.0509135165553654e-08
283 6.34674592594145e-06
285 9.41035372887481e-06
286 3.500260416217614e-06
287 5.3402958290941416e-08
288 3.2990830683649754e-08
289 2.4825046106811183e-05
290 3.2760955368399835e-07
291 2.408728068321922e-07
292 1.0301066601823163e-05
293 1.2729061340506118e-05
294 4.631389370103396e-08
295 3.2063533966546066e-07
296 6.536885123478815e-06
297 3.358730090529131e-05
298 2.9863972864810837e-07
299 1.2736799759824395e-06
300 2.599417061603564e-05
301 2.3084451251430668e-07
302 1.6694319221634376e-06
303 8.081674061059627e-08
306 3.210025076830643e-06
307 1.6478469823459458e-07
308 9.988419803602654e-05
309 1.7737176738394364e-06
310 5.399781142343448e-07
311 1.8306146747941327e-05
312 4.4049282597962194e-05
313 3.68594153761313e-05
315 6.4271564733565035e-06
316 1.1601923859902327e-06
317 2.642675899205704e-05
318 2.8884360281635312e-05
319 3.882935394242299e-07
321 7.680256017657379e-06
322 6.835706845700696e-06
324 3.17184456749968e-05
326 2.3468029768767624e-06
328 1.1936621398403444e-05
329 2.928611275610709e-05
330 5.7531675213627474e-06
332 1.9519853687489654e-05
334 1.5948688132865614e-05
335 4.957577628927102e-06
336 5.024445885365456e-06
337 6.522856741846441e-08
338 1.7250633906842209e-07
339 4.5571011742154474e-10
340 5.203059911337655e-05
342 9.373447982508524e-06
343 1.3036401207368575e-05
344 3.906435212690856e-08
345 8.16024093672569e-08
346 6.615002137106972e-08
348 2.2885081703625097e-08
349 2.3030976534569073e-08
350 7.142758646735701e-07
351 6.709741080271732e-08
352 2.1220618124292673e-05
353 4.6235001717568804e-06
355 1.3281536812642978e-05
356 2.554931427581756e-06
357 3.7017407712201835e-06
359 1.3274801486706336e-05
360 4.429531768306936e-05
361 3.510769683930247e-07
362 2.3152491557920253e-08
363 2.7968818640163247e-05
364 2.45362305601676e-05
365 1.1014168017889869e-05
367 1.6060047216522144e-07
368 7.922402754791994e-10
369 4.0732509333873385e-07
370 3.516000793949634e-05
371 3.219850754303996e-07
373 2.454194440944919e-06
374 3.491772044580439e-06
375 4.1557629741309875e-06
378 7.964870594898991e-06
379 2.5850335790186345e-05
380 1.0071853871460479e-05
381 2.801342930273988e-06
382 1.0932947572758353e-06
383 6.257338929866616e-07
384 3.978740870218172e-06
385 9.642301934077068e-08
386 1.1257585413397833e-07
387 1.0381258879859828e-06
388 6.441680980494823e-07
389 7.601689936643472e-07
390 1.071386193311013e-05
391 5.494928032576051e-06
392 4.141265332050978e-07
393 3.898061659254534e-06
394 4.563880170630903e-08
395 1.653625028896656e-08
396 3.020102977630337e-06
397 1.8521103443592825e-07
398 5.812755402310429e-07
399 9.569726943532775e-07
400 3.129804166980485e-08
401 4.0579858724803316e-06
402 2.0587532460371027e-06
403 1.3058947852983145e-06
404 1.6579996378151089e-07
405 0.00010384025869612547
406 9.568916355588156e-06
407 1.9996793507301716e-05
408 4.292298756475614e-06
409 4.0267075168462355e-05
410 2.650320540708301e-06
411 5.546501614451414e-06
412 1.1665691881336468e-05
413 7.508940236008932e-05
415 1.0863166429971525e-07
416 1.0587826233156718e-05
417 1.3062328542071777e-06
418 1.5187937187653267e-08
419 3.370114156126529e-07
420 2.2418225419263225e-08
421 2.637970643296602e-08
422 2.6279679103001726e-08
423 1.9494354331144977e-06
424 1.4658824334950675e-08
425 3.164133823156067e-08
426 8.933893064598793e-06
427 3.11320364536566e-08
428 9.554624797982286e-08
430 7.479624155151858e-07
431 7.767626686518182e-06
433 1.0458538945033894e-06
435 8.392605214917948e-07
436 6.084166837779859e-07
437 3.979635838203871e-07
438 2.358419760346941e-06
439 2.989892288871842e-06
441 1.6493124822387614e-05
442 1.7526675069210776e-07
443 8.215095621347578e-06
444 5.440484726566252e-05
445 1.3145305815649237e-06
446 8.159418470671052e-05
447 8.585778949496792e-07
448 8.187886547948139e-07
449 2.557486138529536e-06
451 4.410038840875712e-06
452 5.832158856967391e-07
453 1.3101317685009656e-06
454 5.672899352941165e-07
455 6.0070681619243537e-05
456 1.0586583580871369e-06
457 9.42660245806271e-09
458 9.444047735422857e-07
459 9.072565324715707e-08
461 2.123518959780308e-06
462 9.597599847056936e-07
463 1.0459639817620879e-07
464 1.4894374755677952e-05
465 1.3054005129382165e-07
466 3.0508684326167704e-07
468 2.50487457224807e-05
469 2.1995017716450803e-05
470 1.047147533707994e-06
472 7.244492055950931e-06
474 4.068801106821881e-07
475 1.8595903582686098e-05
476 4.1816740939748034e-07
477 1.868878427530645e-07
479 7.532517543146366e-08
481 0.00016845968844965477
482 1.0058669029868429e-05
484 0.0001303522652425809
486 0.00041459955998161217
487 4.314988266724536e-06
488 9.909707583884083e-05
489 0.00043494256880023007
490 2.401791660007937e-05
491 8.634736775183521e-05
492 1.2553633238626428e-06
493 1.0482097974815854e-05
494 1.2114679865728046e-05
495 5.861850780988963e-05
497 8.440355177084506e-05
499 0.000538794957438098
500 5.757301658530791e-06
502 1.2635779156107928e-05
504 2.7422780785055845e-06
505 7.994238297841771e-05
506 6.629478632610296e-06
507 1.3326631717756135e-06
508 3.325935459554655e-05
510 5.223278418989679e-07
512 2.1208449668772752e-05
513 8.773068081809036e-07
514 6.407330330490957e-06
515 9.981127639567447e-06
516 3.0041685733316763e-06
517 2.7123317613837427e-08
518 2.4534927896210818e-05
519 1.4880514528248076e-07
520 1.4032791387638604e-07
521 1.3660640050638683e-05
522 2.200730882994696e-07
523 2.8460052656927404e-05
524 3.8392635262888837e-05
525 3.6383330374392406e-07
526 2.1633470439558646e-06
527 7.195180369584324e-07
528 7.1938109137177034e-06
529 3.0156361692939345e-07
530 1.3880643327575345e-06
531 4.6807936320462075e-08
532 4.835135503577594e-07
533 9.061009731508189e-07
534 1.5861688317944316e-07
535 4.016159186785189e-06
536 4.1560463367555956e-07
537 1.8065301384892672e-07
539 4.919293818914459e-07
540 5.973960694213613e-07
541 4.203328846951299e-07
542 1.8694263946428268e-07
543 4.847194698382979e-05
547 5.910184861697068e-06
548 2.158392029376402e-05
549 0.00014237585129141085
551 7.388687856509731e-07
552 3.494139713273983e-06
553 1.6696740441312536e-05
554 1.3972232499617733e-05
556 7.880510575407688e-06
558 5.845614936617747e-06
559 8.60727369760988e-07
561 4.0000024104374556e-07
562 3.195565755803402e-05
563 1.884447032034041e-08
565 5.34548238978309e-06
566 2.7184397431095838e-05
568 4.269671343194736e-07
569 1.91710086257617e-06
573 5.517250740837625e-05
574 8.971400335226772e-05
575 2.3234479863650922e-06
576 1.2071318687691276e-05
578 9.020634054415541e-05
584 4.735300897186857e-06
585 9.926660508343842e-06
586 5.015498191486339e-05
587 2.9088329313499244e-05
588 2.9774820998721194e-06
589 2.6571942634579788e-05
590 1.352933907585208e-05
591 3.122671749755234e-06
592 1.7891764410408156e-05
593 1.121610014692121e-05
594 1.1094475463366243e-05
595 1.218551941828454e-06
596 4.813021366962276e-06
597 1.8142539770335704e-06
598 6.81641734657606e-07
599 4.133685630423682e-07
600 1.1733803670186158e-06
601 6.060949229128243e-07
602 7.199559960582834e-07
603 1.131488222911591e-05
604 1.0672838769443275e-05
605 5.043784553562878e-07
606 1.1352963144948747e-06
607 0.00015537200191387493
609 1.4356122894075248e-05
610 7.965798007351923e-07
611 1.1758884972265656e-06
612 7.676200819729605e-07
614 3.0671158181038314e-07
615 2.80514435690841e-07
616 3.29777219980391e-07
617 5.771749028708344e-07
618 4.83979333091347e-07
619 2.877944372595085e-07
620 3.073328702387309e-07
621 2.293840574509452e-07
622 9.81034747351141e-07
623 4.690740091797096e-07
624 7.49104678344832e-06
625 4.970349913309887e-07
626 2.2158645402918843e-07
627 2.0860204067803155e-07
628 7.47541126296834e-08
629 1.3052574798330048e-07
630 9.155105580421982e-08
631 1.6373404312917708e-07
632 5.329759903739947e-07
633 7.567268895644865e-07
635 1.5478430014174687e-06
636 8.042280920156737e-07
637 5.1126946230329005e-08
638 6.920725289871575e-08
639 1.3086592744097007e-07
640 2.3195027574846867e-07
641 1.2135329417589887e-05
642 3.0516946543579315e-07
643 1.3985955537430967e-07
644 4.3565354699404363e-07
645 5.012277865659197e-08
646 1.225891211354351e-07
647 4.8729010385322146e-08
648 7.143094386110776e-07
649 1.1441445812340056e-06
650 1.2833656610007863e-05
651 7.562750786010951e-07
653 9.532872260249003e-06
654 9.57676244015915e-05
655 7.826588187731883e-05
656 3.3068709996970886e-06
659 4.65877219919795e-05
660 6.888068965996126e-05
665 1.3930317285139377e-05
666 6.490850337968713e-06
667 1.4041653280287735e-05
668 3.1221026910031554e-05
669 3.1063170180173327e-06
671 2.892669489707232e-05
673 1.030251507512737e-05
675 4.5739205194727905e-05
676 2.1037567594811787e-05
679 1.7764189898774253e-06
680 3.302840076246105e-06
681 6.373367599749768e-07
682 7.489865953167294e-07
685 5.767882220670907e-06
687 3.4129559120992654e-07
688 7.60560532771321e-07
691 1.4360713486944774e-05
694 1.1745985759324098e-06
699 3.8450918835193844e-07
700 8.154539888489812e-06
701 1.4100410375437698e-05
702 2.6630365589037422e-06
703 1.457937222320391e-05
705 6.981136115259532e-06
706 4.725556468997804e-06
707 3.190591604978968e-06
709 5.823867784358458e-09
710 3.703061765664915e-06
711 9.800314362254089e-07
712 3.2933343309486786e-07
713 2.3535339947909229e-07
714 3.4516721220649202e-06
715 1.4213186014225107e-07
716 1.2448380990036744e-06
717 2.378176383394999e-06
718 3.129349061024084e-09
719 1.4162107774892596e-08
720 1.7397468961516832e-08
