16
0.00019880046318699945 -0.022012430858181324
0.013879492914830942 0.008191548262938332
0.012544919977706754 0.00820467304174434
0.011403944656262495 0.01665889368751369
9.401514742519063e-05 -0.024237285958487977
0.005384976519575903 0.008585390107494711
-0.0027576620316735715 0.010168688057734434
0.0011186189208528283 0.014424886903119513
-0.006125331568655072 -0.024530399277739003
-0.0009131216687578253 0.005479939651243092
-0.0060955612554354915 0.014920873350029127
-0.008979777514608796 0.01310803592560982
-0.012654991751752751 -0.0061475680734556035
-0.012690006663879483 0.002715731054491746
-0.00544264482819325 0.018015950114153585
-0.0019247683104327974 0.02251629581101737
