16
-0.00031969466210730104 0.0021306464552312315
-0.0006730625542422591 -0.0001407220268937894
-0.0014993154183235084 -0.0012244411924450264
0.0005062694551439194 -0.00019591459453776477
-0.0011579681535078678 0.0016236019549709104
-0.00035424085217556234 -0.00012151241519726773
0.0001432309907502648 -0.000888699701464054
0.0010517009347990399 -0.001413672883386559
-0.0014147839932012222 0.0015183034719325
6.130165022217328e-05 -0.0013069697760363127
0.000558452872101416 -0.0013407143928672507
0.0008121484747257266 -0.0010429596180587361
0.0015934392255173484 0.0018906546735971582
0.0018194536218512213 -0.0010134475501385773
0.00045783566961234384 -0.0005957924878891538
0.00015113956569004912 0.0002126368218223729
