0 0.00025728035598977496
31 7.324139622991004e-07
37 2.42430975188772e-05
39 4.1119488964239915e-06
46 3.0150698436172393e-05
145 1.2246036373556012e-05
305 3.7879423626382037e-06
325 1.7476309625560745e-05
358 2.3891310500268877e-05
460 5.159818535797791e-06
480 9.809635792557432e-05
545 2.919177839942246e-06
546 2.9391526108866e-06
555 5.82006466861894e-06
560 4.045139850667114e-06
567 9.399761355292294e-06
571 4.496370901354787e-07
577 4.248817614859718e-06
579 1.256329975500296e-06
580 4.75373189503995e-06
581 2.454985187778112e-06
583 1.5849482090497297e-05
661 1.2880451170694543e-05
663 9.252472435591504e-06
677 1.093482296983438e-05
678 4.159187545583108e-06
19 3.89427381920381e-06
33 2.728822890677468e-05
43 2.185994111710842e-06
49 2.52334533349632e-06
136 8.969153662387896e-07
196 3.884235246892839e-06
222 4.817352023287112e-06
243 4.12463598332807e-05
252 3.6075572996507456e-05
284 2.6089457020526788e-06
323 8.949159077322906e-07
354 2.467954413167237e-06
366 4.67617101551934e-06
377 1.756441532615555e-06
440 7.447911586860181e-06
450 3.930172247281197e-06
498 2.127478878162053e-05
538 2.5618380131659078e-05
544 4.3803322449816984e-05
557 9.66297483770522e-07
613 2.8764792468477647e-05
670 4.103471724336925e-05
674 6.1488126602254e-06
689 1.6323554653341362e-06
692 1.7418004675366546e-06
697 1.8758101275314313e-06
634 7.827847714102192e-07
3 0.00014689401488664116
167 4.234217106435838e-07
187 3.1549348619812055e-07
225 5.017682537199922e-05
231 2.3621194085237653e-06
249 7.22853507977284e-07
255 4.130783614616539e-06
341 5.138986266658672e-06
473 6.829843343553627e-06
478 1.636004272809398e-05
483 2.984136780159503e-05
501 0.00012821753069462913
698 2.7825771023475186e-06
708 8.566201142430226e-07
41 3.243843644468382e-05
496 7.77831448763036e-06
582 4.2831977042367236e-05
657 1.5875471013600518e-05
664 3.0649118297897503e-06
672 0.0001276840928027883
696 1.488369578889952e-05
333 4.93766281521454e-07
471 2.4717542153139657e-05
550 1.4415910703255496e-05
652 4.351755007979183e-07
686 4.051045734459313e-06
695 1.834497015206412e-06
228 8.01912040635859e-06
570 1.346714765418064e-06
683 2.501276270735632e-06
684 2.95513867059542e-06
624 6.802712208165358e-06
219 1.3833623940802558e-05
223 1.0179700314251292e-05
