66 5.8496205085990024e-09
2 8.326895408731568e-08
4 3.0926818945323606e-07
6 5.357705545323283e-06
7 2.2120067878625748e-07
8 3.11494982756726e-07
10 0.00021246389820612585
12 1.4243894282426075e-05
14 7.636504979584033e-08
15 5.383367403911242e-07
16 6.150757523565455e-07
17 8.897201456026096e-06
18 2.00674017077549e-06
22 4.048249309687786e-07
23 1.933863305418156e-08
24 7.033871900895545e-08
26 2.359821176920269e-07
27 1.4726018395269008e-05
28 4.4965661545905195e-05
29 0.00023632454868177742
34 5.704033949311474e-05
38 6.373715904629212e-05
42 0.00011799492486330712
45 1.0475685598786266e-07
50 6.055315080188678e-09
52 6.761240775725995e-07
53 5.129274818423911e-07
54 4.504008819593841e-09
55 1.1327543854759832e-06
58 9.047848166553246e-07
60 9.847454432858292e-07
61 1.0372219445863151e-06
62 1.9762238220443278e-07
63 6.636488380299631e-08
64 1.316177233483918e-07
65 3.6421807272827914e-06
67 7.766110774845472e-08
68 9.07651731975578e-08
69 1.9871906379972968e-05
70 4.719895350419332e-07
71 2.0273840877535138e-07
72 2.639017598548089e-07
73 7.540184093915187e-05
74 6.231459465371598e-07
75 1.0327085145429196e-07
76 7.723962456201127e-08
77 5.735209984295461e-08
78 4.7486035576978124e-07
79 1.1037862834835642e-07
81 2.4994285594370737e-07
82 5.428216022768862e-07
83 2.4636280142635516e-09
84 6.322242310198601e-07
85 4.3569218824776963e-07
86 5.5408946874450616e-08
89 1.5006249718601219e-06
90 2.1100462483193441e-07
92 2.3218248182416473e-07
93 5.919394164687757e-08
97 3.584552180616026e-07
99 1.6432318120512102e-08
100 3.7248435339753547e-09
101 2.0658742502265283e-08
102 2.2893385305496783e-07
103 2.3276471183369773e-07
104 1.52897158165066e-07
106 2.4951933151104114e-06
107 6.961275113092336e-10
108 1.029442631089844e-08
109 9.032877111825749e-07
110 1.198519656644265e-06
111 2.603954694328961e-08
112 5.283195526276775e-09
114 3.579042801766107e-06
118 5.057656716608637e-08
119 2.3045976767748254e-07
121 8.680752253000083e-09
125 6.108073014403133e-06
126 6.940117147324916e-08
127 2.2175780147451478e-07
131 1.3747763669026245e-06
132 5.707747237839768e-08
133 1.4299811494320917e-09
134 3.620590755754884e-09
137 2.264468912733432e-09
138 1.8123124176449003e-08
140 1.0449902249454261e-09
142 1.7006298708820907e-09
144 1.0465956803101256e-08
146 3.303692901095579e-10
150 1.9703513309863928e-08
151 9.546448815812052e-07
156 2.075237001626506e-07
157 2.013385744843325e-06
159 3.936251854680141e-06
162 2.5270220086327136e-06
163 3.26668973369996e-05
164 1.85988916383447e-06
166 6.525383572768234e-07
169 4.264971096421523e-06
173 9.874203956171199e-07
174 7.642716237517494e-07
175 2.9255099207167535e-07
177 2.940822703686457e-07
180 3.2491154156977053e-09
181 9.805655246610338e-08
182 1.3691197092231325e-08
188 3.2953842322934805e-05
189 1.022283049259607e-07
190 8.069980809645566e-07
193 5.636659485166849e-08
194 4.4863979568826926e-10
195 5.3753242349862687e-08
198 4.980180406127788e-09
199 2.8207049235809804e-06
200 1.612319668737718e-08
201 6.103166323642667e-06
202 1.5733913946350594e-05
203 8.832291894489333e-07
204 6.868712993548088e-08
205 2.3573233687242994e-07
207 2.582034100542686e-07
208 3.568566631384959e-07
209 6.661053248778957e-08
210 3.165159722138092e-08
216 1.2281043237427218e-07
217 2.6146780260373903e-07
218 4.513865923813718e-09
221 8.974895192835874e-05
230 4.683565797670198e-06
232 5.18061316673009e-08
233 3.1334751920153826e-09
234 3.0100695877716547e-06
235 3.9397539790214766e-08
238 5.124638823176147e-08
239 8.269467339236721e-08
240 5.1939230762288836e-08
241 5.1688284740750427e-08
242 1.5972380903186124e-08
250 2.332126049582131e-06
253 4.564435294253501e-07
254 2.2571236113675722e-07
256 1.2289020843200346e-06
259 2.4832791521025286e-07
260 2.7317046910508846e-08
261 1.8842262138666995e-08
262 1.2880065256217426e-08
263 7.179718360093432e-09
264 1.8299096351077654e-07
265 1.2769434413722967e-07
266 3.5773953369878855e-08
267 3.122213381208263e-08
268 1.974649297774219e-09
269 3.504337129738039e-06
270 3.513586654641827e-08
271 3.632127533638421e-08
272 3.303175882436442e-07
273 1.1563053549891333e-06
274 2.0531746611083367e-08
275 3.4742792163956026e-09
277 2.416252652707027e-05
279 1.1095699541970746e-07
280 6.55777322903531e-08
281 3.7439026034989226e-07
282 5.47953416574586e-08
285 8.868631297202379e-06
287 1.380077208788067e-07
288 8.533005144857073e-10
289 2.4939169900633574e-05
290 7.714386334134889e-08
292 9.426582596582597e-06
294 3.279001865683197e-08
295 3.4887801618379687e-07
296 6.50390427840104e-06
298 4.806495903721559e-07
303 5.828853134096803e-08
306 3.2844545401370524e-06
307 1.4017359730734034e-07
308 0.00011007336468359498
309 1.369613775705106e-06
310 4.0617542993319984e-08
311 2.0036954543677556e-05
313 3.648610915218327e-05
316 3.344883755915394e-07
319 4.6902808429592573e-07
321 9.166062564647522e-06
326 2.181437664486656e-06
329 2.9352161708123647e-05
337 3.969971729734718e-08
338 3.362673738544628e-07
339 3.7271936118765023e-10
344 3.1626982788453125e-08
345 1.4256499096188268e-08
346 1.1736675598598132e-09
347 1.834765524844998e-08
348 2.0567866781627008e-08
349 1.2415172837711053e-07
350 6.26499966622752e-07
351 4.942402780928899e-08
352 2.418242265230768e-05
360 4.513324595321016e-05
361 2.6249464873536366e-07
362 2.811425248966588e-08
363 2.7697759495997668e-05
364 2.3920097030438593e-05
365 1.0832094400971451e-05
367 4.937334428415561e-08
368 2.2020507748947842e-10
369 3.6778936428187314e-07
371 1.5469746989723104e-07
372 8.800584711205785e-05
376 7.205900507593427e-05
382 8.404610409048039e-07
383 5.778843127619076e-07
384 3.69721794641012e-06
385 4.267289752686691e-09
386 2.0301123013262723e-08
387 6.909791987193653e-07
388 2.856887477199251e-07
389 6.785836269999811e-07
391 5.085346225640691e-06
392 2.7142614792994094e-07
396 2.3307805329359086e-06
397 4.921228212569241e-09
398 6.097544447590759e-07
399 4.339997714474741e-07
401 3.7561542578277897e-06
402 2.0497837419919527e-06
403 1.3252630490993554e-06
404 1.6336673437335232e-07
405 0.00011316466228079032
406 8.969961444934163e-06
407 1.568996771137723e-05
408 3.8722699151545035e-06
410 2.442627446667088e-06
411 5.036218083628872e-06
413 8.616078385592921e-05
414 3.4535007566705706e-05
415 3.458755650008014e-08
417 1.25986109306025e-06
418 5.828466065143128e-09
419 3.1222533415007613e-07
421 9.02165661411452e-09
422 1.753418050937418e-09
423 1.922018349287379e-06
424 5.560707911666228e-09
425 1.285442585480508e-08
427 7.915741283991555e-09
428 2.6252780518873255e-08
429 3.7612482857723604e-06
430 2.935620797532924e-07
433 5.496997311421365e-07
434 2.8931923472128748e-05
436 2.477147945129744e-07
437 2.054621814613595e-07
438 1.468462867172714e-06
439 2.4934334878826195e-06
442 2.6352800278140175e-07
443 7.054635316557402e-06
445 1.1976633433308266e-06
447 1.7855249698770685e-07
448 1.2194889927449067e-07
449 1.6327617588042602e-06
451 3.628543527321007e-06
452 1.3968239313308575e-07
453 3.843930718894347e-07
454 1.333892898068096e-07
455 7.574107715327745e-05
456 9.138274564804349e-07
457 9.443047405759651e-09
458 3.1274777314502153e-07
459 4.196681128464222e-08
461 1.1192841758800034e-06
462 3.542007135704324e-07
463 4.838720928752656e-07
465 5.482156657281495e-09
466 1.780428079048701e-07
470 6.849402740022206e-08
474 2.426499000925762e-07
476 2.1770580298286948e-07
477 1.418644918191243e-07
479 4.92405548538751e-08
482 1.3800869035715318e-05
484 0.00013733353692083926
485 0.00020602088993560336
487 3.698641525575073e-06
489 0.000459999714161765
492 9.253546036060884e-07
504 2.87174005775749e-06
506 7.029186480731213e-06
507 9.923013591428567e-07
510 6.964626109793605e-07
511 3.172076981290306e-07
516 3.6328624017914086e-06
517 7.036715844848752e-09
519 1.6856423197230694e-07
520 1.9970204635391104e-07
522 1.2654483890835887e-07
524 3.576071911977106e-05
526 1.989785481171457e-06
527 7.824512764689084e-07
528 7.43444890199072e-06
529 4.2682651539277593e-07
530 1.6338057993793982e-06
531 5.098573095396296e-08
532 4.105533773453971e-07
534 7.58773399204714e-08
535 3.0599891259256623e-06
536 6.864100975404952e-07
537 1.12355925067212e-07
540 3.0882814904664473e-07
541 4.96933453533486e-08
542 4.0388617492671587e-07
548 2.6535410620146408e-05
551 7.191127306277071e-07
552 3.702719014213345e-06
553 1.623497859083987e-05
556 7.940612719471131e-06
558 6.444897125624449e-06
559 3.4645483971985223e-07
561 9.949701146557384e-08
563 1.2856312771537458e-08
564 4.109687008289867e-05
568 4.187401530107098e-07
569 1.8259831166191581e-06
572 1.1550166059692473e-06
573 5.878120243483264e-05
575 2.294154876905804e-06
587 3.141429165736084e-05
598 5.805866902385534e-07
599 6.662211925805636e-07
600 1.3099887636494155e-07
601 1.5537613015461226e-07
602 2.889239221336036e-07
603 1.2288215815839639e-05
605 2.613636383830672e-07
606 2.914180052813467e-07
607 0.00015685599588271892
608 2.4179752518044294e-06
609 1.2442031671859465e-05
610 2.1332694634289792e-07
611 9.312026410896449e-07
612 1.1750007199018116e-07
614 2.7775645161702243e-07
615 2.95598579047227e-08
616 2.351879374271588e-08
617 1.6685434524760997e-07
618 1.3670637506026241e-07
619 1.4654556985198949e-07
620 2.870067516273288e-08
621 9.192558039899475e-09
622 1.0618450137585456e-07
623 1.3932976502368604e-07
625 1.808028971124933e-07
626 2.7343098115838266e-07
627 4.3443162051961216e-07
628 5.314027200911779e-08
629 8.225124797997422e-08
630 4.166338879644989e-07
631 3.91675550870905e-07
632 5.585754438971336e-07
633 4.6859939055942255e-07
635 5.492410132477281e-07
636 2.152858330375863e-07
637 1.8064141314293324e-07
638 1.4263144581027454e-08
639 1.859865424226447e-07
640 5.732928313459197e-08
641 1.2782396514358478e-05
642 1.1862217772667124e-07
643 1.9047734595287642e-08
644 3.2940744424681616e-07
645 5.7379691517192705e-08
646 7.894104982299864e-08
647 1.533153521198203e-08
648 3.447252442267946e-07
649 3.4122669796037864e-07
651 1.2771897443988489e-06
653 1.0235376436429696e-05
655 8.599593282225181e-05
658 7.37118076416369e-06
667 1.504988870337996e-05
668 3.503360530188343e-05
679 2.080557909947e-06
680 3.1698987491477737e-06
681 3.360268345367624e-07
699 2.006804935890768e-07
705 6.250760910011152e-06
706 4.746009376565744e-06
707 3.480151537863332e-06
709 2.91417397156535e-09
710 2.3242746694419206e-06
711 5.076609609748122e-07
712 1.9199235546981999e-07
713 1.793800891298469e-08
714 2.9958339129533034e-06
715 2.0950517153494382e-07
717 2.249788999705445e-06
718 2.70115644774797e-09
719 2.1115156011800907e-08
720 2.004298746267663e-09
139 5.113974296053669e-07
185 1.895830060272251e-07
21 1.1382423250282865e-05
374 4.1016645888921865e-06
441 1.648430439650005e-05
595 1.2091133860753612e-06
91 4.4156401380724335e-07
117 1.641633974426469e-06
286 3.976469778275323e-06
335 4.995951915627047e-06
357 4.344381775511736e-06
566 2.8337001084903136e-05
597 1.6358776416521433e-06
247 7.062784307092793e-05
499 0.0005730673154599185
244 5.848457674652124e-07
525 9.85316294912211e-07
105 6.488770806909152e-06
116 8.665813747055684e-07
152 5.291027331391801e-06
183 3.1079949048541276e-06
283 6.90804839183912e-06
300 3.0113778259702595e-05
328 1.4429473256506836e-05
513 1.6229287052915718e-06
488 0.00010281642361743659
5 7.375411120673226e-05
400 4.786020141433153e-08
120 1.2004422420610996e-05
124 3.1232812062552636e-06
135 2.446901249296569e-07
356 2.8895127284736016e-06
409 4.187825851642033e-05
497 9.610082109913072e-05
565 5.588112627514225e-06
324 3.626003112062907e-05
13 1.0446896011056286e-07
149 2.2770435078729545e-05
514 5.920165668745586e-06
148 5.13794099658757e-07
213 1.5139412284281306e-07
370 3.7849107214611554e-05
515 1.520692831359684e-05
665 1.6340517166085885e-05
682 7.42797737556382e-07
212 6.270602036328849e-07
128 3.1761215190975077e-06
246 6.901421986169332e-07
512 2.2614952234250673e-05
153 0.00013755894685885407
393 7.477683372979749e-06
226 1.3564651493952406e-06
302 1.7822983203049002e-06
431 7.779984780401834e-06
215 6.948402531338611e-09
32 9.51818057456085e-06
154 2.3567662204431925e-06
359 1.3039711723607248e-05
375 4.3457449561464755e-06
291 5.240923108124626e-07
98 1.0138299326531567e-06
214 1.824309436414264e-07
