420 2.732221898165629e-08
688 6.232292539296049e-07
158 4.200832488872617e-06
168 4.5838724387905244e-06
493 1.008989767830102e-05
160 4.12963129067699e-06
161 4.522782586207429e-05
224 1.1785309252767481e-05
701 1.4316804563008186e-05
331 3.7946821835570742e-06
380 9.498866100645063e-06
426 9.13828554368802e-06
475 1.843792004928389e-05
381 1.8794102859869415e-06
690 4.765508632339303e-06
248 1.8872293996575573e-06
318 1.729456707863816e-05
416 6.066210425429546e-06
494 8.468677554817466e-06
585 4.419451162772161e-06
586 5.4396343750561774e-05
654 9.369329744977411e-05
700 3.2494912734254036e-06
9 3.4839303019403883e-05
51 6.287117866195105e-06
56 1.3706448015682774e-06
59 6.280989382648426e-06
80 5.970390556921311e-06
88 4.429201772998833e-05
94 2.3021987482146846e-06
96 3.978087698512716e-05
115 5.195854528020159e-06
129 3.0155240912158354e-06
130 1.5780448394906016e-06
147 4.1975278403952703e-07
155 3.1163585677979055e-05
170 6.4582650318090685e-06
171 3.9665438413143426e-06
179 1.2853517910655296e-06
186 3.785229382411961e-06
191 5.174715158576919e-06
206 1.7602204467618747e-06
227 1.6164330852721182e-06
229 2.1880636829014263e-07
236 6.773088913806693e-07
293 4.415967631342258e-06
317 2.3767025870523163e-05
322 6.985960214455423e-06
330 4.0852214269606665e-06
334 1.1417841726284994e-05
336 1.6382791237565118e-06
340 3.3864217162393584e-05
343 1.4520789478253103e-05
353 3.400761464721572e-06
355 8.492560613337561e-06
373 1.2084136799805706e-06
378 3.1052797630444037e-06
390 7.829602497627217e-06
446 8.89162360006659e-05
464 7.271033599799209e-06
467 7.817412831749907e-05
468 1.7128894383707194e-05
469 2.0704161593402213e-05
490 1.6800127998696757e-05
495 5.760503010411961e-05
505 9.429775477569216e-05
521 1.1248243968413166e-05
523 2.8105319303705285e-05
543 3.6581239084774135e-05
576 7.828545532239538e-06
578 8.270791091529975e-05
589 1.6757481326577932e-05
592 1.5270061507999812e-05
594 1.0140771431351754e-05
604 6.287451918765344e-06
650 5.2894462149234885e-06
656 1.1440626764082736e-06
660 7.657577696433582e-05
671 2.0434161143500946e-05
673 6.426340937190041e-06
676 1.8362893953645285e-05
685 3.113547773325396e-06
691 1.1438615252151925e-05
694 1.0404001349626048e-06
703 3.0316763309297856e-06
716 5.266445218574115e-07
178 8.062257811260504e-07
