11 1.6250070388196602e-05
379 2.6589433538082837e-05
30 2.6917671727999013e-05
590 1.542167922193037e-05
596 4.347626954400362e-06
503 4.514289183706491e-05
165 6.694811168271569e-06
518 2.8045277433941953e-05
47 6.130747523630142e-06
320 4.7195582631274034e-07
693 4.069765307094204e-06
1 0.00014536211857426
48 6.6968606817832626e-06
500 5.513431384699961e-06
702 2.4807776006209252e-06
251 1.1351790872651892e-05
547 5.825168475527384e-06
554 8.078434411202241e-06
562 2.5023404068744167e-05
584 6.060073897761391e-06
197 2.689922716890063e-07
211 6.956113386790272e-06
257 1.965594955680242e-06
301 8.94033736715637e-07
394 1.2808961560180263e-07
432 5.272890643357534e-06
588 3.085773905993664e-06
141 2.6673000193090353e-06
237 3.2389118274112136e-06
245 4.7284128259153207e-05
258 6.666669683257418e-05
299 1.2004972242387988e-06
502 9.007453373541272e-06
539 3.0671206474630564e-07
675 4.585219124294891e-05
25 5.703019623760727e-07
35 1.27297301322588e-06
36 7.410707442607548e-06
40 4.986595173088892e-06
44 4.056610276111952e-06
57 4.884369075217956e-06
87 0.00021623478266403812
95 7.243487504678497e-07
143 3.943692770233748e-08
172 1.232801014369765e-05
176 2.1519260610603533e-06
220 1.5147298759744635e-06
276 7.905721798381654e-07
278 3.268449051291552e-08
297 2.979917499072308e-05
304 1.747333364749996e-06
312 2.180653827780771e-05
314 1.0998307271248104e-05
315 7.206580301531611e-06
327 2.4253419841892812e-05
332 2.005563675462004e-05
395 8.49129613095015e-09
472 7.795448427698997e-06
481 0.00020452184859737565
508 2.6375209886989808e-05
533 4.130809195582643e-07
549 0.00013234063820421509
574 0.00011032197018897402
591 2.9457166690467065e-06
593 1.2364345387860635e-05
659 2.7741948402739498e-05
666 7.326002535617703e-06
669 2.8592002967672402e-06
687 5.865013036929425e-07
704 5.8416754511111785e-06
20 4.566785415970567e-06
113 4.515867567888242e-06
122 6.70761436601944e-06
123 1.2993719796631786e-06
184 4.7588356394278155e-06
192 1.22133790218826e-05
342 9.558866439174712e-06
412 1.2439428861923917e-05
435 7.249527534127687e-07
444 3.808066271908499e-05
486 0.0005175737982867255
491 9.280984379559936e-05
509 1.0792341585574873e-05
662 2.9579730536867056e-05
