49
0.0015489026271764616 0.0014764003247115052
0.0005044884309112476 0.00024719093007316334
-2.582883608793958e-05 -0.00014514256041112862
0.0007479703320540936 -0.0002101215644495259
-0.0006137028839583228 -0.0001950023236063434
-0.00013967758609260075 3.702083854121531e-05
0.00011951919276323833 -0.0005604542809041771
-0.0004264311741529004 0.002592864071790216
0.00012413287047829505 0.001901378364737649
-0.0003008319390176286 0.00037332711298084106
0.00031891299907799197 7.623961292621462e-05
-8.134496829064374e-05 0.0005441802756219283
-0.0002660248679149886 -0.0005966903309774283
0.00034770705213381186 0.0010296689387707311
-0.0003079892778944338 0.0008186897575418545
-0.00018948093213029277 0.000781596286008591
-8.535812786239655e-05 0.000451462747574832
-0.00034705365436185474 -0.0006963953707832581
-0.0008213206012471576 0.00020829156791865602
0.00015387426295951852 -0.000511675900185563
0.0012844556050694614 0.005359620782906506
-0.00048731043510733945 0.0014573178731845954
-0.0002465998428438703 0.001045293835916579
0.0001932568633712635 0.0003881381617530824
0.00017570967029070255 -0.0001714914616515594
-0.0002997289988434236 0.000689079186295057
-0.0007829520012068832 -0.0008467429036693146
0.0011605789491534603 0.005479129841635733
-0.0006577129953301504 0.0012148932873776532
-0.00020065109528924927 0.000932072383828294
0.00033990811623779883 -0.0002662375703402794
-0.0003814467237410463 6.013098030901906e-05
-0.00045150500426029106 0.00042949179126884564
-0.000648792403128463 -0.0006974489898716844
-0.00042824587938446906 0.0009738249572398288
-0.000440361745757678 0.00025803008376337283
2.382070188348018e-05 0.001206382325632839
-0.0007340558325457086 -0.0011342094259669318
-0.00023892338329731637 0.0012905250771784176
-0.00044139846082012703 0.0003439419852902694
-0.00045437254510121637 -0.0005786477356076245
0.00028064432263419316 0.00018538181339766902
-0.0012681019387759975 0.00014168308978146555
-2.6869721465816735e-05 0.001457331692456309
-0.0002730203497264705 0.000526395356651772
-0.0018989227129397517 0.0010274967407641463
0.00042435266554862784 0.0007306687152897562
-0.0002056072019658017 -0.00044039194613828094
0.00018109297141698415 0.00016629252960637927
