49
-0.0008194561464351626 -0.009827020011087746
-0.007444771051767706 0.0005763157421221462
-0.012410334003395718 0.0007830016455872199
-0.014539988453815343 -0.002834408112645381
-0.00913921641616983 -0.010449275542075247
-0.0006602393270821827 -0.016117864556024694
0.005667374553592396 -0.01323988150934151
-0.01107687843567097 -0.005620316357978078
-0.01261572012727438 -0.0009625560476882342
-0.013106463967311185 -0.0018340514621592188
-0.011868550527877036 -0.006289791180020475
-0.006588824912456446 -0.012291266303338213
-0.0006803308244078927 -0.014780530280210445
0.0030213130718348387 -0.013383313093152617
-0.015029038579889055 -0.0019409144731611164
-0.014695964569545535 -0.003483568572703469
-0.01200358764048048 -0.0073780850294194854
-0.008457212517261588 -0.012115323160690793
-0.0037472812473288014 -0.01623073792742323
0.00014500578236701896 -0.015812519782502137
0.001320696812081607 -0.01348967028868509
-0.018371151849244538 0.0006545992876518233
-0.015565937819572086 -0.0034344628656269465
-0.011038618605969056 -0.010051819516287096
-0.006023367561810627 -0.014538081413946762
-0.001497282308563298 -0.01638675829316102
0.001958841141552087 -0.014084692184605781
0.0023866532006415614 -0.012940727416898518
-0.013551773365008152 0.0041320269792511745
-0.010605104122832958 -0.0031135228771421468
-0.005653464736599314 -0.013307959850997756
-0.001135344130820388 -0.017160539003027865
0.0008599667610110116 -0.016342726130654694
0.0022847341556016215 -0.016147150564738446
0.003058655079088383 -0.016859943387078496
0.0015192537247135692 0.009985420560157596
0.0008392248001545125 -0.00013163438401285672
-0.0005204485305704143 -0.014421072942213202
0.0015110952117316982 -0.018392222623927767
0.0023773510617370315 -0.015883202208072697
0.004546114163208627 -0.014804364952730829
0.004947429352513652 -0.015602744591185887
0.010542128513632192 0.017885122188096906
0.00973634250222106 0.0053164891787401145
0.005365990326987952 -0.01322070854815121
0.003325207608033708 -0.017062202341497825
0.0020638553549823324 -0.012231394200296444
0.007000350824493235 -0.011478339456922265
0.009951634853857187 -0.011723562383033745
