49
0.014965728834809488 -0.02562725231355144
0.010731387093701285 -0.01643637551285444
0.010833868569336685 0.0023492941381943037
0.009879303900346347 0.009900744652710493
0.00822711748990097 0.01563643508608542
0.007070604322368748 0.014408066040557135
0.006395406487583314 0.014059740086298088
0.015061635347765386 -0.024376802699695176
0.012264100398052511 -0.013937688731092069
0.00941796093204094 0.0038803316032315085
0.005963027075488345 0.01219054758899466
0.00385608849751415 0.01708838127068074
0.0036507555824285953 0.01566226702658798
0.0038024870053726878 0.014676960573674054
0.011228867288706406 -0.028521175483174756
0.010172468014713077 -0.012445651368929654
0.00603344566681783 0.00703014148342474
0.0015442286142583969 0.015774517150725333
-0.0032358734788843773 0.0176919010687191
-0.0032856780708650076 0.015629754968803814
-0.0019710429506471796 0.01479174154673014
-0.000959491932566348 -0.025876736652301953
0.0004724169577613309 -0.009146886935651443
0.0007744394719209922 0.012010059517997962
-0.001806763734929548 0.018718830192093416
-0.0062591561036999125 0.01680921825152576
-0.00619947929803825 0.01320844718388082
-0.0033125633549230082 0.01276741436891945
-0.007264673881646392 -0.02174482304083651
-0.0062604441109142366 -0.009949279696363101
-0.0036604080496406293 0.012323697734668163
-0.004533044239594295 0.018945041173467042
-0.0058639664730057075 0.016784343635446324
-0.00733938901550096 0.013794739390173085
-0.006581069198443881 0.015546536574600764
-0.013868049013196838 -0.011433236386339134
-0.012766056659734253 -0.006972189394538142
-0.010411769405590476 0.011518052995041638
-0.0083385144976981 0.01930078540992815
-0.006740973517058039 0.017291813904742912
-0.0060307142837858025 0.017282157983721777
-0.006094159901992192 0.020508600650789063
-0.015426055547491501 -0.007183073296935453
-0.01366116640532375 -0.00617048131297376
-0.01326212778041905 0.009673674747178026
-0.0094078035953416 0.019887496862261204
-0.006387850970619906 0.017305547807709074
-0.0032065666427487476 0.01823629772092553
-0.0036359445027989556 0.021986697201026143
