49
0.0036463471142573847 -0.0035665861965485904
0.005726203937765955 -0.0001160015867997239
0.008800190786345986 0.002280557320618021
0.002011715567784572 -0.005158085467895907
0.0061223291974771415 -0.010348939950222872
0.006865584526153968 -0.007592297410918974
0.0038118906643998004 -0.004570249962394816
-0.0003079940485813537 -0.007875720101343337
0.002926640361840444 -0.0035015563033212174
0.006578513840748679 0.0007526457877159623
0.005310803883913172 -0.0020299856698566673
0.007235373677631476 -0.005581430916241908
0.006273441537207151 -0.005289560555133432
0.0024967046858888954 -0.0042758883712078815
-0.002022566078110449 -0.010802213815331864
0.0023876029285431273 -0.00690590545613326
0.00555142440892772 -0.003029167537417889
0.007245124565143262 -0.0029370778148558123
0.009538225489309764 -0.0024239325821886672
0.006951332657626414 -0.002069929019092911
-1.9413810400854325e-05 -0.0008381098709667594
-0.0003228065011578458 -0.00860507475364979
0.0022631463058887884 -0.008045910838842806
0.005726239089815519 -0.004168031587098651
0.008683904000943501 -0.00160967289226566
0.011124054525533094 3.8800813877442574e-05
0.00834976329411498 0.00024008170280830684
0.00038207407027566234 -0.0003717863872890818
0.002516647924997247 -0.00933641747172954
0.004393985795799585 -0.007610448024821025
0.006251553162712 -0.0036478904007505733
0.008797200613677569 -0.0017047931501397214
0.01096346509608326 -0.00046643262309028816
0.010136223357923744 0.0033989448045948357
0.0064746733674106455 0.0024867788634639096
0.007458465970426025 -0.009164805675905325
0.007783284768346335 -0.006711227922689659
0.008986868657632456 -0.002583464037770129
0.010073860495265338 -0.0010025972482346514
0.008280187685438624 -0.0006862073733473355
0.006753821522890894 0.008075115634243206
0.007216368165334065 0.00946965175577355
0.007881414430903136 -0.005370565327241303
0.00784255546348024 -0.0034724262714393604
0.01196766135463536 0.001071015262326684
0.011237816956252825 0.003215001430159446
0.005401618354654667 0.002545571897064621
0.0004764409581638587 0.012421086035873238
0.004265358425953876 0.016880885892748672
