441 8.142686203418693e-06
331 3.2794844831952223e-06
501 0.00010444698925535458
572 1.7609635235903278e-07
678 1.0064615397529205e-06
689 2.1815362657630775e-06
697 1.6850225474034576e-06
51 4.739987904447268e-06
432 1.7004549760817796e-06
450 4.095547128013675e-06
666 4.491920627174974e-06
187 4.409945140446819e-07
550 4.157588873272226e-06
700 2.6981691089628363e-06
167 1.3872302760232318e-07
179 4.433775206075914e-07
381 1.2126736241027922e-06
49 1.7825010040242166e-06
227 1.682663222756873e-06
585 2.8775323208400287e-06
688 7.973700188794581e-08
698 2.127045251506053e-06
136 5.818678161398044e-07
186 1.4898786339538188e-06
206 1.5593009482703004e-06
223 5.44637270875713e-06
586 3.939835413195789e-05
660 5.90713777216178e-05
693 2.9401565951278897e-06
245 2.717868972043618e-05
475 1.6097775703512717e-05
56 7.602323435488492e-07
284 1.9999441805014997e-06
130 1.6445610134120263e-06
255 6.681743506299557e-07
341 4.444269134935227e-06
656 1.1291212545259788e-06
658 2.08023283959824e-06
694 1.7264594837203076e-07
94 2.0888504537069296e-06
652 3.304815577663834e-07
236 3.7166600520496896e-07
467 6.162292672667821e-05
584 3.827105616586567e-06
686 3.2400118896736637e-06
659 3.707844856180636e-05
321 7.038820016314349e-06
589 1.2205988455635396e-05
653 2.8688544744478153e-06
708 6.813317309275892e-07
196 1.6384819151200614e-06
222 1.9437079575240653e-06
224 8.642715981711657e-06
237 2.32852433818673e-06
299 5.947013338696099e-07
355 8.203971132358815e-06
496 6.419482391461892e-06
508 1.1103760902810574e-05
333 9.397585053338688e-08
129 1.5593092624822825e-06
228 3.3671265645384315e-06
320 3.965012124139448e-07
335 3.063690876783094e-06
473 6.636641642589158e-06
570 1.097993839881233e-06
608 9.854028825207188e-07
683 2.4999531449242845e-06
716 5.97378707695401e-07
230 2.0134705836597404e-06
312 2.940159584524921e-05
558 2.9775243817336628e-06
231 2.258846047434998e-06
123 1.2573091178036167e-06
184 3.296438138790489e-06
229 2.0391900576249144e-07
343 1.2049799754347709e-05
426 6.9810416378647214e-06
469 1.5551790719251015e-05
478 1.1897283582219022e-05
705 6.330838467644998e-07
717 1.9278757756404324e-06
413 6.308022653150785e-05
141 1.5353400828913223e-06
178 4.593234597631432e-07
249 3.9458136660650646e-07
73 5.528077365043507e-05
131 3.550143317884336e-07
248 1.2426965238435304e-06
314 8.364413812090436e-06
471 2.0150701182194103e-05
657 1.0328696092732163e-05
695 1.3171244447140858e-06
702 1.2256758963182246e-06
88 4.862356506702447e-05
191 3.90333648378492e-06
211 4.801795987547521e-06
292 6.8566988407334805e-06
304 1.721331832413629e-06
318 7.542701459841375e-06
372 7.132218370935604e-05
376 5.993884871186281e-05
440 7.933889911395983e-06
549 0.000126148055346527
554 9.47432300045521e-06
654 6.368974597099044e-05
696 9.468438644681041e-06
707 1.8815789975341812e-06
87 0.00017763105193641427
96 3.601625359468519e-05
122 5.557791696862498e-06
192 1.3021832404054749e-05
277 3.811083069997364e-06
297 2.799792291800405e-05
327 1.906258689323579e-05
360 3.9162870187368914e-05
390 7.027035699621917e-06
434 1.9161708961045007e-05
444 2.480004829582887e-05
446 7.080448470968325e-05
655 5.2459123015599965e-05
672 0.00011582199535074901
