25 3.1900164816791865e-07
340 3.570099451433287e-05
495 3.067188642140608e-05
30 1.6384018281340537e-05
578 6.080553476406691e-05
116 6.957255568018391e-07
559 3.734446148904587e-07
561 6.76076310100563e-08
682 6.561482040849961e-07
226 9.419108379683826e-07
568 3.555067965457297e-07
488 9.076241678675518e-05
169 2.471330492286764e-06
680 3.136615933976986e-06
10 0.00014961130108426046
168 3.001452826787239e-06
326 2.4989587342771705e-06
482 1.1489662511053062e-05
491 8.128282623579382e-05
573 4.8810213632815047e-05
499 0.0005288038928794816
405 0.00011532784524059507
153 7.931599387223852e-05
161 4.062657322037648e-05
183 2.703858825010577e-06
253 2.4217931842908236e-07
481 0.0001359212684969255
595 1.2231232609089442e-06
706 3.0916489157126625e-06
164 1.515041447396496e-06
569 1.2459896421172924e-06
669 2.6652421638728925e-06
350 5.071139220581492e-07
375 3.4306079642594177e-06
548 2.1437786839086716e-05
155 2.624410006347323e-05
679 1.4373932854251388e-06
494 6.767715683827423e-06
5 3.387312583133873e-05
38 4.803312345372224e-05
357 4.208980259148685e-06
472 8.313170237480757e-06
423 1.5272070783628386e-06
518 1.335606865507015e-05
20 3.27734047758855e-06
128 2.0260587090244437e-06
276 7.544142026692739e-07
329 1.4741183567312767e-05
591 2.824219996227961e-06
219 1.65271356527439e-05
493 1.0182742379245358e-05
539 3.60511599585624e-07
143 1.8797760783606373e-08
80 4.545020960486995e-06
162 1.4174125518356273e-06
533 4.2321632341896765e-07
701 1.1458649812246034e-05
429 3.1283077003190546e-06
504 3.200482338858921e-06
509 1.0335842841671125e-05
523 1.664738241668791e-05
574 0.00011112291158778313
19 2.278461654552099e-06
44 2.9654282272266758e-06
17 7.893090978323444e-06
435 8.679614127859274e-07
258 6.525135077513797e-05
417 1.3843843305802118e-06
588 2.444452110568025e-06
704 3.1333817475828195e-06
