234 2.8193422281249587e-06
250 2.189598756138004e-06
60 8.074190100646738e-07
18 1.3964371118413724e-06
28 3.89226711576816e-05
159 4.1450426435827315e-06
363 2.3805686160232145e-05
445 1.0608022862396772e-06
176 3.2451181728171106e-06
177 2.3435202079984816e-07
419 2.924231840406203e-07
166 6.534221477600432e-07
289 2.2536187559951798e-05
356 2.9238320249107633e-06
163 2.907152406388194e-05
65 2.9310782949046795e-06
188 3.271101650981194e-05
201 5.011471141045188e-06
285 7.716623973036899e-06
315 6.665162055933873e-06
359 1.343500390623545e-05
514 4.736246891884478e-06
553 1.6355826809939797e-05
124 2.0668245754325888e-06
199 1.7317328065312352e-06
364 2.1931969125096444e-05
565 4.784935657550491e-06
362 1.2085682192252849e-08
27 1.4259734139135627e-05
556 8.431358648797624e-06
189 1.1660627275062164e-07
6 5.40425345915332e-06
86 1.0205528223961949e-07
154 9.89852579407913e-07
269 3.1871413689245543e-06
455 5.019313979311388e-05
515 7.755627284495114e-06
105 6.769550643266288e-06
221 8.846038839586524e-05
412 1.1507015066955094e-05
89 6.543115332594532e-07
91 1.5250476515930614e-07
174 7.506492937479218e-07
244 2.4694937081179343e-07
308 9.009201118034534e-05
431 6.438990827564307e-06
535 1.965061491397985e-06
609 1.0893148688715593e-05
370 3.122021713736321e-05
106 2.270796907453533e-06
393 6.492425932626761e-06
641 1.2315510525034143e-05
185 9.521443004325137e-08
246 2.236444899957568e-07
313 3.697361091294426e-05
384 7.209855425070124e-06
408 6.0740117666293145e-06
300 2.707873846694642e-05
12 1.2470683396281126e-05
146 1.7164766250738765e-10
339 1.2111296641844477e-10
428 4.3294161402455096e-09
202 1.5636710919563765e-05
45 3.590954795192513e-08
110 1.1101516298666277e-06
311 1.7022249166089888e-05
715 4.111829648493844e-08
92 1.2002395944674405e-07
97 9.717116190795826e-08
175 2.565504678674365e-07
193 1.1404115061774213e-08
286 3.277989974807897e-06
365 9.65204385353169e-06
513 7.962236162875907e-07
710 2.1188941653195737e-06
295 3.103347529210464e-07
195 5.0630643045849537e-08
421 2.59820693742478e-09
148 8.942346635988195e-08
152 3.536613522110097e-06
203 2.183267920043969e-07
406 9.68030895284431e-06
125 5.66685402328863e-06
391 9.740354054155407e-06
396 4.13471656007046e-06
140 4.2768186114357847e-10
552 2.8894066380881088e-06
566 2.291876598970779e-05
76 2.2111387851899025e-08
112 4.4597534713298694e-09
144 2.8427240164723024e-10
173 9.837419951055244e-07
182 4.2470875189951395e-09
242 5.111028139018488e-09
361 9.62495217385585e-08
368 2.4007200318682775e-11
394 4.919348322021474e-09
415 6.628595799403035e-09
427 3.090442652741322e-11
479 1.147946000865175e-09
16 1.1531622753096075e-07
71 1.1371988942628284e-07
78 2.305340833010717e-07
82 1.2295417903432926e-07
85 7.33067982866823e-08
95 2.504651156680632e-08
98 4.6656131482433594e-08
103 1.5497823179948967e-08
157 1.6743253099412908e-06
190 7.963681002943767e-07
208 1.4052566637102232e-07
266 1.188910146245998e-08
272 2.001583643829999e-08
278 6.473098508804873e-09
281 1.2401398985947097e-07
298 2.0911061284537178e-07
316 2.495922197421051e-07
369 3.1480683243374926e-07
458 1.0053406738503322e-07
462 3.262927094468981e-07
466 1.3919743877190515e-07
507 3.577619064455488e-07
512 1.4964021955454593e-05
519 1.4233228940740498e-07
542 8.754161355635724e-08
602 1.157100056060328e-07
627 2.1480847769653347e-07
77 2.211138785189903e-08
127 2.117058003690667e-07
172 1.144190755098139e-05
241 5.0991620326734994e-08
418 1.2759843888007542e-10
425 1.2377872787105789e-09
449 1.105561490321119e-06
457 3.214686893019476e-09
487 3.6892162815233595e-06
516 2.7193394258474613e-06
53 3.4491725474085516e-08
68 3.742258892517412e-08
90 3.929077338065584e-08
102 8.504454675711741e-08
109 8.115457764261645e-07
207 1.3237025758426204e-07
220 3.2665901253604454e-07
307 9.138699028660792e-08
371 1.168900871925885e-07
443 6.032379720478972e-06
453 1.1039247155400015e-07
461 5.961701689321306e-07
463 9.559308978094832e-08
506 4.74416818743946e-06
520 1.4617531047365175e-07
525 2.0343025381382045e-07
530 1.1626118239017438e-06
536 1.3867778605477334e-07
626 2.190346580608677e-07
687 1.8330435610659138e-08
2 1.0913182233535297e-07
8 2.50871629734791e-07
14 8.760833747438402e-08
22 2.986230213042228e-07
50 6.926584489944268e-09
54 4.637281330859915e-08
63 7.269610567586576e-08
66 2.0705176377972307e-09
79 1.4618176832676655e-07
93 1.27246940001799e-07
100 8.371817133635829e-10
104 6.497988618650616e-08
108 4.520781974723179e-09
121 2.1844739764537415e-08
126 3.868336492580107e-08
132 7.20781127295201e-08
134 4.415518114730748e-09
138 3.867782205473683e-09
156 9.77404021665048e-08
198 4.655782280522861e-08
204 4.952609247561884e-08
209 7.117029670553903e-08
212 2.6809668336525343e-08
214 7.771116154825825e-08
216 8.169772540498872e-08
218 2.0888775508814155e-09
233 5.6551387423597334e-09
238 1.2971681912255938e-08
240 6.296673489028026e-10
259 2.95683251755283e-07
261 2.1253748096679472e-08
263 4.5691611079603284e-08
267 1.4639752280559773e-08
270 4.766331745776118e-08
274 1.996595503793184e-08
280 9.546324444057361e-08
287 6.993827272802271e-08
290 3.157218634459738e-08
294 2.7431850907400197e-08
303 4.026038598092426e-08
319 2.5781975083462816e-07
338 1.1398332716005621e-07
345 2.8788041151657516e-08
347 4.167947795474574e-08
349 2.4725370908607812e-08
386 6.44334838256642e-08
389 6.341230192244852e-07
397 2.160123484352195e-08
404 5.101183898731034e-08
424 2.7879053403800325e-09
442 1.9766531221050215e-07
448 2.3037982638827462e-07
452 2.509567958819009e-07
459 3.377891917170916e-08
510 5.53194403993912e-07
517 1.4708494209473842e-08
531 5.435435788307305e-08
534 1.4804883241733115e-07
540 2.2884070231099583e-07
563 9.466745287974398e-08
599 1.8831002621340258e-07
605 2.280757124605044e-07
610 2.3931794760113935e-07
618 1.4485081906513647e-07
620 1.5489426989171185e-07
623 1.9985832623866046e-07
628 1.5130109823471997e-07
630 1.806125242209566e-07
633 2.1778340553157543e-07
637 1.7588255403544736e-07
640 1.5517832613368695e-07
649 4.2875481427187965e-07
681 6.741530436147104e-08
713 2.1932664576392517e-07
718 3.8304085259075136e-10
720 1.8791365362848447e-08
23 1.1335227611893087e-07
55 3.640435151322696e-07
61 3.6079655588300555e-08
69 2.047528361918518e-05
74 4.591633798485471e-07
181 6.616376302312183e-08
256 1.2000802897919721e-06
382 7.733602166923406e-07
388 2.4691304024927676e-07
398 4.5906304044682497e-07
401 1.705647896104353e-06
403 1.1897884914552936e-06
409 3.8486157248603675e-05
411 4.8786528641442435e-06
436 1.1274764610572068e-07
439 2.5585535181524796e-06
451 2.6994186447931128e-06
454 1.9859779672446206e-07
474 9.111939467941911e-08
477 7.13166820513825e-08
492 5.846963510316681e-07
522 1.4049084388109322e-07
527 7.511245095130065e-07
529 2.64752948757094e-07
597 1.2502857139419473e-06
612 1.4199103770054074e-07
616 1.3857877776743943e-07
622 2.0895593155486979e-07
636 2.7675220339038254e-07
644 3.74096874388837e-07
646 2.859217388097318e-07
648 3.0458539707656737e-07
699 3.101235945412962e-08
711 1.8984473382142082e-07
7 2.4594847399578455e-07
13 9.134462763198261e-08
15 4.5629343551761674e-07
24 3.006664609259483e-07
52 5.414611530138389e-07
62 2.532871518203889e-07
64 1.9800836913089798e-07
67 2.118792512369835e-07
83 2.5339071645366697e-09
99 5.5999268371388706e-08
101 3.6794334655323457e-08
107 4.641406877864592e-09
111 2.7467769107110917e-08
118 8.707555133621401e-09
133 7.640484210153151e-10
137 1.7527830117000865e-09
142 1.1333982953527654e-09
150 1.5898764072597142e-08
180 9.53553098544324e-09
194 1.6244590652773405e-09
197 1.741401843540606e-07
200 2.9483330265917642e-08
205 9.403748280109098e-08
210 2.596101531906927e-08
213 1.9737662507387544e-08
215 1.8104373310603023e-09
217 2.7181169762258523e-08
232 1.583431835029692e-08
235 9.12131482783618e-09
239 1.6317003592188478e-08
254 5.418104641285475e-08
260 5.451131356474572e-08
262 4.5151014808293475e-08
264 1.6668158984229878e-07
268 3.2395556316019276e-08
271 1.2917424399251486e-08
275 3.6287336485535075e-08
282 3.4050642533968184e-08
288 2.3339644517688954e-09
291 2.3174409421416617e-08
301 4.452135407825071e-08
310 1.0219087042474882e-07
337 3.560560084664636e-08
344 1.830312341173974e-08
346 1.9178260568683086e-08
348 1.3818106881791285e-09
351 7.74200447541861e-09
367 5.4198805890148514e-08
385 1.1130417819855123e-07
387 7.349630912780283e-07
392 2.418159678357264e-07
395 4.0607262135663355e-10
400 2.8051599963337534e-09
422 2.5688128471202187e-09
438 1.3747678809774776e-06
447 2.0521999204157566e-07
465 8.903292008338773e-08
526 2.0198501077052903e-06
532 2.816044488515009e-07
537 2.083130026851358e-07
541 1.0804013212676008e-07
598 1.5691677877908141e-07
601 1.5587092219052086e-07
607 0.000137834413832318
614 2.0126516023697784e-07
619 2.1900122099324247e-07
621 1.3531576917603915e-07
625 2.571811358507789e-07
629 2.2581118599872254e-07
631 1.539765530840759e-07
635 2.3487806061053298e-07
638 2.340196827184331e-07
643 1.4485013537674278e-07
651 1.2998060921725716e-07
709 8.496025296133757e-11
714 2.403413723153135e-06
719 2.0252932353809504e-08
4 3.295575492721319e-07
26 1.4734799066699273e-07
58 4.120468023441099e-07
70 2.1360091665029162e-07
72 1.1434053295747387e-07
75 1.967830257394541e-07
81 2.2522250537922468e-07
84 2.0890733638795174e-07
119 2.4480120618191944e-07
151 1.3120970273728045e-07
265 4.797979966221098e-08
273 1.0645005102780802e-06
279 1.2117105378355278e-07
309 1.4610192768566122e-06
399 3.969707467224507e-07
402 3.247670904802048e-06
410 2.0894180419025055e-06
430 2.056647430853178e-07
433 3.9228730445219536e-07
437 1.2289288356559774e-07
456 2.6070177362907027e-07
470 8.364184433535675e-08
476 8.86884296819996e-08
497 8.912001397993551e-05
511 1.6643537174399779e-07
528 5.851251949133872e-06
551 8.273646994944157e-07
600 6.67326822627154e-08
606 2.814817634373279e-07
611 8.606307677350407e-07
615 1.484052041435092e-07
617 1.1736493451208735e-07
632 1.0272814436835722e-07
639 2.025245390227102e-07
642 1.6353460205199205e-07
645 1.1000187724595956e-07
647 1.7071422898671785e-07
712 8.499910397161209e-08
407 1.1405040739687823e-05
489 0.00045103050013300456
