0 0.00026774567761045056
1 0.00011308518409277941
3 0.0001130777661255866
9 2.4887230828029912e-05
21 5.38841038135565e-06
29 0.00016542013133272
32 7.702027451107371e-06
34 1.5659101728438533e-05
35 1.1499370783309976e-06
41 2.5214715931563293e-05
42 4.431421790240747e-05
46 2.9083654159111404e-05
47 4.089280140916991e-06
48 3.8129952982980225e-06
120 5.889500954447381e-06
145 7.527755736025498e-06
147 6.279163187168337e-07
149 6.9998521692091216e-06
158 1.70883351848771e-06
160 1.5227383236196851e-06
165 2.2964028505421037e-06
170 4.538205263785064e-06
225 4.1770956340487916e-05
243 3.5253881523168036e-05
247 4.202951374644424e-05
252 3.592432845693585e-05
257 2.068318762309707e-06
283 5.127727087248095e-06
328 1.1077845889524423e-05
352 2.0054200589652888e-05
379 1.643075971718472e-05
480 8.258942727196697e-05
484 9.86185037760776e-05
485 0.00013033475111982334
486 0.0003989873081850156
500 4.638617392270177e-06
503 3.709892573743933e-05
505 8.629764613736665e-05
524 2.3891774223329618e-05
544 3.418712750406282e-05
562 3.1536633278050026e-05
564 1.6162111705213136e-05
593 9.812844678947167e-06
594 1.0397746089164054e-05
665 1.1876925213185214e-05
667 1.3495058693211238e-05
675 3.601993955545773e-05
547 7.999703950982346e-06
139 3.8424211026268756e-07
306 3.063345203464449e-06
57 3.4013056486611525e-06
302 1.3004697011320988e-06
342 7.118042184965879e-06
575 1.8205561349564026e-06
117 1.272528735982016e-06
420 1.1562707474085068e-08
383 5.250642851822504e-07
114 2.9341293772694265e-06
603 9.411580878229921e-06
374 3.82899427049354e-06
135 1.9362977934079072e-07
332 1.7709960020225306e-05
