37 1.8142278037294627e-05
502 5.090825298562127e-06
251 5.612445742043006e-06
305 2.5269433748767497e-06
592 5.346647959645763e-06
685 2.001311520301906e-06
11 5.593162300180352e-06
39 2.1584432557339132e-06
59 1.3431959704509096e-06
323 7.315167678881453e-07
373 3.9807684174001764e-07
468 6.953078724978366e-06
582 1.8841284675243778e-05
604 1.5963332469464515e-06
33 6.525360905089417e-06
43 1.9574497184503685e-06
113 1.9186331317296547e-06
171 1.9808162859030056e-06
296 8.18241507388355e-07
324 8.117082881409406e-06
334 3.135205759563017e-06
336 6.58233302336159e-07
353 1.5161617005022e-06
366 2.508327792500467e-06
380 2.4503917703546128e-06
416 2.231285122854602e-06
464 3.6435649151703803e-06
543 1.2995967717285018e-05
546 1.8984020065824823e-06
567 5.744051046251305e-06
571 4.877771424949507e-08
576 3.1116882143216235e-06
580 2.8634947415577217e-06
583 1.0467675405631517e-05
596 1.3216056626749084e-06
613 2.2937080057869348e-05
634 3.646350004269956e-07
661 4.755817929297021e-06
663 1.9619381087896723e-06
671 6.66360202720339e-06
673 3.0809306045017028e-06
677 1.5420754271684593e-06
684 2.3301610201864873e-07
690 1.0864441971685081e-06
692 7.065580146009689e-07
703 2.2635658136854383e-06
322 2.5026110916444113e-06
330 1.7525924358648574e-06
378 7.994476096952188e-07
460 2.3195373660840814e-06
521 8.733251249848903e-06
557 7.941183155648437e-07
590 9.72579256493643e-06
676 6.640775921581786e-06
31 1.792186733967059e-07
36 3.7120549997075155e-06
40 3.370006994526681e-06
115 2.6118221673462105e-06
293 5.613813302167411e-07
317 6.66941196045041e-06
325 5.921529450449173e-06
354 1.6961734806703022e-06
358 2.5584457536781153e-06
377 8.853115311349371e-07
414 8.02269868697871e-06
490 9.235424226389691e-06
498 9.753710075139136e-06
538 9.723529018961917e-06
545 3.524964304819838e-07
555 3.228069990453036e-07
560 1.0913559389918812e-06
577 2.491731371845312e-06
579 5.796525666637001e-07
581 9.216177449934127e-07
624 5.684230453277033e-07
650 1.044984816501495e-06
662 8.231930113390309e-06
664 3.7403738602118284e-07
668 4.79439878378676e-06
670 2.4858023021473408e-05
674 5.425489680750156e-06
691 4.651010279955172e-06
587 1.9933706476495676e-05
483 3.328640955055686e-05
