16
0.01760763995034314 -0.03331458723120962
0.019656114196647787 -0.020979162100034674
0.03238727549956933 0.010323997368774656
0.039402129101084746 0.024891775247393482
0.008166886647585211 -0.029007594000612574
0.00939195557736176 -0.017779488018601783
0.018644724677792258 0.012458489774940499
0.0242294746103755 0.025811401261199466
-0.00806211881725942 -0.025385847102265963
-0.00989242315493414 -0.01267526694553819
-0.010886466816565316 0.01766398722206572
-0.0006145187537829956 0.0309240653966588
-0.017084659941303 -0.024810901420151264
-0.01854055196210213 -0.01017704317298085
-0.02372427366074478 0.02151616749584026
-0.013347596421207463 0.03646284721756083
