16
0.01296236423272326 -0.0011258649711562492
0.011650566468043622 -0.002221624700051411
0.006735127424788846 -0.009174152171675283
0.0025998707011073837 -0.010539096330837345
0.012385110394848919 -0.0017918632582605493
0.012165314763537093 -0.001414210962514159
0.009592971604320252 -0.004513264033673898
0.006851331253726735 -0.003960924546862407
0.012041550474510703 -0.002115029124225595
0.012817106265707881 0.0016030332297286886
0.01447688801403667 0.004693037648241422
0.014771317870374593 0.008603274471792245
0.011932262874393628 -0.0018983718404030829
0.013240460108656147 0.0032272069381079306
0.016873550546039177 0.009162657414060572
0.01889973891557207 0.015333273119047862
