16
0.025069931838251427 -0.002889173668194425
0.027459463715573076 -0.002330775957764386
0.02667862647902506 -0.009180549662703819
0.025881385079159984 -0.010606485384870372
0.025212508243759896 -0.00109471108930971
0.027381731115581877 -0.00021252648739440757
0.026995841162134788 -0.004918736136595342
0.026086291756241844 -0.004027249457236105
0.02547552006235193 0.0022706771637097667
0.027105758993322873 0.0036837921845851935
0.027717697075110286 0.002926991329688492
0.02609366954539655 0.009094044778358585
0.025468691719338507 0.0042584055101116455
0.02710999709000046 0.0058053057964601385
0.028068224710012524 0.006567261571807553
0.02622513233232408 0.01543385626768954
