16
-0.017371984588257287 0.027057180591871777
-0.01695974354300364 0.00956157510896074
-0.0083076438636779 -0.014816674850257682
0.007293896356971869 -0.02363557222016625
-0.0069986723276386055 0.02514848031602077
-0.00682122854118149 0.01058726889842532
0.0013213666118432343 -0.012194846066120311
0.016389233661512563 -0.019871609622503422
0.008354509380823284 0.025459535969530708
0.011579721109271739 0.012647511984552304
0.021163062685323 -0.008017564028009426
0.03357791156057495 -0.01586346938828599
0.01676542288022598 0.02751638048322453
0.020121990404379373 0.014114999187003145
0.030628936065317802 -0.006785856339637609
0.04444033193144252 -0.015090476881321764
