16
0.003970299905911236 -0.003967397826458028
0.001986924271677273 -0.002956145431878635
0.004863143239788648 -0.003577549751689038
0.0075429118586534975 -0.003967096611200477
0.003778425865364922 -0.0024501618358758544
0.0014776433585032718 -0.0018192626660132282
0.003100940427049664 -0.001536639465931043
0.005459495355669439 -0.001335487623310349
0.004307139450985818 -0.0006640182030316321
0.0023344317356244148 0.0004199102042018474
-0.0011128752326548426 0.0029460692531570625
0.0021942395251960656 0.0037202570082929716
0.004804504489715782 0.00026997923070466614
0.0023820070322553514 0.001586000944319945
-0.003151624214167981 0.00511495234661661
9.087539218639387e-05 0.006564622110513012
