11 5.354634540618376e-06
33 6.74016227968448e-06
40 3.788213676452066e-06
43 2.3675904035672703e-06
59 1.3002027861103364e-06
171 1.9230720777364995e-06
296 6.964127032943839e-07
305 2.2813194166687645e-06
322 2.2741061022504137e-06
325 6.081678087309875e-06
330 2.050588275667975e-06
334 3.7761550401680224e-06
336 6.858557591411266e-07
353 2.075551288220985e-06
366 2.148127423220484e-06
378 7.552178273368194e-07
380 2.5198598787591467e-06
414 7.713057418044375e-06
460 2.2568557908283155e-06
490 9.087068930503025e-06
543 1.4207392510209659e-05
545 3.8828621421852404e-07
557 7.812475841489849e-07
571 6.310260654477328e-08
576 3.873846614237955e-06
579 5.97282508651659e-07
581 8.8724582331587e-07
583 1.2038110265092637e-05
596 1.5318414444699325e-06
634 3.6421241947818773e-07
661 5.496525289225745e-06
663 1.8463554926098624e-06
670 1.962472454858773e-05
674 5.998186278256406e-06
684 2.2073914657839293e-07
691 4.38814713851816e-06
703 2.0878472664213623e-06
36 4.947380043187744e-06
317 6.8062125757834035e-06
495 4.1864052741294904e-05
521 1.2262411665241033e-05
587 1.7168102910350105e-05
31 2.0051236471074078e-07
39 2.7356529617776684e-06
113 1.4185797838655488e-06
115 2.5089543984226428e-06
293 6.037768363701576e-07
323 7.044314321342703e-07
354 1.9400315707255125e-06
358 2.576703678469813e-06
373 3.6796125869498654e-07
377 8.85622531173262e-07
416 2.124417927589145e-06
464 3.5442049478058575e-06
468 7.722155338973923e-06
498 9.43148525457079e-06
546 1.7926767688418707e-06
555 2.8940263415024444e-07
560 1.0987330399246117e-06
567 5.577044666912273e-06
577 2.773641205408422e-06
580 2.9891121878035282e-06
590 1.321577018869007e-05
592 5.519809982700688e-06
604 1.5149168725675581e-06
624 5.285900126495189e-07
650 8.45362092879164e-07
662 8.660927637687093e-06
664 3.8459621462599294e-07
668 4.389948689990704e-06
673 2.2004324236839907e-06
677 1.4164302295990765e-06
685 2.016416627596784e-06
690 1.1573299006134672e-06
692 7.272495001256837e-07
324 7.847998706974587e-06
613 2.5843175830476067e-05
502 5.943479962077742e-06
538 1.666858602839297e-05
676 6.656728038811858e-06
251 5.993746883073719e-06
582 1.8663078074021956e-05
671 6.946015503110453e-06
37 1.6697634440312287e-05
170 5.418613986824249e-06
