352 2.157413361490012e-05
48 6.604836538471837e-06
603 1.0466441142183226e-05
667 1.5104826426598228e-05
593 1.1483782078261076e-05
149 2.037951391890603e-05
35 1.40380902033422e-06
3 0.00017478219902525676
252 3.893985134132806e-05
247 4.9213253699697424e-05
1 0.0001623851348935937
165 6.115607697683166e-06
665 1.4678757914525686e-05
29 0.00023791370333323806
158 4.856860382293299e-06
484 0.00014262692531885707
300 2.653412499001453e-05
250 2.09909173189229e-06
199 1.2478861019683296e-06
125 5.598417921662638e-06
524 3.115387914225307e-05
57 3.298932305901242e-06
135 1.6794626052383467e-07
514 4.611611241408585e-06
139 5.264393201492896e-07
359 1.3072402438273855e-05
60 6.903881063491431e-07
105 6.500210064653272e-06
497 8.723867298183964e-05
6 4.434171451061262e-06
201 4.5049257884415504e-06
315 6.001307956660192e-06
445 1.155044048557626e-06
431 5.789250245414673e-06
409 3.901506979209907e-05
607 0.00014918837246792607
383 4.975773847921129e-07
189 6.104519610884449e-08
566 2.2871921282059e-05
512 1.550863227727236e-05
419 2.696655574913777e-07
27 1.3407552026022701e-05
556 8.744427255390252e-06
609 1.0399432563906513e-05
177 1.719665268203456e-07
313 4.60464932178064e-05
362 1.0120917725435983e-08
86 4.033762319671279e-08
154 6.950870109027254e-07
185 5.414483644738803e-08
420 7.353690545932307e-09
244 1.8268190638836516e-07
393 6.0473416995458165e-06
641 1.1646934982944388e-05
202 1.5283686782324776e-05
89 3.033454325162318e-07
195 3.734458625093421e-08
339 3.630859410614272e-11
152 3.232852169712553e-06
45 2.7534635110287678e-08
91 9.9521775259582e-08
146 8.824053907907639e-11
193 7.560213496089404e-09
246 1.645183427456767e-07
391 9.273299557114471e-06
396 3.816969654335788e-06
408 5.624887318405821e-06
106 2.160854388232484e-06
97 8.805167466666284e-08
384 6.8428879317722405e-06
428 1.166497850087566e-09
513 8.245909974179584e-07
535 1.9587992398031783e-06
269 3.0872605211982107e-06
286 3.6110928741140583e-06
528 5.7311667691446575e-06
443 6.592362169881476e-06
84 1.844428642410568e-07
406 9.453542816683022e-06
449 1.0187154792432556e-06
295 2.9597244069230944e-07
456 2.6592657769734446e-07
710 2.1263152181619707e-06
402 3.1386601743274065e-06
311 1.795693325752765e-05
410 1.968886484569119e-06
92 1.4693509518525075e-07
148 9.373937440168702e-08
597 1.8262392352348603e-06
203 2.3338648044459202e-07
401 1.6729457949323787e-06
715 6.209850347837224e-08
70 2.77435636217302e-07
421 4.606396946155595e-09
72 2.4733220044989574e-07
151 1.6731403543450012e-07
712 1.9295268288447168e-07
