547 9.552838830817162e-06
163 3.094149240767433e-05
679 9.656548781598691e-07
114 2.6875920778025873e-06
117 1.047203163038886e-06
257 2.413032142091502e-06
25 3.2764949683711564e-07
308 9.135096847236446e-05
370 3.254081898843543e-05
285 6.4814520656316754e-06
559 3.540755581042131e-07
65 1.7053967611382388e-06
124 8.010950487873121e-07
234 2.0863590269342005e-06
364 2.360386292783083e-05
407 7.021898091695086e-06
455 4.4345810513811045e-05
565 2.1642402760117225e-06
116 5.65551464408267e-07
128 1.3942416482803419e-06
276 4.2061336005130353e-07
472 7.774526591668688e-06
515 3.61969805287238e-06
568 3.576170284963285e-07
591 2.7612443276668283e-06
682 6.530697835856762e-07
226 8.788586250589278e-07
356 2.714777624739162e-06
375 3.528816938843549e-06
423 1.497238129359793e-06
706 2.713790716088042e-06
578 8.343318446550113e-05
253 2.7959696914271886e-07
561 7.063156531204545e-08
494 1.1509235172087808e-05
523 1.877285327225125e-05
183 2.525507581371451e-06
289 2.1437377577026382e-05
326 2.8470206655150557e-06
595 1.7286277334882556e-06
350 6.419629858587631e-07
357 5.07261179952338e-06
701 1.1381100807258222e-05
155 3.691567596548586e-05
574 0.00011009522789428897
446 6.432868374815962e-05
164 2.4478436172743157e-06
489 0.00039843652235236287
553 1.4277969094628615e-05
569 1.3810452322105052e-06
10 0.00019871353242425734
38 5.4958631190982115e-05
17 8.419679157262386e-06
548 2.6674952938396204e-05
153 0.00011126524542682841
161 5.511443691243746e-05
329 2.3133420192373582e-05
5 6.549920918740919e-05
169 4.3008835131636285e-06
491 9.301105056964599e-05
518 1.7260583023998773e-05
122 3.820740889255153e-06
96 3.197544324008567e-05
429 3.5670240026731197e-06
87 0.00015825800188473888
360 3.831947346563973e-05
192 1.295134681819849e-05
211 5.259207154558188e-06
