52 4.3189155186787425e-07
127 2.140316394360925e-07
212 7.881952244385253e-09
492 4.2216829862082067e-07
630 7.438480499289564e-08
2 5.9396216293133804e-08
8 7.585753041414753e-08
15 2.6199940574235244e-07
24 1.1318428407099751e-07
50 2.34497292235563e-09
62 1.9458700115684035e-07
67 4.230731293550744e-08
78 1.265257267956203e-07
99 8.769519632242093e-09
107 6.844033065533174e-10
126 2.6138890749759162e-08
137 6.952470233387859e-11
156 3.571060143842871e-08
190 7.846170621548019e-07
204 6.766724473503082e-09
215 8.228050470776103e-11
238 8.997371027921444e-10
256 1.1384879692832972e-06
262 1.049946485785679e-08
268 5.441535453275477e-09
274 5.229507593033126e-09
282 4.654521645688366e-09
291 4.802005701792181e-09
347 7.931922724814033e-09
389 6.036181246224564e-07
400 1.4099336933324443e-11
436 7.04785907853853e-08
474 4.932439809033187e-08
522 1.7764925017371375e-08
529 1.8914564978308732e-07
534 7.775566547666807e-08
551 7.322653113149209e-07
602 6.18009040357463e-08
614 4.988719200315502e-08
618 2.0477305896323872e-08
622 9.203494076122141e-08
633 4.31660556081637e-08
638 4.655391640154099e-08
643 3.0582368880994846e-08
648 1.8509952741510707e-07
681 8.614392690523503e-09
720 3.214360545603944e-09
197 1.6623335148665837e-07
210 8.789352135876843e-09
213 1.386957512085857e-09
307 6.456387208066191e-08
367 4.60036546184169e-08
387 6.510386533979937e-07
394 3.4681147005939667e-09
600 2.005361403218027e-08
4 2.831857960511262e-07
7 7.025603718635866e-08
14 1.2748764079664112e-08
23 1.50501210528454e-08
53 1.9315346157645685e-08
55 2.8476998094304403e-07
63 1.709079814840548e-08
66 5.3618073719626825e-11
71 8.026975315689374e-08
77 5.529423734269345e-10
79 2.7002976941742824e-08
93 6.947034639232415e-08
101 2.2262113377223133e-08
108 4.28869015111077e-11
118 5.835692403504987e-10
121 9.12257654650247e-10
132 4.4176511355511784e-08
134 4.3748120858814614e-10
138 2.8495531166545197e-10
150 2.2990538682238008e-09
157 1.6097028087643037e-06
194 1.2659685386726865e-10
200 1.6047276490274164e-08
205 5.7480667313590497e-08
209 1.0457791879406276e-08
216 4.9924341931235557e-08
218 1.3222998437374862e-10
232 4.283061829137649e-09
235 5.21289273713442e-10
239 9.561904458101635e-09
254 1.2574674782962141e-08
259 2.4766407566717005e-07
261 1.4289857373416551e-08
263 8.074311725851264e-09
267 1.0335958922052504e-08
275 5.132337420734079e-09
280 5.213930214331128e-08
287 1.613706883144495e-08
290 5.128933578822392e-09
294 2.9432900155960484e-09
303 6.3534582846273665e-09
310 1.0794975418200396e-08
337 3.978887180613637e-09
344 2.824013938443946e-09
346 2.8111676166901274e-09
348 1.715505845956115e-12
351 7.938884245011125e-10
386 5.84993227656918e-09
392 2.030004790273383e-07
430 1.0571606855825972e-07
437 3.266027570734653e-08
442 6.453949624120393e-08
447 3.917046117705932e-08
452 9.781890761300552e-08
454 8.294467066905295e-08
459 4.856518736049691e-09
462 3.092746437226647e-07
470 1.7252686798791306e-08
476 2.3095343102045616e-08
510 4.2783346972987487e-07
519 1.2657157962803206e-07
527 6.77765871272339e-07
532 1.848155670021855e-07
537 4.4409591888205886e-08
541 1.8273859143052585e-08
563 2.6442753888990024e-08
598 8.190079846332587e-08
601 3.247490625169875e-08
605 5.459619143423922e-08
612 6.201184724084944e-08
615 2.492546276906063e-08
617 5.4662019146566696e-08
619 8.472800717231615e-08
621 1.7831526758937936e-08
623 9.011848708142614e-08
626 1.3242447491504768e-07
628 3.185893874508068e-08
631 3.739299319844814e-08
635 4.6784525105459555e-08
637 4.017674428210878e-08
639 4.9048562032425206e-08
642 2.123150472833938e-08
645 3.3331502377680494e-08
647 3.110029597249615e-08
649 2.7052836377498614e-07
713 4.1540235948831126e-08
719 3.2710584555094145e-09
173 9.850246935668546e-07
180 2.881212374420844e-09
214 7.092052504083126e-08
487 6.74317469158171e-06
507 3.098729964965939e-07
714 2.1803904103639142e-06
13 1.4854644129607344e-08
22 1.1278463983351205e-07
54 6.1974120785743684e-09
64 1.3920780917737755e-07
76 5.52942373426932e-10
83 1.255866478596691e-10
104 3.938959207540813e-08
109 8.1183083413925e-07
119 2.2187904223362364e-07
133 1.0713329693113432e-10
142 5.024938811209601e-11
198 8.616548326388511e-09
217 5.887374388470147e-09
233 2.7134754940591086e-11
260 1.1948437732121289e-08
264 1.4270188556440244e-07
270 3.059507059609116e-08
279 7.97197316387109e-08
288 2.1716722336887695e-11
301 7.440619112470562e-09
319 6.5139407209703e-08
345 8.052298097856943e-09
385 1.4723952200268066e-08
397 1.1816856183886152e-09
404 6.902359510502205e-09
422 1.262570143268038e-11
439 2.419349524245923e-06
448 5.402410486814721e-08
465 1.7902672378311096e-08
517 4.154622042702492e-09
526 1.8837815830019002e-06
531 2.9520518286452957e-09
540 6.456295238268331e-08
599 5.996170470324429e-08
610 8.176773091114607e-08
616 2.769785587887089e-08
620 1.8754506036266198e-08
625 1.1962964323775005e-07
629 4.2851969169378914e-08
636 9.023341517040721e-08
640 2.667237477656058e-08
646 8.774565406335033e-08
651 2.550918667101499e-08
718 7.022374228768719e-11
12 1.1703278021072535e-05
365 1.0610892436049075e-05
552 3.030796861212997e-06
159 3.996888101355537e-06
309 1.3413737679781517e-06
172 1.2083345367383739e-05
75 9.864080550661987e-08
644 3.1593209082677256e-07
26 1.0901491331934475e-07
112 3.5474631563997374e-09
111 2.4686528917765515e-08
530 1.1633143402947968e-06
271 7.580724374172774e-09
606 2.5460210942731027e-07
516 2.9107529180874674e-06
520 1.3231703201814423e-07
499 0.0005165400939954127
405 0.00010311575477646121
100 3.950961273579044e-10
240 5.598471039262077e-10
395 2.1046263981508648e-10
403 1.1391914381803457e-06
415 4.314900138167464e-09
453 9.104987958833713e-08
627 2.0079064598074824e-07
463 8.501969813544044e-08
361 8.958151887750206e-08
349 2.0139727866241225e-08
632 8.65771602661472e-08
61 3.489976676845872e-08
338 1.1329690691686804e-07
424 2.6684869534162175e-09
368 3.3839024786504014e-11
709 7.756449687558095e-11
241 4.989394369826612e-08
575 2.4810061745966985e-06
242 6.171594163200779e-09
69 2.0947197920508736e-05
711 1.79590991282186e-07
438 1.5815368023787117e-06
399 4.63877558573442e-07
363 2.549291045904658e-05
418 7.575389465000418e-10
461 6.199407662398356e-07
272 2.3985115127258666e-08
90 4.731704078228788e-08
207 1.3814591946532392e-07
458 1.3609184687913727e-07
316 2.77304269304474e-07
573 4.910601837462174e-05
188 3.2782598941060314e-05
85 1.0541465375238241e-07
182 1.0495504592112387e-08
82 1.8432759898516237e-07
266 1.9702638238940594e-08
281 1.338068046457077e-07
398 4.5996487504333357e-07
208 1.504446722707024e-07
425 2.82900045775246e-09
433 4.3292378484180215e-07
103 2.4876827346522025e-08
481 0.00018273495540776865
220 3.30201997710165e-07
611 8.787142739019764e-07
371 1.3092609080456248e-07
98 6.933143503064796e-08
110 1.0961953245357873e-06
273 1.0109879193515782e-06
382 7.6724902246606e-07
68 8.571929110568822e-08
388 2.7084071434227554e-07
95 4.917757663283107e-08
427 2.538092693379508e-09
506 4.931663264142776e-06
511 2.6879939769850107e-07
525 2.978987496022688e-07
699 4.541976769028792e-08
536 1.9479502577343336e-07
457 4.388729741686503e-09
168 5.1065910343452394e-06
166 6.887010820753058e-07
174 7.206487826521805e-07
175 2.555624554852085e-07
298 2.186210810787894e-07
102 1.1195017101654415e-07
181 7.360717194688801e-08
369 3.247068418494559e-07
265 8.008318834580186e-08
16 2.2186169633202676e-07
81 3.3765178303702097e-07
451 2.8206353193843167e-06
278 1.969543385227171e-08
687 4.2377562594292156e-08
477 9.105191226820126e-08
466 2.4831102855167214e-07
140 2.4354441168035373e-09
411 4.778577737039348e-06
144 3.4787470160786955e-09
542 1.7240030265435756e-07
58 5.179832270625955e-07
479 1.1371095354378058e-08
74 4.934067210542197e-07
28 4.01541484782976e-05
18 1.5014448380835921e-06
669 2.8830747971946087e-06
