0 0.00030150607072792026
21 7.468288943903469e-06
120 7.446553713401652e-06
160 4.420848513980403e-06
243 4.8867136266142824e-05
302 1.191813399994684e-06
342 6.914412527487643e-06
412 1.011240687995073e-05
486 0.00036752886342045676
564 3.1796008829672486e-05
32 7.853912590344972e-06
145 1.1752727005509676e-05
680 3.2497883275454654e-06
34 4.281976584335023e-05
42 9.756043891312838e-05
221 6.774074478876512e-05
306 3.0675818025710433e-06
328 1.1916507398825083e-05
379 2.5052179229869448e-05
488 8.829499435517233e-05
544 4.905314753471777e-05
225 4.5249245079155476e-05
480 9.082669714996238e-05
659 2.3794021121630476e-05
485 0.00012991007350442911
47 6.675717550225105e-06
283 5.902749661716995e-06
332 1.7414005234553462e-05
46 4.465405639985521e-05
413 6.268869880250639e-05
503 3.2824106495631964e-05
292 4.6632151070899654e-06
372 6.660941841077226e-05
297 2.6957188239828726e-05
562 2.514721139694388e-05
9 2.4926301190507252e-05
312 1.9999622954820757e-05
374 3.661120029734866e-06
549 0.0001236382662206095
554 7.522485637831433e-06
675 3.3629610287095795e-05
539 2.1175443130809154e-07
435 7.049388339620383e-07
80 4.825845939899929e-06
147 8.920101784123495e-07
123 9.394912902111778e-07
500 4.821601658955927e-06
41 2.913011348863006e-05
143 1.4948019773660944e-08
184 2.560360522600918e-06
505 8.386758986052524e-05
176 2.169875016957377e-06
417 1.3516820790819557e-06
558 3.008934317938301e-06
533 3.745360133238637e-07
493 1.164358258974116e-05
504 4.190585882179223e-06
707 1.8048203263777516e-06
245 2.7968466392503723e-05
702 1.2504422919314496e-06
343 1.0163373944667838e-05
191 3.4445475586594754e-06
73 6.0662406090562676e-05
248 1.3493464859060117e-06
482 1.1982565317097475e-05
