340 4.4510779717574576e-05
331 3.4338844119332683e-06
19 2.979070308809538e-06
666 4.860437071565621e-06
689 1.3473785174311388e-06
572 1.1547015945174648e-07
697 1.1176187959908274e-06
483 2.8016124475710044e-05
441 7.995565760508458e-06
49 2.0291805777011846e-06
432 1.4298063318101134e-06
450 5.3497177076905095e-06
678 5.469278080156161e-07
44 3.6426582660849814e-06
187 3.3262800980359637e-07
223 5.607215777740497e-06
550 2.946271907260527e-06
700 2.2423607881242517e-06
693 2.7793743695586145e-06
51 4.802087323477498e-06
655 6.0188965254317706e-05
167 1.0458588633052403e-07
186 1.150381741332016e-06
224 9.928185218417654e-06
227 1.4012999536125841e-06
236 3.894991453699083e-07
586 3.870157952999348e-05
694 1.3244408685274196e-07
698 2.5062390362496206e-06
219 1.580770490501296e-05
136 3.5716790979638186e-07
179 3.551034905035221e-07
206 1.5054545217421405e-06
230 2.4011684941211984e-06
255 4.036583009425491e-07
284 2.361081900785167e-06
335 4.451779053415059e-06
341 4.338514219537539e-06
381 1.1219773959975108e-06
570 1.0022094856861339e-06
585 2.6754422498650333e-06
656 1.0133503889376466e-06
658 1.9105743045160717e-06
688 4.911503589940495e-08
584 4.088183494674822e-06
30 1.8745902859358176e-05
130 1.1556239545290539e-06
222 1.6399638702317935e-06
390 7.862125457753097e-06
508 9.396574542522515e-06
672 0.0001029273163342091
686 4.669294162903893e-06
696 9.591970211934108e-06
716 5.761984410989334e-07
20 4.474967647927036e-06
228 3.2427864592730354e-06
237 2.2232977181907225e-06
594 1.0335432211791144e-05
660 5.856856453735357e-05
704 3.608984824684972e-06
88 5.018276971187821e-05
196 1.4228089468269214e-06
229 2.156349225295667e-07
299 6.386101115069646e-07
320 3.799524535503756e-07
327 1.938939701989749e-05
355 7.768831670194395e-06
376 5.877632675018695e-05
426 7.975310715046392e-06
496 6.07449913984118e-06
652 3.3334771837178334e-07
654 6.088793932122642e-05
94 2.1315837266272335e-06
129 1.4936900084879458e-06
131 3.386997631610055e-07
162 2.3349448861882987e-06
258 5.575090326867502e-05
277 3.9954892897649975e-06
304 1.7371119131801317e-06
318 6.684899604526002e-06
333 7.127580719591499e-08
434 2.13719371850279e-05
440 8.342734927412868e-06
473 6.498493932142265e-06
509 1.1225068455468141e-05
588 3.4873490191339745e-06
683 2.4707505218975725e-06
708 6.624784686662865e-07
717 2.8508288355396065e-06
56 1.2335142900649728e-06
178 4.6768073893350023e-07
231 2.2694088973810977e-06
314 9.28584442035871e-06
467 5.691675243545187e-05
469 1.5333746831432346e-05
475 1.3937863059486881e-05
589 1.1736705532917829e-05
608 9.61189866495011e-07
657 1.0672876189806182e-05
705 1.0704684386455459e-06
141 1.5220689751759124e-06
249 4.0480303655664557e-07
321 7.00252103936916e-06
444 2.6705380304171092e-05
471 2.1537559875253835e-05
478 1.3907399785435845e-05
501 0.00011449512565786036
653 2.934150452486127e-06
695 1.363487594915655e-06
