297 3.2919675700692706e-05
128 3.641185742042906e-06
224 1.352444897841536e-05
472 6.792231753390087e-06
539 6.424201287208646e-07
669 2.3993329114934713e-06
695 1.7669540001899437e-06
80 5.516254819424034e-06
120 9.11040480516581e-06
206 2.3051347924152915e-06
251 1.876831142461766e-05
283 6.415473767065315e-06
302 1.8595483554799686e-06
332 1.6944685055350482e-05
500 4.947010973222616e-06
565 7.486090513104304e-06
574 8.476483073642215e-05
682 7.39462578159277e-07
701 1.5592029781558634e-05
0 0.0002836693355168694
5 6.066492685546759e-05
32 8.609653947181889e-06
47 5.7936050979386235e-06
124 3.844102833470656e-06
258 4.8869781762458245e-05
312 3.581461353360361e-05
342 8.134026140293852e-06
412 1.1992012383612974e-05
488 8.466289592168231e-05
515 1.531609919321232e-05
675 3.8862127031420507e-05
36 6.764283160769884e-06
48 6.058853625103999e-06
123 4.463784860022649e-06
183 3.551954688411291e-06
192 1.372195540931532e-05
242 1.308318041473886e-07
247 5.965799345503289e-05
276 1.776296480202897e-06
356 2.7062842381069934e-06
370 3.2269849956458214e-05
379 2.2206262704771382e-05
409 3.563677347275363e-05
435 8.168410103121592e-07
446 7.923813297496577e-05
485 0.0001534928967973897
497 8.571334578200723e-05
502 1.2197624028158703e-05
503 3.82537782949103e-05
520 2.0888679389013087e-06
533 7.850106517524365e-07
547 5.68481711527103e-06
562 2.8894936683424348e-05
569 2.105689805782129e-06
593 7.70530015835376e-06
679 2.3821281109557333e-06
40 5.649744305862672e-06
116 6.920280542824944e-07
133 2.636125565411058e-08
143 1.2955588582244613e-07
176 3.351600640827147e-06
226 1.1416378588980448e-06
269 3.3500305112419905e-06
270 3.7413982515801716e-07
300 2.696301378918038e-05
315 8.844296803337165e-06
375 3.688718546754694e-06
486 0.000339824374296152
512 2.00333206858831e-05
516 3.819385247488247e-06
519 5.694010144030047e-07
549 0.00012602923373152976
551 1.1499667400370599e-06
563 5.062360285856635e-07
659 4.2783372999078585e-05
665 1.3940736302459272e-05
693 3.026403154882509e-06
719 1.4828727482032017e-07
216 4.3453067810774575e-07
403 1.6416654538037123e-06
457 1.4815887804280497e-08
3 0.00013496997519777028
14 4.890806253860158e-07
25 3.9995656360794844e-07
35 1.1875943632446753e-06
44 4.146900658979767e-06
57 3.3914518830814165e-06
87 0.00017626818019781336
95 4.5226038718631403e-07
97 6.350448275707683e-07
98 5.354725951784414e-07
102 5.061884181247354e-07
105 5.47581037278723e-06
117 1.7400685559264713e-06
135 2.6084493958493996e-07
149 2.0388606162046235e-05
152 5.157902771443714e-06
154 1.7095240040427933e-06
169 3.50373671595437e-06
172 1.0853080627440145e-05
191 5.358537784139799e-06
220 9.70015216456493e-07
230 4.245888268896967e-06
244 6.307250083714495e-07
246 7.114588027822836e-07
252 4.025133753891269e-05
271 2.893616039726462e-07
278 1.8606856619599176e-07
328 1.0921823332983382e-05
359 1.1563395663400377e-05
362 1.8186637761008717e-08
363 2.7787258110379824e-05
406 8.574699494801227e-06
413 6.529696515296136e-05
420 2.5925236306785697e-08
431 7.938315872605554e-06
459 1.7674363070928497e-07
513 1.8699018724995672e-06
525 1.1845550656165483e-06
528 7.63465244694523e-06
548 2.4051142297761855e-05
554 1.4706430811169209e-05
607 0.0001188326226460565
666 5.8502563863039625e-06
715 4.7570724246919947e-07
77 1.9350045435107296e-07
156 4.833301349726261e-07
596 3.733096280676785e-06
7 3.321368252976179e-07
8 2.140408905088886e-07
13 3.950072489862855e-07
18 1.2603686494416188e-06
54 7.906819938331478e-08
61 2.3520553890733067e-07
66 7.830994788570376e-09
83 1.678881978710091e-08
90 2.5847010711372325e-07
91 5.511394869051611e-07
92 4.964841720661775e-07
99 2.79182115880155e-07
100 1.5918381488388603e-08
103 1.6085331616941437e-07
104 9.878656403845233e-08
106 2.4247375861665716e-06
108 4.0242132058762116e-08
110 1.0629427532601954e-06
113 4.727509247857665e-06
134 1.9889857668171947e-08
144 2.1746075016689486e-08
148 2.045561734894495e-07
159 3.5354528278181673e-06
166 6.059282813773428e-07
202 1.3897819215724966e-05
203 6.407650228847646e-07
207 4.184131899925145e-07
208 3.992189906016761e-07
210 6.334347431075029e-08
212 3.1841067952790553e-07
213 2.1895487739165172e-07
217 1.0130849391669644e-07
218 9.485632948737531e-09
233 2.0818185191896516e-08
235 2.095817737330495e-08
238 2.4788401035717505e-08
239 3.5387225099509596e-08
241 6.079978446383725e-08
243 5.475836407137119e-05
265 2.463753233005273e-07
266 2.0797415612440438e-07
267 6.431107645350427e-08
272 1.5800152084584244e-07
274 1.0635143616922917e-07
281 4.822770029452781e-07
282 9.260518017033808e-08
286 3.161614832269745e-06
298 3.362156757206622e-07
304 2.023408897481015e-06
326 2.1408603289277355e-06
348 8.861925674012407e-09
349 8.03982836652259e-08
357 3.3255777862434653e-06
361 1.9767145095115811e-07
365 8.831222091277273e-06
368 1.0741319284992659e-09
389 6.873085955230932e-07
395 2.0264576273432413e-08
405 8.813789627417239e-05
432 5.281679404942874e-06
447 5.710559261221809e-07
481 0.00017197327323287463
492 6.745871410529216e-07
506 5.514580702473174e-06
507 7.732688408623849e-07
511 9.65403519763869e-07
517 4.917804980122551e-08
522 4.0493121804259166e-07
526 2.0891497877102917e-06
527 1.088524115631168e-06
529 5.771584648704805e-07
530 1.7226176208573771e-06
531 2.1489744297426244e-07
536 7.907863648569337e-07
542 7.120280237190888e-07
545 3.005354592367133e-06
566 2.2645704756225405e-05
575 1.6671824547501436e-06
597 1.2766139571621237e-06
598 2.1931321383563917e-07
600 3.1796079706859935e-07
606 1.3689418312303622e-06
611 1.8165332205599937e-06
636 3.135905803226635e-07
641 1.192805276065963e-05
681 9.51405828208366e-08
687 3.292880363817448e-07
717 2.1474141504033e-06
1 0.00012198709495953051
2 1.1482148260400075e-07
4 2.8465700309481453e-07
6 5.425115778339975e-06
10 0.00016114193491915024
11 1.7750004160141735e-05
12 1.0786558351264212e-05
15 3.7039447207022347e-07
16 2.131306385894892e-07
17 7.331999050476168e-06
19 3.7524516731090542e-06
21 6.67797714824221e-06
22 2.3672187694920378e-07
23 8.644199078211452e-08
24 2.1746921402136006e-07
26 2.287342106733293e-07
27 1.2295695015382157e-05
28 3.359054589029068e-05
29 0.00019831418535449567
33 3.2455743090975864e-05
34 4.2387883095642706e-05
37 3.494500938989612e-05
38 4.9121583824345164e-05
39 5.7237305035424705e-06
41 2.7951721388772872e-05
42 9.538554209676405e-05
45 2.703393107689343e-08
50 5.0170007337251815e-09
52 4.5693379785965094e-07
53 1.6336783999291805e-07
55 4.4308678921527377e-07
58 4.0160472765994655e-07
59 3.692727888016275e-06
60 7.214820093184301e-07
62 2.3715249543562222e-07
63 4.519163477842655e-08
64 1.832593656366709e-07
65 2.4339807687519573e-06
67 1.8300828210838328e-07
68 7.050667148410198e-08
69 1.8332705838278416e-05
70 3.0063753567989797e-07
71 1.5577666358192206e-07
72 1.908086947953892e-07
73 5.924724479980047e-05
74 3.46936817697056e-07
75 2.9688011767703835e-07
76 1.8487627795052507e-07
78 7.503902268224767e-07
79 3.477782303414287e-07
81 2.654452175424775e-07
82 2.1393285334380658e-07
84 3.0695709388131955e-07
85 8.636089253705356e-08
86 9.693998500322384e-08
89 3.1931523760085877e-07
93 1.560864079654849e-07
101 3.408795773786223e-08
107 7.621913174685192e-09
109 7.362244869187991e-07
111 4.070064533822142e-08
112 1.5610253585843456e-08
114 2.755126731365351e-06
115 9.663986503361317e-06
118 6.873980511053723e-09
119 2.0980302168035162e-07
121 3.7226072563421106e-08
125 4.9398782903702285e-06
126 1.1240333852109733e-07
127 2.7460561204287756e-07
131 1.2587066710771372e-06
132 9.887126844412218e-08
136 3.637917476487943e-06
137 8.831202028594116e-09
138 4.69261899880974e-09
139 4.1570401636597086e-07
140 4.784375415972146e-09
142 1.3186112547424165e-09
145 1.0603874046177703e-05
146 6.215019665717657e-10
150 3.996643007518204e-08
151 8.296635369930892e-07
153 0.00011261408972669236
155 2.5459226311920692e-05
157 1.786684643961886e-06
158 4.524270646359033e-06
160 4.748726741206905e-06
161 4.242303777954308e-05
162 2.292023999512672e-06
163 2.4448236189135595e-05
164 1.6246641107782148e-06
165 5.985556820071069e-06
167 5.220327857775188e-07
168 4.1568590955308266e-06
173 8.929623530000224e-07
174 6.709178525376724e-07
175 2.413595688413974e-07
177 2.6257656118600577e-07
179 1.698868831196836e-06
180 1.737582907199816e-08
181 8.307519335703248e-08
182 7.143379702537952e-08
185 1.1959327706961666e-07
187 1.91939297375388e-06
188 2.5510824749610557e-05
189 1.0458738460770593e-07
190 7.291641995748204e-07
193 5.554078897417431e-08
194 8.163623318847623e-09
195 4.509193934407283e-08
196 8.188107110678088e-06
197 1.890354048165296e-07
198 4.928438683990263e-08
199 1.82185108221031e-06
200 2.7013366446368866e-08
201 4.9224839889995885e-06
204 4.4395398830865725e-08
205 1.831135869310521e-07
209 5.926727180695945e-08
211 6.718610592059545e-06
214 8.046166223838365e-08
215 1.6933772316119705e-08
219 1.3441325351814997e-05
221 6.981628587274159e-05
223 1.0450095478447143e-05
225 4.198123492138466e-05
228 8.81801285693694e-06
231 3.598425364239857e-06
232 4.525618830219488e-08
234 2.8955494724887303e-06
240 4.477058589551916e-09
245 3.060314048480913e-05
249 8.386367554527921e-07
250 2.014823796206872e-06
253 2.8867037960465865e-07
254 9.046734910024154e-08
255 5.844749269070577e-06
256 1.2312266921198465e-06
257 1.8392677039322067e-06
259 2.8744850024517745e-07
260 1.0427093780262886e-07
261 2.716476774309996e-08
262 5.932368836189848e-08
263 3.416527460941124e-08
264 2.2158896205289579e-07
268 3.489431329263269e-08
273 1.0197105274835649e-06
275 6.45588797187242e-08
277 2.0088658671284163e-05
279 1.353791734848833e-07
280 1.0609137630638102e-07
284 2.6171256693924652e-06
285 7.185365150315397e-06
287 4.725569229650544e-08
288 7.1996675577635225e-09
289 2.081133335890876e-05
290 1.66848413325794e-08
291 2.1657446964286524e-07
292 7.933963793187035e-06
294 4.481143195591016e-08
295 3.0642886110999413e-07
296 5.654335489557615e-06
301 9.189519376653024e-08
303 9.440652225807669e-08
305 6.6092080595364335e-06
306 2.9380511382069715e-06
307 1.7208576855020362e-07
308 8.364259243051697e-05
309 1.3124138691712537e-06
310 3.0453607036567035e-07
311 1.8391084244439848e-05
313 3.159925221356525e-05
316 7.609787753487456e-07
317 2.197755773951877e-05
319 4.5166698508907445e-07
321 7.1436348272630045e-06
322 6.352589409158882e-06
324 2.6793895033824642e-05
325 2.4462275935142432e-05
329 2.6008290509478716e-05
330 4.795417278634031e-06
337 1.0293022832800663e-07
338 1.79304453740377e-07
339 1.0017342260075442e-09
341 5.450006206798371e-06
344 4.0178575939202016e-08
345 4.128591929556111e-08
346 4.776866176197115e-08
347 3.6781485374374146e-08
350 5.903570494201127e-07
351 2.2373011548590938e-08
352 1.792126319169628e-05
354 4.651174080959557e-06
358 2.3772748794115968e-05
360 3.951288415037115e-05
364 2.0505080192397723e-05
366 7.770287075294134e-06
367 1.1213323418404637e-07
369 2.970648056270948e-07
371 2.754928262119825e-07
372 6.682090907695079e-05
374 3.807038692094019e-06
376 5.719208981303178e-05
377 2.7838331510536845e-06
380 8.30180529228435e-06
381 2.1208705969319903e-06
382 8.103310834298492e-07
383 5.041469170193372e-07
384 3.3938819316348394e-06
385 6.579209289770646e-08
386 3.754125229269117e-08
387 7.051392860536838e-07
388 3.763072014717953e-07
390 9.90767756875324e-06
391 4.522074801381372e-06
392 2.4455804790217413e-07
393 3.1432972602313944e-06
394 1.4501839576810582e-08
396 2.0954462734762353e-06
397 2.7026842467649028e-08
398 5.948250801814921e-07
399 3.806639822672332e-07
400 6.694397665732035e-09
401 1.7723609983983578e-06
402 1.8518911383306555e-06
404 9.818539419436209e-08
407 1.2880168465884828e-05
408 3.2639583297995897e-06
410 1.1955506900298993e-06
411 4.501356822177309e-06
414 2.722911900958335e-05
415 2.5456008142384848e-08
417 1.1425170197449423e-06
418 4.268527547659838e-09
419 3.0332643794700856e-07
421 1.4435394035572146e-08
422 3.3672235830058822e-09
423 1.6465130820104668e-06
424 9.994136107186314e-09
425 1.3120704079935444e-08
426 8.016548364443927e-06
427 4.0692500210050996e-09
428 8.027994813555198e-09
429 3.4234810476589475e-06
430 1.6158557498961587e-07
433 4.527677770157114e-07
434 2.602944706112255e-05
436 5.229270303105532e-07
437 1.432243015361364e-07
438 1.6631515489314006e-06
439 2.390726476419477e-06
441 1.4080630423347178e-05
442 1.8922376187929228e-07
443 5.7566325447159304e-06
445 9.895590954531986e-07
448 5.541815233949116e-07
449 1.802037882202911e-06
450 9.774828433104266e-06
451 2.8448976264827547e-06
452 4.827972070477267e-07
453 3.237472510922086e-07
454 3.0036462091411716e-07
455 4.524464130936172e-05
456 4.2951950346351765e-07
458 6.591482858126956e-07
460 5.2330053563491166e-06
461 8.478108122671446e-07
462 7.501099536842706e-07
463 1.5101729798087977e-07
465 1.1066955746927522e-07
466 1.5752257076066015e-07
470 1.2129999104943263e-07
471 2.7983770638709167e-05
474 7.275210858027061e-08
475 1.648207564418198e-05
476 6.322753882263379e-08
477 6.904199680828912e-08
478 1.4363246311543884e-05
479 2.5669346874410783e-08
480 0.00010107583267645954
482 9.064401262431309e-06
483 1.902360962323426e-05
484 0.0001232387268947942
487 3.544269091591894e-06
489 0.00037803969323920133
491 7.453338116265097e-05
493 7.904186504494397e-06
496 7.76940112780815e-06
498 2.434670166893411e-05
499 0.0004353932299317161
501 0.00011177059092657447
504 2.349457718209436e-06
508 2.631593661373855e-05
510 6.243156665361034e-07
514 4.634858662816104e-06
518 1.7194109652360263e-05
523 2.557318210421289e-05
524 2.934452057883313e-05
532 2.6389575708984467e-07
534 2.1092852239738856e-07
535 1.9852629798830254e-06
537 2.7210758444597115e-07
538 3.6117099749311086e-05
540 4.3982730720518025e-07
541 1.5614488914172295e-07
544 4.1358786131439716e-05
550 2.1068170632383676e-05
552 2.674412280544556e-06
553 1.4731002104131585e-05
556 6.909658986671409e-06
557 2.4470757273675873e-06
558 5.414120566474035e-06
559 3.618390514831244e-07
561 1.366638621747459e-07
564 3.398080546587244e-05
567 2.2435074918777316e-05
568 3.4903272692964204e-07
570 1.945330865032915e-06
572 9.263802238457713e-07
573 4.811175249702795e-05
577 5.218289959505889e-06
581 4.395265788681971e-06
582 4.018816279192684e-05
584 6.498516887092375e-06
587 2.6002567273593418e-05
588 2.654790508358195e-06
590 9.153947212723943e-06
595 9.323402568976536e-07
599 1.9216460241615405e-07
601 5.684796113982841e-07
602 6.32872970901784e-07
603 1.0037620597041612e-05
605 8.827825844870197e-07
608 2.3176289742417245e-06
609 1.179193690815771e-05
610 4.930053247393426e-07
612 3.915694881846948e-07
613 3.0942096262348424e-05
614 4.781044672514892e-07
615 4.238691390073729e-07
616 3.6522934373870934e-07
617 4.5526308584438426e-07
618 2.892102837799483e-07
619 3.756080277823073e-07
620 3.28343510125026e-07
621 2.2308756773824288e-07
622 2.2464554698232458e-07
623 2.989588469599962e-07
624 5.435567535157282e-06
625 2.665240064394281e-07
626 4.170628404178373e-07
627 6.141346928043778e-07
628 1.2968003976465e-07
629 1.9279851680599759e-07
630 2.2728611226728842e-07
631 1.5192269440259323e-07
632 3.315219470635085e-07
633 2.450856630193217e-07
635 2.2919848216569048e-07
637 3.2389405756677057e-07
638 2.2501908291018295e-07
639 1.8524291232165646e-07
640 2.7526952007166863e-07
642 1.1377826813621622e-07
643 9.806101524823091e-08
644 4.1726120934737436e-07
645 2.9902374545773324e-07
646 2.1765937705556686e-07
647 2.5512935274499376e-07
648 7.342167036329654e-07
649 6.999867578969719e-07
651 3.645400444219807e-07
652 5.359545945410539e-07
653 9.427011583914822e-06
655 6.63137594895685e-05
657 2.544806835013733e-05
658 6.405425149007003e-06
661 2.1894505600636683e-05
663 1.8002113532869888e-05
664 4.089248999172381e-06
667 1.2779410991823904e-05
668 2.5138891736793184e-05
670 4.0082055585581345e-05
672 0.00010949150348066086
674 7.426130212665631e-06
676 1.8594074597824468e-05
680 2.803858303130393e-06
683 2.8451514530604373e-06
684 2.9452247123053415e-06
686 3.916811496050742e-06
689 1.160957945509549e-05
691 1.3544691415701795e-05
692 2.2724836251547504e-06
694 1.1212745700730113e-06
696 1.802313152764866e-05
698 3.7264708373340124e-06
699 7.676565600089514e-08
705 5.582040367398804e-06
706 3.7674836375441485e-06
707 2.518647501392267e-06
708 1.1725574652901035e-06
709 5.378852445319567e-10
710 1.954821547797241e-06
711 1.8026005136746867e-07
712 1.5698431754349693e-07
713 2.0302686602952704e-07
714 2.0447638452474525e-06
718 3.94541985000593e-10
720 1.6717705923122446e-08
