141 3.6120278510735104e-06
702 2.6816541698246405e-06
258 5.886691433601832e-05
297 3.032976237157067e-05
332 1.828915276634328e-05
539 5.875229275804491e-07
591 2.9969297370744362e-06
669 2.6409517833172527e-06
675 3.90096531989788e-05
429 3.573438807223638e-06
587 2.7891711471376216e-05
47 6.283623528576964e-06
80 6.338074780682713e-06
120 8.857595615552813e-06
128 2.778688340158304e-06
251 1.8510216736952215e-05
276 1.513717196623467e-06
283 6.410615833955277e-06
302 1.5793493802504937e-06
312 3.271488903251747e-05
412 1.1399148755933907e-05
472 6.7422030126881015e-06
485 0.0001471539841126676
486 0.00042472883004591994
488 8.818213295754861e-05
500 4.799819840908433e-06
502 1.1671188159493075e-05
503 4.374723029692534e-05
515 1.3438371550073175e-05
533 7.888877625759603e-07
565 5.9209053254037e-06
593 9.558348758737326e-06
115 1.047227392723599e-05
292 8.50188065157019e-06
426 9.082737225157532e-06
493 9.32632816577375e-06
518 1.9139294479064805e-05
570 2.2364250986425644e-06
655 7.894901575503183e-05
658 7.554678431926296e-06
21 7.704740746249732e-06
0 0.00024349406542947808
3 0.0001580241591498378
25 4.442332787295295e-07
32 7.908325274127199e-06
42 9.520884666088815e-05
48 6.2687916429853915e-06
116 8.059527694086374e-07
124 2.740363323949441e-06
143 1.1223241692197937e-07
243 5.97918279409049e-05
247 4.695387523338885e-05
300 2.5607957881833406e-05
342 7.8958800160621e-06
370 3.0456045379934956e-05
375 4.245431512179853e-06
379 2.316052217630642e-05
435 8.328746591414232e-07
512 1.8639103604329135e-05
544 4.346437617070111e-05
549 0.00012441290752556415
562 2.859427128881949e-05
574 9.259884043371349e-05
659 3.841579321257609e-05
679 1.6710528382243968e-06
682 9.60993748433805e-07
695 2.3186077016066992e-06
701 1.6240041056003642e-05
38 5.475079242861912e-05
65 3.7657763693333623e-06
162 2.6535167617504447e-06
230 4.3173252095791245e-06
234 2.9625772766660766e-06
253 4.743981510952131e-07
285 8.00502002556569e-06
306 3.323485659898757e-06
321 8.208260404268693e-06
322 6.674916259558702e-06
329 3.0586579209735656e-05
364 2.1660755067722684e-05
390 1.1999085720537075e-05
407 1.6323692339708346e-05
434 2.5019685983080685e-05
455 5.248550694200785e-05
482 1.3032787588892619e-05
489 0.0004320434139366865
559 6.591988369549343e-07
568 4.335974869407631e-07
608 1.4327881253144822e-06
564 3.36035860521004e-05
1 0.00012209521146289102
34 4.289336535284239e-05
35 1.3867590809661088e-06
57 1.679315005029167e-06
91 3.9518027500653937e-07
97 2.780692040481993e-07
117 1.8598536789825043e-06
123 4.113786315093635e-06
135 2.803640110891315e-07
145 1.0575907811051454e-05
149 1.862142804830692e-05
152 4.11296766014511e-06
158 4.255602542786949e-06
160 4.362491872332429e-06
165 5.751132775691469e-06
176 3.099088070155423e-06
183 3.5559815182730042e-06
192 1.4064346156498759e-05
226 1.0651579141920196e-06
252 3.975781715120806e-05
269 3.290775357776088e-06
286 3.581796655557647e-06
304 2.5929884224006476e-06
315 7.419796155459581e-06
328 1.2413903441512756e-05
356 2.633514928834761e-06
359 1.2605204734282813e-05
362 1.6509272130666436e-08
363 2.3199832200773733e-05
409 3.6312533855599796e-05
420 1.872140396628105e-08
431 7.281196130620311e-06
446 9.024985759602663e-05
484 0.00011332763464861126
497 8.222899912509422e-05
528 6.382358464149451e-06
554 1.3949637210838585e-05
569 1.906646290988149e-06
607 0.00015429657178509234
641 1.4632502889745901e-05
665 1.2636434322809805e-05
547 8.971021173197269e-06
5 6.838051331603508e-05
131 1.3143639247554175e-06
191 5.940503502160332e-06
6 7.1727823520140604e-06
10 0.0001774224007893617
28 4.006741354817979e-05
60 9.924573048121203e-07
69 1.9957258504102363e-05
86 2.0298631856550472e-07
89 1.4023666351911462e-06
114 3.1352861284482405e-06
125 5.707441828081371e-06
139 6.03034196311608e-07
153 0.00012412711883768725
155 2.8919821419264725e-05
161 5.0129274488506794e-05
163 2.7166883533020015e-05
164 2.079385170620876e-06
168 4.6002083131924675e-06
169 3.789117409477455e-06
174 7.595403560245794e-07
177 4.0160825146277694e-07
185 2.0492576002657375e-07
188 2.9790173941986172e-05
189 1.961720406414441e-07
199 2.542770641800372e-06
201 5.672623315263897e-06
206 2.892206374943357e-06
224 1.568731374055873e-05
250 2.258829379685842e-06
289 2.518169290224263e-05
308 9.787388897509608e-05
350 8.30307656805747e-07
352 1.9198173921010807e-05
357 3.981816160216734e-06
445 1.330889504023301e-06
480 9.224883413814129e-05
481 0.00017328145907566643
491 8.845548847086996e-05
499 0.0005171264916539724
504 3.3279126134992445e-06
548 2.497776063514565e-05
552 3.0213518760113345e-06
553 1.68781389670433e-05
561 2.246537770453682e-07
588 3.1106008364244143e-06
595 1.159551800248112e-06
609 1.26495049865007e-05
680 4.118424207010803e-06
13 1.0030664904525272e-08
18 1.3574055748958729e-06
29 0.0001964705313648781
36 6.820472614950479e-06
40 6.5194900905555844e-06
44 4.925447598857019e-06
53 5.341680142640771e-08
54 2.505396624358225e-09
55 4.073753208149463e-07
61 7.917050899206286e-08
66 1.2846718618461338e-09
83 1.3786638272593862e-09
87 0.00017853968754951037
90 1.0687988449136367e-07
92 2.5731487168296087e-07
95 1.1665814190315812e-07
98 1.3711754658916755e-07
100 5.156795384063533e-09
102 1.9691166380663414e-07
103 7.024210354562039e-08
104 5.072862946318808e-08
105 5.456842888725245e-06
106 2.270812484806694e-06
107 5.254453965819901e-10
108 8.876818354669001e-09
110 1.1366473554909913e-06
133 2.00024458855113e-09
134 8.010359771697457e-10
144 1.2287724714022618e-08
148 1.4682097906284737e-07
154 1.2753424755474428e-06
157 1.5549115499836028e-06
159 3.5577974090751313e-06
166 7.209580644008014e-07
172 1.146589147924027e-05
202 1.4545713688683849e-05
203 3.36024063551758e-07
205 5.164891646473709e-08
207 1.9687115448953527e-07
208 1.83357980765878e-07
210 1.1199187521575956e-08
212 2.4332956188954627e-08
213 1.072720585263353e-08
217 1.261390056439959e-08
218 6.545938466239786e-10
220 3.9276320018486033e-07
232 4.463731944316185e-09
233 2.1528431478780513e-09
235 7.110753035559983e-10
238 2.08879241824078e-09
239 1.0083384937602276e-08
241 5.308692732475282e-08
242 1.1100532324754054e-08
244 3.8167143346295397e-07
246 3.4653704370236724e-07
262 1.1261023665369731e-08
264 1.5538221470624214e-07
265 1.2308154479496703e-07
266 6.70611462607857e-08
267 2.289072950651818e-08
270 4.7291695146542784e-08
271 2.985074019782265e-08
272 6.586778071692713e-08
274 2.6681282973626058e-08
275 6.4780621085795604e-09
278 4.754062771248065e-08
281 1.8384169511373052e-07
282 1.1411566885317509e-08
298 3.176563838113491e-07
337 1.2063911142224355e-08
339 6.715022566954335e-10
346 4.928970701090616e-09
348 1.556772682560825e-09
349 5.313577214211489e-08
351 2.1042041925002167e-10
361 1.1683267192449798e-07
365 1.240913440113992e-05
368 1.584066403780926e-10
389 5.93766192286649e-07
395 2.904680845813501e-09
405 9.67917721627148e-05
406 9.956078848412848e-06
413 6.931193412241169e-05
454 1.136206228432589e-07
459 3.981605574836004e-09
506 4.760210261001477e-06
507 3.255803006677735e-07
511 3.514770356474955e-07
513 1.1345950667063063e-06
516 2.7070359980812195e-06
519 1.3839315231978224e-07
520 1.7103232638046026e-07
522 3.454968590916652e-08
525 4.448170800984954e-07
526 2.083933921422483e-06
527 7.839205148073849e-07
529 2.2777951638884475e-07
530 1.1936423169708733e-06
531 2.8762257036249667e-08
534 8.940032511963329e-08
536 3.573624241872399e-07
537 2.8949026073184595e-08
540 4.010280683979925e-08
542 2.938894809997915e-07
566 2.2739888112362908e-05
575 2.4001408876999633e-06
596 4.615318348042477e-06
597 1.2251516226623836e-06
598 1.0696904199775116e-07
606 3.945670571872428e-07
611 1.1465186090292362e-06
614 5.743197250182067e-08
627 3.466171903409534e-07
648 2.6177132379023635e-07
666 5.867204452915221e-06
687 1.1635490075999828e-07
715 1.8782331507495633e-07
717 2.30274873280669e-06
719 2.2602395490137707e-09
2 4.7400383223848217e-08
4 2.840008124511243e-07
7 5.050589849079769e-08
8 5.621190458457232e-08
12 1.1426979302281451e-05
14 1.4061994122308386e-08
15 2.2099375443376352e-07
16 3.879428324164264e-07
22 8.200221090161326e-08
23 5.32854628731039e-08
24 7.56587947630924e-08
26 2.229899314444437e-07
27 1.4429008644277765e-05
45 9.821242047731299e-08
50 1.929850110956606e-08
52 5.01422870291863e-07
58 8.495813315851492e-07
62 1.8093768073071278e-07
63 5.1177369449671705e-09
64 1.2391158021314246e-07
67 2.4618857857324978e-08
68 2.0940615204583945e-07
70 7.877962840488619e-07
71 1.6588291753177654e-07
72 6.207895955399479e-07
74 8.10536441029359e-07
75 1.8340783581773125e-07
76 1.3057967911431854e-08
77 1.30579679114321e-08
78 1.6429541646608526e-07
79 1.0692097145911555e-08
81 5.578707145291752e-07
82 3.2933874473125504e-07
84 7.882851772577896e-07
85 3.1750802076911625e-07
93 5.594900443415024e-08
99 6.388799665730154e-09
101 1.8648782512543253e-08
109 7.410865365790127e-07
111 3.581158923381348e-08
112 8.925845092117475e-09
113 5.27283881153462e-06
118 3.663388643406613e-09
119 2.1522032441590472e-07
121 8.087960338441278e-09
126 3.481535459890771e-08
127 2.001191900424186e-07
132 5.146539703813911e-08
137 1.2617268731387582e-09
138 1.5678012591021274e-09
140 7.347490427058296e-09
142 1.7261685207008698e-09
146 1.2095703431942238e-09
150 1.0551308016180911e-09
151 4.852539777405554e-07
156 3.670668704584591e-08
173 1.4405569729658744e-06
175 2.8692575629994294e-07
180 1.7073248861468175e-08
181 9.684259501514383e-08
182 3.91987577741066e-08
190 8.792507029296722e-07
193 6.309616112298564e-08
194 5.975559256932702e-10
195 9.3423104099929e-08
197 1.6866459327114617e-07
198 1.445930249573733e-09
200 1.7871825228295275e-08
204 3.433127115182954e-09
209 3.425826308507781e-09
211 8.685866891044245e-06
214 6.831687779692366e-08
215 2.634828092966026e-09
216 4.799828015742045e-08
221 7.93947148670015e-05
225 4.196234811448016e-05
240 4.08366959481814e-09
245 3.4781342124474494e-05
249 1.0237666213654206e-06
254 4.633604383163784e-09
256 1.1189966077104206e-06
257 2.195550544205928e-06
259 2.300498839468133e-07
260 4.5126340116428024e-09
261 1.2749689713616106e-08
263 2.7439381532525604e-09
268 6.38911894225079e-10
273 1.0736002542820095e-06
279 8.725856851757494e-08
280 5.3619529641344355e-08
287 4.818877075692783e-09
288 2.053449667039598e-09
290 1.6257962225032928e-09
291 2.7100901636567124e-08
294 2.3193579669099437e-08
295 3.563677723179866e-07
301 1.5210922953896324e-09
303 9.786387082764824e-10
307 1.4443832464439193e-07
309 1.3983031904183802e-06
310 3.364381012987212e-08
311 1.6701373809803666e-05
313 3.5269132832491355e-05
316 4.418807356920629e-07
319 3.041364405617211e-08
326 2.2499439362439976e-06
338 1.6093602307324536e-07
344 5.329248870534713e-10
345 5.520270310336749e-09
347 5.329410718338681e-09
367 6.25821247382061e-08
369 3.0574010473937886e-07
371 1.7794576883891832e-07
382 7.864027238635052e-07
383 5.371537566921373e-07
384 3.45379870187376e-06
385 1.0924855594375609e-08
386 1.0375931490393365e-08
387 6.45083409469721e-07
388 3.9603432092051886e-07
391 4.745626341630643e-06
392 1.9753392174376915e-07
393 3.3049680193100783e-06
394 5.5529466542685395e-09
396 2.182385580998352e-06
397 2.989079557589521e-09
398 4.772553238574638e-07
399 3.9542594983482234e-07
400 1.259763183978242e-09
401 1.751027573784615e-06
402 1.6197578844075343e-06
403 1.1460874895472123e-06
404 4.836792444237808e-09
408 6.325639878085972e-06
410 1.129229674503126e-06
411 9.46426594762972e-06
415 1.670483693041909e-08
417 1.265572280084726e-06
418 2.185292476706994e-09
419 3.6980265731186477e-07
421 9.817570908839113e-09
422 5.186724071517912e-10
423 2.050979029976886e-06
424 3.5570096339511855e-09
425 4.611101766978743e-09
427 5.340379202653314e-09
428 1.4865816340618613e-08
430 1.4500178775790934e-07
432 5.818532883937938e-06
433 6.052693726933421e-07
436 2.1223333727991585e-07
437 4.0036410131100186e-08
438 1.482661723979e-06
439 2.39876561367736e-06
442 6.254087811531158e-08
443 6.266369731768196e-06
447 2.4366081622809632e-08
448 1.750518970015588e-08
449 1.362587361004157e-06
451 2.9785139086388555e-06
452 6.524602941959369e-08
453 2.2218791190476658e-07
456 7.143283022304582e-07
457 7.282945278241637e-09
458 3.120377311055332e-07
461 8.309113847011362e-07
462 4.117198733306244e-07
463 2.7960865285432895e-07
465 1.6344693752414043e-08
466 4.824175449781594e-07
470 1.0768755879821124e-07
474 7.790392760403466e-08
476 5.363572599778949e-08
477 1.2832270633299014e-07
479 3.245027059747032e-08
487 3.3103070702447437e-06
492 3.988594180685268e-07
508 2.704290047162623e-05
510 4.145491986119855e-07
514 5.489751898395761e-06
517 3.2072119335496556e-09
524 2.9450285868180863e-05
532 1.9821790194666869e-07
535 2.5353649100135448e-06
541 2.45843127906816e-09
545 3.681746966489516e-06
551 8.597897822147356e-07
556 7.900011015493199e-06
563 1.2952278606754433e-08
573 5.175868739437772e-05
584 4.524421281556263e-06
599 9.275909778107686e-08
600 1.397645531841748e-07
601 7.978896273505864e-08
602 1.855493629420677e-07
603 9.856701895730345e-06
605 2.4330711543632206e-08
610 8.359668616342637e-08
612 1.5061088877041147e-07
615 6.916213531138756e-08
616 8.376798756148083e-08
617 1.7953946593485348e-07
618 5.6761321525349475e-08
619 1.1680123229412586e-07
620 4.512477196207284e-08
621 2.6522339067722885e-08
622 1.0954330508068117e-07
623 1.187272447856913e-07
625 1.6182145538795262e-07
626 2.166587202952357e-07
628 9.230391627963224e-09
629 1.4669786527191248e-08
630 1.5930349911995103e-07
631 8.957547937970411e-08
632 2.594477629756787e-07
633 2.7679749710116847e-08
635 1.2172078271209388e-08
636 5.61103432869376e-08
637 6.366668016672878e-08
638 8.069831867760594e-09
639 5.7318370138305925e-08
640 6.809184584053649e-08
642 3.952651839528313e-08
643 2.9289292719865005e-08
644 3.9324586581290486e-07
645 1.211012920516246e-07
646 5.5437524821259856e-08
647 6.927595443156258e-08
649 2.6174271640680136e-07
651 6.566509768987158e-08
667 1.2764558775485932e-05
681 2.2213580348542144e-08
692 2.5314350340774318e-06
699 9.164469574200781e-08
705 6.937033328118334e-06
706 4.289156167195063e-06
709 5.348285055564687e-10
710 2.3240106642712422e-06
711 3.2074624140205253e-07
712 4.662057767371242e-07
713 1.4352816293107768e-08
714 2.7610241767046187e-06
718 6.003832658568389e-10
720 8.570646285591596e-10
