9 2.791087036343537e-05
20 3.5898125623462446e-06
30 1.614994723464197e-05
31 9.620468205012054e-07
43 2.107439189869639e-06
46 4.7053360439984024e-05
49 2.337377547340144e-06
51 6.797969527747037e-06
56 7.201977929259167e-07
88 4.580542949542753e-05
94 2.0366644330446886e-06
96 3.523979917146474e-05
122 1.0205827919200048e-05
129 3.843935251524415e-06
130 1.4596429578593607e-06
147 5.407250086270426e-07
170 6.315280431931612e-06
171 6.255712602149634e-06
178 5.664544780222342e-07
184 4.469333900740949e-06
186 4.487833026774585e-06
222 1.885015475691331e-06
227 1.4847991686978733e-06
229 3.929576707303483e-07
236 6.757077493093473e-07
237 2.196709807590836e-06
248 1.4596293002799592e-06
293 4.048761995288276e-06
299 5.387428258026152e-07
314 9.082001322854004e-06
318 1.5970144092160476e-05
320 4.694821785881251e-07
323 1.476745453132798e-06
327 1.8784607481204817e-05
331 5.235778743680999e-06
333 1.6384768221551452e-07
334 1.0097788065187112e-05
335 5.420294533533131e-06
336 1.708017362374881e-06
340 3.2535150118144145e-05
343 1.3058558739136434e-05
353 3.6183242397233523e-06
355 8.097081249839548e-06
373 8.840806595465218e-07
378 2.6880290431462503e-06
416 4.2153360905784e-06
440 7.781384064139479e-06
444 3.19947791410097e-05
464 4.460442788346987e-06
467 6.434371441815662e-05
468 1.9262504351650192e-05
469 2.3968627624548194e-05
473 8.94231290751778e-06
490 1.2300329587866482e-05
494 1.0876279511883171e-05
495 4.594066764706976e-05
505 7.613856938378125e-05
509 1.0245960244297198e-05
521 5.890007364366741e-06
543 2.469423108800636e-05
546 2.5042631587237277e-06
555 5.745959091711429e-06
560 3.881857891367809e-06
571 1.0812975680629549e-06
576 6.643718182619154e-06
578 7.461845356282527e-05
579 1.7586722610270297e-06
580 4.6690026415260204e-06
583 1.18306276103564e-05
585 2.4485689900058374e-06
586 4.110059202844685e-05
589 1.3737842954318e-05
592 1.5455170985677145e-05
594 9.732417592792174e-06
604 4.8178895341614026e-06
634 5.399715205808692e-07
650 7.3686223974747085e-06
654 7.469906917781935e-05
656 1.6594942622078705e-06
662 2.7563128003934075e-05
671 1.0630431270961947e-05
673 4.6401687380624856e-06
677 7.047257340888214e-06
678 3.9972106945903155e-06
685 2.935133417058675e-06
688 4.14180464651481e-07
690 6.727919053684608e-06
693 3.7604566461122915e-06
697 1.6005450040845717e-06
700 2.177012101716907e-06
703 2.7076573284647332e-06
704 5.320621293983785e-06
716 5.894182133736509e-07
660 7.502173400144373e-05
