17 8.22138173960046e-06
19 4.142502182869791e-06
33 2.2510456990088362e-05
37 2.5265084266403876e-05
39 3.4358967039014485e-06
41 2.6852212423541735e-05
59 4.876317084583582e-06
73 5.6611182172536595e-05
136 2.9747489057216094e-07
167 2.791519785827567e-07
179 1.0912304842632719e-06
187 3.0414958791903426e-07
196 5.228070827936639e-06
219 1.2637625770819446e-05
223 8.758469844456654e-06
228 6.2552061179153156e-06
231 2.4722434240657634e-06
255 4.472926113812609e-06
277 1.505113686807637e-05
284 2.7622636200814888e-06
296 2.7486801932499883e-06
305 4.204665869294808e-06
317 2.117469583064793e-05
324 1.3088736089653246e-05
325 1.2729914587688376e-05
330 3.1402517486051865e-06
341 4.170744981196039e-06
354 2.267223256835789e-06
358 1.557982351605681e-05
360 4.071968531177539e-05
366 6.868123201156012e-06
372 8.589837854782679e-05
374 3.4286722229047618e-06
376 6.916203402499697e-05
377 1.4858300545756012e-06
380 3.82591311365633e-06
381 1.4796213312260572e-06
414 1.7516595336404923e-05
441 8.843945616692688e-06
450 5.1172734279863914e-06
460 4.6938108921597385e-06
471 2.057781837089309e-05
475 1.4555587564856174e-05
478 1.2315805431620163e-05
483 1.9280011590954266e-05
496 6.223135621742231e-06
498 1.5880176349035246e-05
501 9.935559837139445e-05
523 3.2391747375993174e-05
538 1.4788728400066915e-05
550 1.4520205362883865e-05
557 1.1233684979620072e-06
558 3.364243133284085e-06
567 9.985229513627845e-06
572 1.0560805180811734e-07
577 3.4536966463414207e-06
581 2.1697392532721307e-06
582 2.3607094155693468e-05
590 1.208497942204973e-05
613 2.497192748522157e-05
624 3.176238435640932e-06
652 2.9942678354480673e-07
653 3.466025283641145e-06
657 1.1041902762610155e-05
661 1.1868193607908718e-05
663 7.818741117146915e-06
664 2.564034757209705e-06
668 1.788600218455005e-05
670 2.650272015458113e-05
672 0.00012214057621133228
674 5.515188943683569e-06
676 1.5746132242682663e-05
683 2.595849493614424e-06
684 2.5374170637487773e-06
686 3.162211809099067e-06
689 1.1682763098007759e-06
691 1.1063072718875008e-05
694 6.946424243365885e-07
696 1.0584817173647476e-05
698 3.0039131217638037e-06
707 2.4416234160424993e-06
708 7.248654761981411e-07
11 1.8269224839120833e-05
