16
0.0013866769139770604 -0.005011639795539819
0.001863195475326222 -0.0032416211600323967
0.003971489729724077 -0.0005505127291511535
0.005565840876405147 0.0007196436332181221
0.0006446816360906521 -0.0034762369863268884
0.0008436069590664132 -0.002167010511715055
0.002600993306948782 0.00038868846392522765
0.003727159012667514 0.001570060177501091
-0.0012918472726273186 -0.0016012525436777134
-0.0011685376575574554 -0.0002320344482034395
-0.00044533336288266897 0.0023493123680063017
0.0003823479853279331 0.0035588829840450583
-0.002715368061923345 -0.0006833852596761125
-0.002382322297461561 0.0007478033367863717
-0.0018418574443655722 0.003414026785615553
-0.0014214693440876278 0.004788543171249907
