16
-0.0027559440548989467 0.015342925483131176
-0.003596307609224975 0.014829557991391771
-0.005600455407325486 0.013302017706748338
-0.006777024513780031 0.012429283861944505
-0.0046076685997225725 0.014544687046443896
-0.004501892582813262 0.014357498322517677
-0.005335016766410149 0.013397225466116948
-0.005912842239992503 0.012862563407030486
-0.006588080937194518 0.014281189566218514
-0.00533282513756582 0.014490811776530048
-0.00361696226121296 0.014525869920960341
-0.0033431392294050325 0.014196370021043056
-0.0072940735439295185 0.014811547104529957
-0.005362488920966836 0.01513781570585987
-0.0021358035109811987 0.015760155855257172
-0.0009515964731561649 0.015757106816827994
