16
-0.004656420284675859 -0.015228972981811879
-0.0024729110339467095 -0.015801796910755683
0.001191923475050998 -0.016681488036027998
0.003056623594449569 -0.017234872862441308
-0.0022355161018375058 -0.01451274290768765
-0.0011614579847716556 -0.015001952251462555
0.0011612639666582923 -0.01579780070070566
0.0022856326133397294 -0.016167019465705878
0.0015721551701166417 -0.013100274550323067
0.001419729246423632 -0.013631897085014109
0.0010086896171144586 -0.014400074395786878
0.000907137062610585 -0.014696211247544728
0.003395179026861081 -0.012308451182280737
0.0025779983781868813 -0.013004375754942246
0.0010936516928233542 -0.013855659134018237
0.00029376003755149854 -0.014070012951677324
