80 5.915114296121033e-06
257 2.0933892257229375e-06
342 8.71864526107081e-06
42 0.00010569051401792516
434 2.9953062484949197e-05
370 3.48389892159682e-05
518 1.967194739399129e-05
515 1.4275056071392268e-05
485 0.0001677609922188664
423 1.8686282517039762e-06
544 4.539493604447826e-05
488 9.217880469576756e-05
356 2.866471063428917e-06
163 2.7263788392576588e-05
352 1.9781450821545218e-05
524 3.329199861440127e-05
603 1.0677228652975226e-05
406 9.412334312544188e-06
512 2.0295421908552018e-05
102 2.4183838461966057e-07
462 3.8954989885942175e-07
600 3.775285202006668e-07
65 3.573187807343699e-06
601 9.919912803587535e-08
602 2.2772323525620927e-07
499 0.00047873582734585815
364 2.3068177787495233e-05
399 3.977533520972745e-07
146 9.831371699851699e-10
715 2.3063839759773195e-07
260 9.143799216172969e-09
326 2.3948342751866503e-06
139 4.711138007048577e-07
114 3.251346817690721e-06
10 0.0001776483914654625
707 2.8987332968438883e-06
311 2.0468936136601588e-05
413 7.139869933976504e-05
491 8.189708271210768e-05
195 7.683876208693883e-08
400 9.549843271256094e-10
124 3.0279078815973793e-06
147 6.471526268033118e-07
283 6.9342150656233505e-06
343 1.4603578387013931e-05
590 9.975950175990625e-06
404 1.32007132498983e-08
7 9.846968835623232e-08
470 4.7872467008169044e-08
128 3.1716700298322243e-06
412 1.2148984807614515e-05
514 5.050450314996269e-06
539 5.827848412483582e-07
565 6.275992650225576e-06
682 7.586605872673261e-07
472 7.1707833651697544e-06
208 2.2453116349322506e-07
97 3.109105542455109e-07
183 3.3461482561734357e-06
201 5.809684184924125e-06
269 3.2777223638792828e-06
300 2.9023733108062327e-05
302 1.7984427746530056e-06
306 3.312940560286021e-06
315 7.723619451464384e-06
409 3.7315417182505525e-05
481 0.00018867333692855479
482 9.983169239591182e-06
497 9.164139241061209e-05
596 4.002965480553975e-06
525 6.88764183271242e-07
593 8.381813021932458e-06
6 7.770821281098528e-06
45 1.064306836669484e-07
69 2.064417970638419e-05
70 6.129871552053096e-07
83 1.3795155981065696e-09
86 2.3354948661152328e-07
98 1.617124454520733e-07
108 7.756802020739148e-09
133 2.8169333398721296e-09
152 4.471976515988422e-06
194 4.741559316153174e-10
259 2.5073346062161506e-07
270 7.101167794256077e-08
271 4.5398780395641186e-08
281 2.1171474739590687e-07
282 8.980471688181524e-09
395 2.4777898939532485e-09
447 3.268432574099915e-08
517 4.725692898396271e-09
528 7.524335899677094e-06
554 1.4957400096602299e-05
569 1.8651284864485816e-06
607 0.00012954133454864947
619 8.609302800358643e-08
620 3.244909212431623e-08
621 2.107795562046459e-08
649 2.684917254933246e-07
665 1.5204556874784941e-05
719 9.608464223090601e-09
87 0.0001940228933442223
106 2.5474923228009883e-06
154 1.5562118724814568e-06
207 2.5553862697670725e-07
365 9.622979634689833e-06
393 3.5191307067013777e-06
484 0.00013587311481623584
513 1.3235410817096717e-06
597 1.2824490780824973e-06
12 1.1577505877141263e-05
14 1.1100638962981471e-08
16 4.284791939512277e-07
38 5.4274790039999244e-05
52 4.5288136244753275e-07
61 6.088298184199456e-08
79 9.39982660592598e-09
99 8.220933949088024e-09
107 7.200475852673645e-10
126 2.6868667124479535e-08
151 4.862420001180589e-07
157 1.9354879823546533e-06
161 4.58646373940478e-05
172 1.1673680170018581e-05
190 8.002074920425643e-07
200 1.8595608828221805e-08
204 4.123445616821262e-09
212 6.914408348028811e-08
214 7.116920524783784e-08
226 1.0845173334466242e-06
240 3.9176849004376095e-09
246 4.62125577626992e-07
254 3.71459366804209e-09
261 1.4316808174366002e-08
274 3.1487205555577247e-08
310 8.426220916261414e-09
328 1.179991797672768e-05
338 1.4623004768241918e-07
351 8.605553223112834e-11
363 3.028104042614496e-05
369 3.2525280632834564e-07
382 8.340127322504619e-07
388 4.733554815926866e-07
391 5.087335360416028e-06
394 5.733364261267714e-09
397 8.647922995486135e-10
405 9.654613597639093e-05
411 5.067650400568668e-06
419 3.224951682284157e-07
422 1.3819861203427144e-09
425 9.645218923236637e-09
428 2.060346657700178e-08
430 1.552237867170728e-07
458 1.90692761840381e-07
465 1.1805952430387494e-08
487 3.570890389933009e-06
519 1.7525579325891397e-07
522 7.568700609380725e-08
527 8.296882431239766e-07
532 2.3704855737450201e-07
535 2.667247908878295e-06
537 2.7837247311798223e-08
553 1.7441341901767936e-05
563 1.9057474652304164e-08
575 1.8324214340068693e-06
606 3.6109481999183225e-07
635 7.053360476068087e-09
651 4.9525660479679794e-08
714 2.2130237120122056e-06
54 1.2697403203671804e-08
105 5.882755930308955e-06
244 4.3389819132165525e-07
303 9.486233430616275e-09
319 9.56463890942486e-08
492 4.3694294046180217e-07
511 5.21837628989558e-07
636 9.371114977883184e-08
13 2.2405471583404152e-08
35 1.2711968472720823e-06
53 4.7324501753497506e-08
58 7.752972491293482e-07
71 1.5480729367731179e-07
76 7.747471953415695e-10
78 1.32907064286797e-07
93 5.783561889217103e-08
134 1.9183316245230336e-09
150 1.1819391115023818e-09
156 3.582786208036722e-08
158 4.953717448704794e-06
160 5.200657336066388e-06
188 2.8093674187749004e-05
213 4.7399235190727645e-08
215 6.059950823356867e-10
220 5.69141184405004e-07
232 4.384773252738341e-09
256 1.1841234299983952e-06
264 1.6015792830897827e-07
273 1.0846475217916506e-06
291 1.5405249322106266e-08
309 1.4608755253766382e-06
316 3.303208734086691e-07
337 8.236813762397747e-09
368 2.6748134233519897e-10
389 6.841993764495406e-07
392 2.1602292549356366e-07
396 2.3407952157611893e-06
401 1.83361311933755e-06
410 1.1578149332184422e-06
421 1.6773922435035715e-08
424 5.568256745398761e-09
427 7.924061953120962e-09
437 2.9579713997138487e-08
448 2.4391501624487604e-08
452 8.604561510975559e-08
457 7.632701414494612e-09
459 7.2941146346751035e-09
477 1.4017311653012784e-07
516 3.097933105533201e-06
520 3.17657106357278e-07
536 4.3152827144672547e-07
551 7.235729539834341e-07
556 7.876146853117908e-06
605 3.481039013276928e-08
622 9.53410147307319e-08
633 8.06174712107793e-09
713 1.2066984061076012e-08
718 6.974939092005447e-10
95 1.0976388184791678e-07
278 4.08253257996738e-08
371 1.77640557985123e-07
466 4.1055907340630346e-07
687 8.902366720880424e-08
712 3.726679221367506e-07
90 1.5007316832981605e-07
64 1.3368021661897923e-07
75 9.953208396147627e-08
77 2.1840400950462985e-09
148 1.880658673740167e-07
159 3.7702424584938727e-06
166 6.562411008844336e-07
216 6.28679946830842e-08
301 2.2173617144760995e-09
402 1.7426225317238269e-06
439 2.4907312498105808e-06
453 1.202392265344362e-07
612 8.11543236854732e-08
623 9.949149618913838e-08
709 1.0828598397364768e-09
27 1.4003527663893583e-05
4 2.868544499882338e-07
23 3.3223839510397145e-08
62 1.9379144495420314e-07
127 2.0929522193597803e-07
239 1.6798016654729318e-08
242 1.9431021247000492e-08
288 1.1439346902198465e-10
403 1.227346464839161e-06
526 1.99520176774174e-06
265 1.0914943254889222e-07
267 2.0266290425942122e-08
233 3.54491319165052e-09
574 9.263000090796022e-05
28 3.7259194363151736e-05
72 4.331251263866734e-07
111 3.0964865882765416e-08
112 6.529504696630144e-09
144 9.67915931892555e-09
218 5.3720923884923686e-11
241 5.4631915411145404e-08
294 2.346960499960521e-08
438 1.586085006197074e-06
449 1.5604850933737306e-06
573 5.2773866845056765e-05
611 1.0630478290545603e-06
640 2.988227567482181e-08
645 7.781356978069506e-08
648 1.9741137532835614e-07
506 5.4198174261751364e-06
2 5.361567029912755e-08
24 7.481605259542724e-08
85 1.8741039259133985e-07
119 2.2086844849419439e-07
180 9.894792444757974e-09
198 7.151122356746318e-10
268 1.8022099149431256e-09
287 7.969611630517407e-09
347 1.7353002486760359e-09
386 3.980918721699308e-09
451 3.1837147033511843e-06
461 6.837772256267212e-07
530 1.315995040608194e-06
541 2.4936245880297347e-09
626 1.7202662858796637e-07
628 6.905282116359001e-09
630 7.331946663286474e-08
632 1.3096860075509114e-07
638 8.687855937918763e-09
642 3.6358305887395154e-08
646 4.1343075306950356e-08
357 3.661440968103104e-06
375 3.81366906597966e-06
456 5.502121349871833e-07
66 1.138664597958142e-09
104 4.396412657952024e-08
121 5.480523004921072e-09
173 9.748628511917033e-07
197 1.7370822395784624e-07
210 1.5298777247157618e-08
275 3.3299510112608754e-09
344 1.736305300455715e-09
346 1.39746034277951e-09
387 7.396436929326069e-07
529 2.6264300048031126e-07
531 3.009956168478414e-08
534 8.263098893679271e-08
540 3.963451462128508e-08
610 5.9447008823983935e-08
625 1.1648695260387577e-07
627 2.8611304367928547e-07
629 7.229597488376605e-09
637 3.825659018935179e-08
639 2.982948362326733e-08
647 3.015519050115633e-08
669 2.6125155703102295e-06
435 8.594515103538254e-07
91 3.535705954301836e-07
116 6.599270428190254e-07
117 1.5205003223736214e-06
641 1.260246979528489e-05
431 7.798892298072494e-06
125 5.687037211463757e-06
280 4.914312005680346e-08
92 2.3604238949585748e-07
137 4.0269971835138014e-10
153 0.00012350049322983606
174 7.570891299231478e-07
175 2.748213048023238e-07
181 9.005514978999499e-08
266 3.08841228814266e-08
307 1.0093714195228152e-07
339 5.533792040355471e-10
367 5.5365748057406076e-08
454 8.578771437009447e-08
542 2.420374295261965e-07
615 3.791080018810142e-08
617 1.170581955740146e-07
644 3.6791721055848246e-07
272 5.5352154508303626e-08
298 2.5884543942524843e-07
103 4.707139624211168e-08
140 4.218110036361822e-09
209 1.3908954781133065e-08
263 1.031924835699899e-09
279 9.381353829369176e-08
345 4.271292475748079e-09
476 5.7060114475942386e-08
618 2.6875832801086632e-08
720 9.590054890662386e-10
74 5.414243915053471e-07
89 1.2732293223254362e-06
18 1.3746509188259856e-06
26 2.0170331740745797e-07
50 1.0837685993605158e-08
81 5.055277487445511e-07
84 5.824032556679344e-07
101 2.198959173392439e-08
142 1.1280172190750415e-09
165 6.531120298064316e-06
193 3.7775015696415164e-08
203 3.8054105813344175e-07
205 9.091837640064209e-08
262 7.662661250250711e-09
286 3.349039030496027e-06
349 3.592390584488427e-08
361 1.0635983651237573e-07
385 3.6128642461281433e-09
433 5.623938526692031e-07
442 4.45753754572108e-08
474 9.667157574321377e-08
507 4.072850222207972e-07
614 4.259883833614604e-08
631 3.4360705246529887e-08
643 2.220995377486677e-08
510 4.3715878624800635e-07
132 7.986998415819429e-08
138 4.217280086667314e-11
247 6.464836524886335e-05
408 3.859982664669822e-06
591 2.5170863175699763e-06
359 1.2563101270681158e-05
289 2.3413366742496575e-05
384 3.7067649950535105e-06
699 9.968515547784211e-08
566 2.4686504951638574e-05
276 1.5548980250408673e-06
100 2.5916593949520757e-09
182 3.46959354818897e-08
185 1.6184037124081114e-07
552 2.9341278117130673e-06
609 1.2539445742650303e-05
616 8.325027219562276e-08
25 4.246080308741397e-07
57 3.57869419308567e-06
313 3.4799974653728964e-05
568 4.17944073140905e-07
22 7.470478488511145e-08
82 4.455694079817122e-07
436 1.8049646985767047e-07
135 2.3858254338865225e-07
177 3.5135423712923647e-07
202 1.5180742978078099e-05
362 1.5105938725287456e-08
15 2.2546064623121103e-07
463 1.4531892653726424e-07
710 2.417750371534439e-06
445 1.1331276417442987e-06
706 4.357354158774376e-06
711 3.9362339567728625e-07
250 2.2653676379517315e-06
418 5.753705599386137e-09
60 9.047731382387471e-07
131 1.2871539268318303e-06
189 1.9252014975652003e-07
479 5.584032939725267e-08
199 2.659829424400152e-06
383 5.773315376200926e-07
308 9.41787519395557e-05
561 2.406914546599715e-07
559 5.151326686019119e-07
398 4.5672905929042035e-07
143 1.1677641138493739e-07
252 4.402282224521956e-05
420 2.3723898330532527e-08
455 5.3870135503412355e-05
67 8.75724983932568e-08
55 3.112774849843336e-07
443 6.331403536023078e-06
253 3.649659985974183e-07
29 0.00021916294076871506
44 4.559509216866564e-06
321 7.77179690054566e-06
489 0.0004177317688617544
595 1.0265421830667414e-06
348 8.962951803400528e-09
599 2.8024629048750576e-07
110 1.1694432855832027e-06
109 7.904131900183114e-07
118 2.0902149142359743e-09
407 1.5403414221268445e-05
245 3.365108161184792e-05
285 8.505786905870337e-06
304 2.2239617371860044e-06
217 5.8463702854822855e-08
225 4.6543602185172114e-05
681 1.9709313552572399e-07
292 9.048306547939253e-06
235 3.908758534802169e-09
598 3.185625880512627e-07
68 2.6330970383710384e-07
415 3.106445493095972e-08
145 1.1727937053784618e-05
238 3.6587080536395434e-08
8 1.918531370233498e-07
63 4.98571952495746e-08
290 7.140363314274786e-08
372 7.431513712289675e-05
429 3.94354304883576e-06
295 3.753987107911045e-07
3 0.00014821538299120647
667 1.4176182006249254e-05
234 3.4572777663855588e-06
21 7.390462978298129e-06
376 6.41973783582164e-05
