19 3.489407933355626e-06
255 3.781233325800928e-06
380 6.851017828163038e-06
698 2.6282324239232783e-06
366 4.738459446246016e-06
11 1.650278648931586e-05
41 2.772960872700965e-05
324 1.939786732004187e-05
557 9.837231063726074e-07
581 1.8446772594336812e-06
661 1.0093870325915469e-05
663 6.865839681824314e-06
674 5.235190324474253e-06
296 3.2376255009762943e-06
441 7.193669405629908e-06
624 2.807811012187012e-06
39 3.3044942893745137e-06
187 3.4570595938096445e-07
341 4.557934008022531e-06
354 2.084027059430048e-06
377 1.465078515639349e-06
460 2.7661261333912148e-06
471 2.3610591639524298e-05
577 3.412488216585807e-06
657 1.243350900769475e-05
374 3.656746799087366e-06
558 3.07595017019396e-06
231 2.2929818099565004e-06
305 3.759873077865928e-06
325 1.2385027122970637e-05
450 3.3851063337384996e-06
478 1.331014115821929e-05
708 7.013666433999527e-07
73 6.278322346151261e-05
360 3.9717206737954534e-05
653 2.7250134718543157e-06
496 7.0151952202701106e-06
567 8.583295596503374e-06
652 3.4101247203334237e-07
664 2.550772233955362e-06
696 1.2691163502715554e-05
613 2.3144769048365514e-05
572 2.3728230327393867e-07
668 1.730738247981021e-05
17 7.719801076311563e-06
582 2.694432351736646e-05
670 2.9817334655695502e-05
672 0.00011583911939320206
284 1.911099412499201e-06
417 1.2729705708464395e-06
167 1.065252070446281e-07
683 2.849501114857467e-06
501 9.873328880809668e-05
277 1.1543315924314254e-05
414 1.4634861640721608e-05
196 3.3383126750687314e-06
483 2.0674970514094896e-05
588 2.648240902129387e-06
33 2.0430988767243902e-05
219 1.480652110930772e-05
221 7.58015307724288e-05
358 1.3189884949180918e-05
550 1.622327049725135e-05
480 0.00010453028628954801
37 2.2507267305774385e-05
223 1.0214979441294672e-05
666 6.363084154763823e-06
228 8.067339703721493e-06
538 2.0607648439878477e-05
684 2.860912709147546e-06
136 4.745269060358323e-07
686 3.867565676166528e-06
705 3.2431133994738263e-06
717 2.2509712197999964e-06
498 1.5254712777196859e-05
564 3.7600905756187486e-05
689 1.1993149109910277e-06
