678 2.723011034910737e-06
690 5.9057339949702385e-06
695 1.615578221781865e-06
120 9.14507678029752e-06
688 2.600554801507749e-07
331 3.839939694004733e-06
658 3.7820563839674895e-06
679 1.3670246985821632e-06
318 1.2273170933197844e-05
650 6.464298441234639e-06
701 1.2722677053994916e-05
224 9.020269634229346e-06
293 8.108876512055217e-06
5 6.495166974064692e-05
30 1.7320527534811024e-05
59 2.3736715071999336e-06
88 4.3478657908129756e-05
94 2.1621416143256524e-06
96 3.4410325548827334e-05
115 4.836361398585926e-06
130 1.5128825324115957e-06
170 5.292317592840032e-06
178 4.5070995969071217e-07
179 1.0061741299114473e-06
186 2.3458290988367e-06
227 2.777344425022849e-06
229 4.584265500773634e-07
317 1.681775080810578e-05
322 4.787314372708128e-06
329 2.530429065454663e-05
330 3.3954530302591442e-06
335 3.6715520415020806e-06
336 1.404946785280971e-06
340 3.6729061908369815e-05
355 9.343864174955682e-06
373 1.233268343096976e-06
378 2.191723498110038e-06
381 1.9991764886527906e-06
390 6.897634594951858e-06
426 7.832495698846984e-06
446 7.54552594476629e-05
464 8.008331608504154e-06
468 1.5664490634961852e-05
469 1.561096408557911e-05
475 1.6321803271457053e-05
495 4.680135723153353e-05
523 2.2146325257746237e-05
576 7.309514701811423e-06
586 3.71598982568272e-05
587 2.5010827868672323e-05
589 1.3385138807600706e-05
604 5.047289824947836e-06
654 6.460850010148837e-05
655 6.036895475675182e-05
656 1.955460578986789e-06
660 5.890695201219492e-05
673 5.616660400699947e-06
676 1.5677301474752252e-05
685 2.806536636238513e-06
691 9.670409793402862e-06
694 3.533142844945638e-07
703 5.4899181924631285e-06
716 6.946042350742507e-07
248 1.6132849966883778e-06
168 3.7482487290333947e-06
548 2.6412475883858687e-05
162 1.7433496581887761e-06
169 3.399011817261888e-06
191 3.62468867781286e-06
164 1.5603313059136536e-06
206 1.7943806895414828e-06
350 6.197826567620503e-07
680 2.9875842823192323e-06
155 2.6972225855516793e-05
578 8.25405354528689e-05
494 1.0432260377501945e-05
493 8.347562848424067e-06
504 2.568589551572288e-06
570 1.3147498284370127e-06
230 4.058874044548643e-06
