0 0.00030393535267297125
1 0.00013292413222360173
20 3.918553933590888e-06
31 9.853650180799208e-07
34 4.564695328519257e-05
36 6.352444297499298e-06
40 4.887272312888203e-06
43 1.9940670871642467e-06
46 4.080396540799799e-05
47 5.169491524761856e-06
48 5.632159063512813e-06
49 2.432446115419449e-06
51 5.535011181992175e-06
56 8.353099691296595e-07
113 2.701455643931334e-06
122 6.584314673328897e-06
176 3.0239985631863673e-06
184 4.392510283349915e-06
222 2.6946477719865056e-06
236 8.862669776670132e-07
237 2.5579295747101097e-06
243 5.736163391704816e-05
249 7.810639170888191e-07
297 2.8653278363588488e-05
314 8.68274338807346e-06
320 4.160225145601421e-07
323 1.1445886281992116e-06
327 2.0364526330710525e-05
333 1.612188674570526e-07
379 2.4330846290747952e-05
416 7.275070408335798e-06
432 2.6184240949212984e-06
440 7.178563551959076e-06
444 2.3336394630622063e-05
467 5.8169195872108644e-05
473 6.176454301099492e-06
486 0.00036793665019138
490 1.6672206939120234e-05
500 4.371207628484044e-06
509 8.427238728250952e-06
533 7.897752994911611e-07
545 1.4771055119759634e-06
546 2.9882426082841245e-06
555 3.19832042203612e-06
560 3.665147727415412e-06
571 8.660158069797355e-07
579 1.640342369493565e-06
580 3.512320929565342e-06
583 1.216628202881642e-05
585 5.49567434899606e-06
592 1.1830366620881256e-05
608 2.2084236425363674e-06
634 5.905384566469077e-07
662 2.117450802747623e-05
671 1.8632664241548325e-05
675 3.444511777435604e-05
677 7.197490939262044e-06
692 1.3564303061441183e-06
693 3.0195533041249148e-06
697 1.1642976379658696e-06
700 4.682065060538807e-06
704 4.944685826430025e-06
299 1.0194016092412932e-06
549 0.00012342800097475058
211 6.757905544273286e-06
312 1.8280021915315206e-05
562 2.283114938164941e-05
141 1.7519444192816077e-06
149 2.2543003051797964e-05
505 8.475545494705806e-05
9 3.40294430646091e-05
258 4.856895172495169e-05
123 6.867096222634375e-07
192 1.2290778879172217e-05
251 1.1168077562389776e-05
659 3.311916843571434e-05
32 9.1076197077716e-06
543 2.954398934325689e-05
702 1.35151874831442e-06
594 8.716833049430776e-06
332 1.7554524050398425e-05
547 6.027356874923763e-06
503 3.943372368024815e-05
502 1.1197345460963199e-05
334 1.0871001941389801e-05
129 2.8432528763468305e-06
171 4.320053234885055e-06
353 3.4878479272329656e-06
521 7.242795629546348e-06
584 6.988088368749367e-06
508 2.8427190527746097e-05
