0 0.00019185036996380823
21 3.900783614880241e-06
46 4.0657443306912514e-05
47 5.4099885893495975e-06
48 4.211980585651239e-06
158 4.581822391581835e-06
170 3.099718640561905e-06
379 1.8680188260425814e-05
381 9.384436121591154e-07
500 3.5449934962402635e-06
1 9.206269171670379e-05
29 0.00015532592681878268
51 2.6705779952724556e-06
56 4.5717800085855616e-07
167 4.296283651550453e-08
179 3.394417682846634e-07
249 6.458137028476374e-07
502 4.265989487247973e-06
3 0.00011287418562758075
37 1.5341510021592482e-05
42 6.912006865468593e-05
165 4.078146169629597e-06
178 3.8980584477220503e-07
243 4.592039407887806e-05
299 7.278680552434553e-07
323 5.758650815572552e-07
333 1.870557086484883e-07
373 3.959882181905609e-07
547 5.207352401644337e-06
557 7.658525263075262e-07
608 6.436542739136309e-07
652 1.5867742167758089e-07
685 1.6504500854796078e-06
688 3.1723318242735265e-08
708 9.467943659289486e-07
9 2.1406361524853695e-05
143 7.393668551078946e-08
149 1.1368805935694478e-05
187 2.860088195321857e-07
231 2.8275847352034468e-06
251 4.303062120780052e-06
284 2.2798276928957825e-06
305 1.776135617649715e-06
320 3.298905987730073e-07
353 1.3202472838194709e-06
417 8.944175436955649e-07
473 5.974298704204915e-06
572 6.846531662895389e-08
582 1.8172649401708377e-05
592 5.4977214391623765e-06
594 7.831881087917756e-06
41 2.9971752560248044e-05
59 1.0649850594712183e-07
94 2.02704686899745e-06
131 3.5878200440302474e-07
141 2.5616242077803723e-06
186 1.133523719608517e-06
236 3.661532671178154e-07
352 1.7526053628009102e-05
355 1.0143692150800132e-05
358 2.243742416106245e-06
441 5.960569452027912e-06
475 1.251588143143365e-05
538 4.44206407250142e-06
585 3.0767251236140094e-06
590 1.2461321683947427e-05
596 1.6052810228547637e-06
634 4.486716189349741e-07
653 4.804517224778058e-06
671 5.663002844905668e-06
676 5.108237075494836e-06
683 2.2177956454070615e-06
694 2.2369976126546887e-07
716 5.637737149279976e-07
11 1.392841177221508e-06
33 6.51711491900908e-06
129 1.933360122181912e-06
171 8.029800435692244e-07
196 3.0792476581475777e-06
223 4.589064742104585e-06
227 1.2977154814960124e-06
229 2.186516881517999e-07
322 1.7360465712152112e-06
330 1.593862067346692e-06
378 1.231825271494136e-06
414 6.054834983381458e-06
432 7.232207775895667e-07
450 2.8259769545792627e-06
460 6.859221910817697e-07
467 5.231737598317517e-05
521 1.18298354250938e-06
555 5.261691875494181e-07
567 4.496123502718399e-06
571 3.306016109043784e-07
581 1.4366704793551026e-06
584 3.0011740614555805e-06
586 3.610629147286123e-05
591 2.1552576192668573e-06
604 2.253630492758182e-06
624 1.0378100095907771e-06
650 1.4714443133515482e-06
664 5.487364513120855e-07
689 1.0235995490340158e-06
691 3.6272569708640117e-06
695 1.433451640227214e-06
697 9.349485470858011e-07
700 2.3100202208495507e-06
703 9.193114152522717e-07
31 5.088121986668678e-07
39 2.372059957620539e-06
113 4.2463876547280224e-07
136 4.447889364836121e-07
206 8.562696211014582e-07
222 2.594183536266091e-06
237 2.4019131731204282e-06
296 1.4981149793860574e-06
325 6.924486062437999e-06
334 3.937399623653017e-06
366 1.994806575651672e-06
377 9.540717068697031e-07
416 3.284851282466488e-06
468 7.829068843669144e-06
490 5.771079453419249e-06
496 3.895957010358279e-06
543 1.523270309934342e-05
544 3.6869908470467076e-05
545 7.729289555799232e-07
546 1.5619385032450937e-06
550 3.4665969298876932e-06
560 1.7706345634292555e-06
564 2.1396281171278778e-05
579 9.448732476978314e-07
656 1.053054101051477e-06
661 8.048647852750721e-06
663 3.758711881923906e-06
666 4.594698385762193e-06
668 7.2148128301660685e-06
673 3.1631613566327875e-06
677 3.1461271269566472e-06
678 5.232787591263339e-07
684 4.354168046371858e-07
115 9.169579702823939e-07
130 2.6016749780406513e-06
228 3.962758126559382e-06
255 1.4003090681164078e-06
293 2.156556558890343e-06
317 1.0132777639372596e-05
331 4.4374269774317556e-06
336 1.324118463536255e-06
354 2.521239395702858e-06
380 3.175003794939689e-06
504 1.765831084568276e-06
570 9.161336609492942e-07
576 5.258386622377206e-06
577 4.588195879305289e-06
580 3.1274528336179385e-06
583 1.4263072113590519e-05
658 3.01299524859854e-06
662 9.975596043380239e-06
670 2.1273013566648257e-05
674 6.911689950880241e-06
690 2.341177411388121e-06
692 1.0381329568801926e-06
698 2.5119808282037103e-06
43 2.3355968134864247e-06
304 1.8491922692833544e-06
318 1.0986425761625142e-05
335 5.173435608647587e-06
440 5.739882033300471e-06
464 3.1711581178362174e-06
498 1.6342376741473915e-05
587 1.8591553092550067e-05
595 6.979791417226816e-07
613 2.5672320215928847e-05
493 9.506801050095519e-06
509 5.852732550367514e-06
224 1.2827232604102428e-05
