321 8.635702551032201e-06
707 2.1845006738152428e-06
34 4.8782739421530015e-05
665 1.3815097401074127e-05
35 1.002388392640157e-06
145 1.0631612806181793e-05
245 2.0965153159454896e-05
147 3.075825874645789e-07
283 6.189584786617354e-06
593 7.214137771921703e-06
374 3.4418024636154753e-06
552 2.4942329055556706e-06
257 1.7228508151840468e-06
566 2.636023319499687e-05
248 2.216070598125691e-06
702 1.6685028762159829e-06
314 9.889550253662521e-06
471 2.2494539869946587e-05
80 3.835222107439449e-06
484 0.00011930453442293082
225 5.3869725877400744e-05
539 3.9405007774800434e-07
306 3.539031713306236e-06
332 2.3841577290060804e-05
342 7.23042606016126e-06
533 1.5213605890814728e-07
160 4.821668394579004e-06
302 1.3522643577475156e-06
505 7.01932896191501e-05
503 3.3808078825814974e-05
675 3.075245843201431e-05
411 5.316568291109389e-07
2 6.420634647557959e-08
4 2.9026151776829753e-07
5 7.28698015419775e-05
6 6.616277970723514e-06
7 1.503131166008782e-07
8 1.1900375318153338e-07
10 0.00016955568134268577
12 1.0468680544854994e-05
13 6.074042570348965e-08
14 4.601325419765461e-08
15 1.1726944101438778e-07
16 5.511805380432416e-07
17 7.407943564540903e-06
18 1.2900864174506219e-06
19 3.413296967369304e-06
20 3.6640282226506438e-06
22 1.1988954006589982e-07
23 1.9840885388205708e-07
24 1.653341497230577e-07
25 3.5878265371596596e-07
26 4.0026593260521524e-07
27 1.5906870864305426e-05
28 3.872757735056237e-05
30 8.138509759419706e-06
32 8.583663451533346e-06
36 6.097267078403313e-06
38 6.375702373079869e-05
40 4.036319883853656e-06
44 4.342608172651267e-06
45 2.953241452061486e-08
49 2.5830203471610602e-06
50 8.383413164113228e-09
52 6.013943090269444e-07
53 2.342691052104655e-08
54 2.55150919879375e-08
55 5.603432409017703e-07
57 5.1458909876147295e-08
58 9.842771346049127e-07
60 5.201607335173754e-07
61 5.545817375976433e-08
62 2.3041375516824102e-07
63 3.575147303766867e-08
64 1.6192009337183095e-07
65 2.654485007702147e-06
66 1.2031925511872578e-09
67 1.1929848017103753e-07
68 5.875846952001567e-08
69 2.233971969062806e-05
70 1.0568080331427615e-06
71 8.490068134305002e-08
72 8.375634090933519e-07
73 5.3290395265246694e-05
74 1.391561013165626e-06
75 4.5460864576758277e-07
76 1.6512057347962042e-08
77 1.6512057347961976e-08
78 2.127464410632084e-07
79 6.914822303878309e-08
81 1.3648752712373041e-06
82 1.9275270413556581e-07
83 1.317406342383186e-09
84 1.6827846591390542e-06
85 2.942715526214819e-07
86 6.737280095253731e-08
87 0.00017335852069264208
88 4.9600014654536956e-05
89 1.6452829451578565e-06
90 4.586161705085721e-08
91 1.3171082963767287e-07
92 1.2938991524444927e-07
93 9.445370555174655e-08
95 3.034555425264095e-08
96 2.8814604363584052e-05
97 8.603016247104777e-08
98 5.404155801386703e-08
99 2.678774817316857e-08
100 1.3531468852392391e-09
101 2.7468423080471413e-08
102 9.936783020683558e-08
103 2.4845950239193522e-08
104 5.6957025933877875e-08
105 5.651207645311388e-06
106 2.0630965608284567e-06
107 2.0069260344150423e-09
108 3.5536095220434124e-09
109 6.930864411398624e-07
110 1.0451069647427134e-06
111 2.6696316943572324e-08
112 4.222110805668283e-09
114 2.580059420017713e-06
116 5.117491238147569e-07
117 1.1070304762200013e-06
118 4.4049636568041855e-09
119 8.47766481753329e-09
120 5.1614354501341225e-06
121 1.3320905529634852e-08
122 3.7626310178746292e-06
123 1.8380190651983589e-06
124 1.3687172263863528e-06
125 5.870303049293482e-06
126 4.422232804984649e-08
127 2.1917835515458695e-07
128 1.6901718014823148e-06
132 6.559519934390142e-08
133 7.90480584645522e-10
134 2.0296694652303504e-09
135 1.7530227505791652e-07
137 9.289411921899657e-10
138 1.8632034212695865e-09
139 3.69872130822225e-07
140 1.8153321443090868e-09
142 8.872722369297189e-10
144 2.1655034915900397e-09
146 3.702496515804172e-10
148 5.178239987732229e-08
150 7.389759450502451e-09
151 1.1130422014284298e-06
152 5.9581505395849705e-06
153 0.000102118508242325
154 1.1019177528531706e-06
155 2.063356393050979e-05
156 6.81736178425629e-08
157 1.378482800130002e-06
159 3.2069669308193727e-06
161 4.947210039810724e-05
162 2.2632047542553926e-06
163 2.7424632238466188e-05
164 1.7522519889075533e-06
166 5.779438748031336e-07
168 3.6620882778715404e-06
169 3.5299684317088777e-06
172 1.0296687256575613e-05
173 8.945301116146159e-07
174 6.682080384302622e-07
175 5.98305058098036e-08
176 1.7954525326069247e-06
177 7.521861412565151e-08
180 1.1009066071549722e-08
181 6.8882302585842e-08
182 6.200919325982771e-09
183 2.218452092768676e-06
184 3.3229553249601427e-06
185 8.156394464639449e-08
188 2.7103271775012296e-05
189 8.388659988342548e-08
190 7.762622684390676e-07
191 3.777072187223846e-06
192 1.1139892208850657e-05
193 1.357359552109002e-08
194 7.352797963861047e-10
195 5.051496870168344e-08
197 1.6958644821502583e-07
198 2.1035104000476704e-08
199 1.4159537675143351e-06
200 2.515971137608659e-08
201 5.32080894506035e-06
202 1.3393247308255665e-05
203 2.5023311884696356e-07
204 2.4850677053799074e-08
205 1.1609366107380846e-07
207 1.8453770751680916e-07
208 1.5400660086751414e-07
209 3.573039865036375e-08
210 2.634197983543637e-08
211 5.299655424262937e-06
212 3.815531255475478e-08
213 2.8609041532579475e-08
214 1.177212037344731e-08
215 1.5504675931630232e-09
216 6.400255574529427e-08
217 2.960394234706517e-08
218 1.0086277494238294e-09
219 4.845566207333692e-06
220 3.676710025512868e-07
221 7.718486717966965e-05
226 8.516951499160179e-07
230 3.349955591056961e-06
232 1.0907400405476419e-08
233 3.5889135550626932e-09
234 2.3281798063773496e-06
235 4.748684544956453e-09
238 6.675363857175103e-09
239 1.0571469470845228e-08
240 1.384923858508941e-09
241 4.89978684766446e-08
242 7.13996622795993e-09
244 1.3980055237718386e-07
246 1.792361657481594e-07
247 3.254542450710694e-05
250 1.983060706714867e-06
252 4.001869858344953e-05
253 3.059274217528614e-07
254 3.0291983843035946e-08
256 1.171134909549298e-06
258 5.335400418563749e-05
259 2.761584066954142e-07
260 2.59625061328658e-08
261 1.4247034678391127e-08
262 1.9056946233823937e-08
263 1.956328678820005e-08
264 1.6071405545678992e-07
265 7.139093602822901e-08
266 2.2676808766694453e-08
267 1.7339562555989142e-08
268 1.4839503409210755e-08
269 2.9973858516099987e-06
270 5.578496019315252e-08
271 1.732205081718276e-08
272 4.057762868458756e-08
273 1.0608642723242617e-06
274 2.009770832786284e-08
275 1.5032860430575767e-08
276 7.550632157023516e-07
277 9.248356421151372e-06
278 8.096541721937742e-09
279 1.0638667774071891e-07
280 7.146736901016445e-08
281 1.306711032740727e-07
282 2.214394108971492e-08
285 6.734750386839303e-06
286 3.190862281551529e-06
287 3.313869412601273e-08
288 1.4633887755805243e-09
289 2.14710527341209e-05
290 1.4605489737611877e-08
291 1.7423584335786436e-08
292 5.62683963384643e-06
294 1.7342752996379946e-08
295 3.0965567020815633e-07
297 2.6835422377162112e-05
298 2.0558384985989308e-07
300 3.3204079631472975e-05
301 2.0624485119119175e-08
303 1.8901511181052878e-08
307 1.2956592740701708e-07
308 0.00010643364382832881
309 1.659070033372143e-06
310 7.162891092040504e-08
311 1.6663554197538185e-05
312 1.6059643758297903e-05
313 4.4000387797173685e-05
315 5.391685038004034e-06
316 3.4809797493705805e-07
319 1.9281764954491959e-07
324 1.747218677631571e-05
326 1.9035792260674252e-06
327 2.0213288429431537e-05
328 1.5103058985555541e-05
329 1.9046873379142598e-05
337 1.6557912411375276e-08
338 1.1982479997554687e-07
339 1.6663869972611833e-10
340 2.5208639672320324e-05
341 4.793823434752757e-06
343 1.1228591677829383e-05
344 8.380627395133554e-09
345 1.1137230373521384e-08
346 7.796869704572759e-09
347 1.58505658674093e-08
348 9.624539699723116e-10
349 2.9457960735579414e-08
350 5.650771007085605e-07
351 3.6914481516258706e-09
356 2.418354424665677e-06
357 3.719595911329093e-06
359 1.2057641287846087e-05
360 4.280140656416448e-05
361 9.796335266681467e-08
362 1.0265679739690524e-08
363 2.192208016295462e-05
364 2.5454788574051782e-05
365 9.103838997007281e-06
367 5.678872467449685e-08
368 8.203375861183549e-11
369 3.0268663252120656e-07
370 3.626615273920039e-05
371 1.0976567119385465e-07
372 7.131445406610935e-05
375 2.936173767731653e-06
376 6.116891816391688e-05
382 1.787357088561718e-07
383 1.46237909207609e-09
384 2.977730370935831e-07
385 6.177357888328597e-08
386 3.994746847411753e-08
387 2.0698283600628105e-07
388 4.2703928638280653e-07
389 5.5671292013099414e-08
390 9.053083794055028e-06
391 5.643680919433541e-07
392 2.6090954092163544e-08
393 6.199373527235096e-07
394 4.6347685054329715e-09
395 7.585667713773405e-10
396 6.280706181774773e-07
397 1.293913318709358e-08
398 2.2060934948005808e-07
399 2.133381502102552e-07
400 1.8126835567233692e-09
401 2.698295359458931e-07
402 4.1164629388897766e-07
403 2.509634283457181e-07
404 2.7539182358324832e-08
405 8.983058161928782e-05
406 9.953796130154217e-06
407 7.305427783883075e-06
408 1.6401417164044333e-06
409 4.4634492644698344e-05
410 3.16498974988912e-07
412 1.1753699263050933e-05
413 6.165939488581292e-05
415 8.014435623185177e-09
418 9.69311168497384e-10
419 2.372094957847574e-07
420 1.2081199440281026e-08
421 4.570802252114941e-09
422 1.5514421393703977e-09
423 1.4916787056599835e-06
424 2.902000906248085e-09
425 2.3936000506425958e-09
426 1.0650545240837271e-05
427 1.814286764792863e-09
428 5.958805246419822e-09
429 2.951765228617237e-06
430 3.750657488085835e-07
431 7.999727029238359e-06
433 6.601315744808624e-07
434 2.393615795679162e-05
435 4.7224328584799894e-07
436 2.8270977768190595e-07
437 1.037756141231702e-07
438 3.174978141062848e-06
439 2.73695753770933e-06
442 1.4161642174806345e-07
443 5.863625358371174e-06
444 3.0061298715384113e-05
445 8.899186312590115e-07
446 6.915368701963004e-05
447 1.327296235696106e-07
448 1.416734601389068e-07
449 3.884190843338302e-06
451 3.237871980110014e-06
452 1.395111533507278e-07
453 1.512278178676741e-07
454 1.472272597658177e-07
455 4.693125456592454e-05
456 1.0858937311325887e-06
457 4.134563686302258e-09
458 2.490651631458821e-07
459 1.4949512549639608e-08
461 7.251897431574893e-07
462 3.301011731281355e-07
463 2.4932199452997247e-07
465 5.111754086285687e-08
466 5.1034927314762e-07
469 1.6777474828015372e-05
470 2.669543859559927e-07
472 6.846234092175282e-06
474 1.2106207494092293e-07
476 1.258870328735631e-07
477 7.117772222062584e-08
478 1.2366977784682726e-05
479 4.195496836126283e-09
480 8.867423368215049e-05
481 0.00013724972242063277
482 1.1150259789753554e-05
483 1.2650014093747508e-05
485 0.00012631652935103692
486 0.00035162395571979824
487 4.495717687357333e-07
488 7.046708050246635e-05
489 0.00039295306544462805
491 7.458419492464147e-05
492 9.45698238133944e-07
494 1.1257418974016978e-05
495 3.460100151765118e-05
497 8.969778058212309e-05
499 0.0004936589469460128
501 0.00011014926296081567
506 4.8453240633238035e-06
507 3.839233016654501e-07
508 1.2248296882459565e-05
510 4.1512240409338195e-07
511 6.142779657567562e-07
512 2.2962008066366753e-05
513 1.4595732801501612e-06
514 3.7468260998425434e-06
515 6.495684218163413e-06
516 3.763098620149842e-06
517 8.234502691626873e-09
518 1.421015719381274e-05
519 1.383327768578184e-07
520 2.5255712907809114e-07
522 1.6086066730300032e-07
523 1.427395295987385e-05
524 3.896281421625004e-05
525 4.720762364213608e-07
526 1.4038049121259145e-06
527 9.306317649317704e-07
528 6.697171904750677e-06
529 1.5036136775557858e-07
530 1.0975631579049278e-06
531 7.328381974133148e-08
532 5.146437869498636e-07
534 1.204188599807012e-07
535 2.0796290401327553e-06
536 5.102309587044768e-07
537 1.1986423283333657e-07
540 1.929128005533636e-07
541 5.2866785741734404e-08
542 3.381530098600194e-07
548 2.2246364303363826e-05
549 0.00011295931601769064
551 8.411701107741772e-07
553 1.5112313097254568e-05
554 8.915327416854585e-06
556 9.321232778639481e-06
558 3.4534665750308155e-06
559 3.6533659872933196e-07
561 1.2247052253929351e-07
562 2.4169171911761605e-05
563 5.611425145073956e-08
565 2.511799089176487e-06
568 3.3574335002332114e-07
569 1.3018319200414167e-06
573 5.08917592915229e-05
574 8.23323252238096e-05
575 1.603093015806404e-06
578 7.896857065403698e-05
588 2.396719957502952e-06
589 1.2466958770547774e-05
597 1.2073032903304514e-06
598 1.5547993628298825e-07
599 2.2853265779065335e-07
600 1.5039438989650795e-07
601 1.9386756707481412e-07
602 1.0843582744167891e-07
603 1.3548983745339507e-05
605 1.0918639418051383e-07
606 5.665507584950057e-07
607 0.00014581780027564576
609 1.50478167305668e-05
610 1.2656630878983917e-07
611 1.3976695995405128e-06
612 2.2632109359056325e-07
614 1.8640946978117928e-07
615 1.4479591745772574e-07
616 9.901326829957203e-08
617 2.4115164696232414e-07
618 8.387592646291437e-08
619 3.1252096966202715e-07
620 9.841009770594132e-08
621 7.252791299789208e-08
622 1.8850029346983063e-07
623 1.2792072383574102e-07
625 3.638387276011917e-07
626 2.017564916800102e-07
627 3.8562425079655226e-07
628 7.096858370166267e-08
629 1.0663899473623316e-07
630 3.0958499050232224e-07
631 1.9632136393314588e-07
632 3.1996245219403223e-07
633 1.2604147787889972e-07
635 1.0767751350348729e-07
636 1.5867890706956281e-07
637 1.7235779380135117e-07
638 8.913821793315789e-08
639 1.1895314419778112e-07
640 1.7532387430876938e-07
641 1.1613384549334672e-05
642 1.5497255811911221e-07
643 1.2386639791279348e-07
644 6.16077543225088e-07
645 2.4072588669596273e-07
646 1.6845589170367163e-07
647 2.336600898038517e-07
648 4.512155477430286e-07
649 3.5753209319820033e-07
651 1.6115210667341724e-07
654 6.872406627131914e-05
655 6.884125765820193e-05
657 1.5127762327304075e-05
659 2.8914877189684237e-05
660 6.070352893886734e-05
667 1.5245236627948786e-05
669 2.333457052424503e-06
672 0.00010266083630231587
679 1.0560528111560673e-06
680 3.5052896197466463e-06
681 3.8630968481770715e-08
682 6.017874094235407e-07
686 4.547698633934115e-06
687 3.0105286353293276e-08
693 3.1812623423917298e-06
696 1.190894080308191e-05
699 4.632589068107381e-08
701 1.1480094502439984e-05
704 4.048788293953832e-06
705 2.2415182494800835e-06
706 3.419846030714061e-06
709 2.332084690769741e-10
710 2.6444512383590685e-06
711 7.521258172406962e-07
712 6.136401759276436e-07
713 1.0357822943680046e-07
714 2.6075064981560596e-06
715 5.561289504086905e-08
717 1.849219087764397e-06
718 4.3939156888404535e-10
719 9.942636983470506e-09
720 9.470080584404294e-09
