503 4.1489820016471726e-05
401 5.14715844157065e-06
606 7.071859795298836e-06
371 1.1288353127490434e-06
601 5.099870057052447e-06
573 5.386736362741751e-05
303 8.260966572835055e-07
602 4.2970664924996655e-06
206 2.4878491177966484e-06
329 3.1082601509605496e-05
177 6.33556718569131e-07
215 1.8357457658180337e-07
253 3.1425552584748884e-07
97 1.7109754287669439e-06
315 1.0859841387242223e-05
447 4.769052433739524e-06
448 4.603309519482172e-06
587 2.865561801584224e-05
149 2.2115424708233904e-05
488 9.157311136235128e-05
291 1.060611613317515e-06
83 1.0418020237812225e-07
593 8.379959770576866e-06
715 1.3584649867857315e-06
98 1.3572604956489563e-06
319 3.0387463641838128e-06
13 1.885735035077401e-06
208 1.50123434642703e-06
226 1.3457613057243214e-06
313 3.483324636738824e-05
404 5.826191694177104e-07
665 1.5163827231566173e-05
649 3.7394541475033304e-06
152 7.921171475551424e-06
247 6.453277271063029e-05
260 6.46810711915075e-07
326 2.387598577276778e-06
400 4.022775855439037e-08
548 2.6151222746330384e-05
74 1.1091885331096083e-06
169 3.822722449638732e-06
554 1.6133853362294602e-05
146 2.7347661296141827e-09
514 5.525215491327635e-06
35 1.2865823141473737e-06
36 7.322912765473686e-06
176 3.603114167279252e-06
300 2.9373396069710593e-05
328 1.1854692219989218e-05
348 2.4236209331750347e-08
350 6.498768916277663e-07
406 9.867283794061246e-06
420 3.8230591106192334e-08
435 8.755590686176728e-07
486 0.0003670927909271966
504 2.562460113679488e-06
525 1.9111572632075846e-06
549 0.00013712300913248024
681 3.42393909844571e-07
168 4.527859018827386e-06
311 2.0172605713098523e-05
25 4.2209524494607895e-07
29 0.0002146209551923079
40 6.079959935635407e-06
90 4.423126931450225e-07
113 5.159852403859821e-06
217 2.3147092441212498e-07
276 2.123943930930446e-06
432 5.71691388697851e-06
512 2.1456192999973248e-05
513 2.684629808080319e-06
533 8.137721021829757e-07
544 4.4981167490359196e-05
545 3.2505895651048284e-06
598 5.866322214433164e-07
600 9.974625337781532e-07
658 6.972256321513191e-06
693 3.2577901149959438e-06
399 5.630921361232115e-07
164 1.7626604133788098e-06
3 0.00014640695607963565
7 6.347138887162008e-07
34 4.543013772977601e-05
44 4.448805098687598e-06
87 0.00019176217558327174
110 1.203063885187946e-06
116 7.303637055358463e-07
143 1.5210838648194878e-07
207 5.889345358404941e-07
211 7.360350091037054e-06
238 5.6270249517542276e-08
243 5.8281842141941895e-05
244 9.175570458646054e-07
249 9.020693899793051e-07
252 4.365740999701779e-05
257 2.0873814841159456e-06
290 4.6328970833181405e-08
304 2.1723664739427205e-06
352 1.933808051858948e-05
357 3.6025118456510468e-06
375 4.037812320902656e-06
431 8.16688394616187e-06
446 8.801593804616852e-05
492 1.4452347278385296e-06
570 2.120472820594294e-06
599 6.170257695727673e-07
666 6.31237704875595e-06
692 2.4604521826974363e-06
8 4.920912481962124e-07
18 1.3658199159205057e-06
19 4.079022446884854e-06
42 0.00010181444214134048
54 1.3886880788683358e-07
57 3.7410027723819637e-06
63 1.1616606289853155e-07
66 1.1987306112081645e-08
67 6.803684719353409e-07
91 4.960038965157351e-07
103 2.2826658780581648e-07
105 5.96963168425968e-06
106 2.6076762268814318e-06
135 2.8593756557646647e-07
145 1.1461113106701384e-05
148 2.9485228804098587e-07
163 2.6479949351267177e-05
166 6.621756626771647e-07
172 1.2203365027395351e-05
202 1.5049512513381069e-05
203 8.382590270800658e-07
212 7.088405804608665e-07
213 6.295471085223272e-07
220 1.642329929498619e-06
235 4.504768970420059e-08
272 2.1987213519339608e-07
274 8.027855246695496e-08
286 3.4608858873644574e-06
298 3.744531257025373e-07
349 1.3737688921149745e-07
359 1.243043454552944e-05
362 2.034830194904408e-08
363 3.0087669586453424e-05
365 9.591272419290773e-06
368 1.5948077089253802e-09
423 1.7898469669732645e-06
484 0.00013350594416036728
506 6.247508752599761e-06
508 2.9642493791291563e-05
511 1.4810220243378392e-06
524 3.029383297360085e-05
526 2.216540541115667e-06
527 1.049390846104736e-06
528 8.069561389821526e-06
536 7.727150849863004e-07
542 7.204043156267553e-07
566 2.4670726305815776e-05
597 1.4329166335454218e-06
607 0.00012927596349218958
608 2.4945139456453126e-06
636 9.085155655246214e-07
717 2.311699504264571e-06
2 1.3422817712219682e-07
4 3.387454130829501e-07
6 5.420433286001306e-06
10 0.00017405540849533798
11 1.873697640465516e-05
12 1.1903807402920073e-05
15 7.470650761808382e-07
16 2.1571638325300475e-07
17 7.886051807315516e-06
21 7.17581789431053e-06
22 5.994129622654545e-07
23 1.2274372127983904e-07
24 2.0413661208637337e-07
26 3.0912112294342117e-07
27 1.3979291753460574e-05
28 3.8756741901433e-05
33 3.3792683981278866e-05
37 3.750077066300549e-05
38 5.350959378037847e-05
39 5.3530295922382086e-06
41 2.773617095213046e-05
45 2.860648498566555e-08
50 6.0967821744186066e-09
52 5.609375190164979e-07
53 2.8082495169946166e-07
55 6.818785489435444e-07
58 5.016522169821008e-07
59 3.99156600626081e-06
60 7.427198452841439e-07
61 4.2159298351971297e-07
62 3.027966792653007e-07
64 1.7960627893684767e-07
65 1.5779442180715839e-06
68 4.904785026010878e-08
69 1.9738626505522262e-05
70 3.913892462570647e-07
71 2.295198260400708e-07
72 2.0229598175028464e-07
73 6.409723159191988e-05
75 1.7561432410653376e-06
79 8.120589188129765e-07
81 2.828036381959026e-07
82 2.3808906588344208e-07
84 2.0234535694513156e-07
85 9.808730526924249e-08
86 7.041248653236943e-08
92 5.83015880069029e-07
93 2.4581522990168083e-07
95 7.476255292484329e-07
100 1.1269766168782284e-08
101 3.3375654910789464e-08
104 1.5412398062407052e-07
107 6.9368440989892956e-09
108 3.923026500928479e-08
109 8.267026916065025e-07
111 4.3808507085000706e-08
112 1.3015136009172946e-08
114 2.9047593330920334e-06
115 1.0416492228244516e-05
117 1.9151523204879144e-06
118 1.6168657236915576e-08
119 2.2165139293330314e-07
121 5.7742874549213075e-08
131 1.3718628537524708e-06
132 1.0935168061525588e-07
134 7.533101621120195e-08
136 4.039754935388717e-06
137 1.1671692582824872e-08
138 7.553799631193054e-09
139 4.4231096973124684e-07
140 5.125252848972229e-09
142 1.1783163829172647e-09
144 2.0860029236039507e-08
150 2.0124621673124962e-07
151 1.3526130722286622e-06
155 2.765596466630292e-05
157 1.972560521276415e-06
158 4.963716035199588e-06
159 3.920333050657836e-06
160 5.21872314409261e-06
161 4.6028121095080795e-05
162 2.484090975306823e-06
165 6.5566458932223245e-06
167 5.645670108326803e-07
173 9.699371336517882e-07
174 7.193564203406603e-07
175 2.5660736487274885e-07
179 1.8138507003693976e-06
180 2.075612336837054e-08
181 9.408682899521114e-08
182 7.962434907151835e-08
185 1.1807167258326182e-07
187 1.3295033875670151e-06
188 2.7654269561850343e-05
189 1.0133565425233591e-07
190 7.938337043687794e-07
191 5.771076130322475e-06
193 7.28452580096022e-08
195 4.2617085502819054e-08
196 8.816711818211176e-06
197 2.358896641889159e-07
198 5.886338088656007e-08
199 2.1662609433148047e-06
200 3.7000076596425715e-08
201 5.343943498286932e-06
204 8.069304139021374e-08
205 2.4227731218602227e-07
209 4.871813044323107e-08
210 6.175253209830792e-08
214 1.2241452405542546e-07
218 1.2100330790595883e-08
219 1.3990572431036637e-05
221 7.523318149137525e-05
223 1.0238298757566406e-05
225 4.572760643197509e-05
228 9.346342905677735e-06
231 3.8641864389165755e-06
232 8.531259421793275e-08
233 1.2128696016675463e-08
234 3.0755558648218344e-06
239 4.8308089455593694e-08
240 1.5035211525471506e-08
241 6.324040827614684e-08
245 3.3002271723799264e-05
250 2.1729286476961495e-06
254 2.0212381697988574e-07
255 6.155431762823848e-06
256 1.724445994735582e-06
259 4.3117794218469027e-07
261 3.7698780216495786e-08
262 4.7885951797715655e-08
263 2.6749563340402197e-08
264 2.847410993396568e-07
265 3.0065632290211173e-07
266 2.120360655927361e-07
267 6.089527786100718e-08
268 3.29957011914782e-08
273 1.162530477506559e-06
275 6.935447727665132e-08
277 2.1325542224614766e-05
278 3.026106383827971e-07
279 1.5313709538904208e-07
280 1.2364314803247328e-07
281 7.745014846372417e-07
282 1.061440406683763e-07
284 2.862038061155127e-06
285 7.709861277167196e-06
287 6.547788162124776e-08
288 5.0937466302543656e-08
289 2.2636456686012545e-05
292 8.43480120653392e-06
294 5.029840943614512e-08
295 3.111880909078192e-07
296 5.9989805859250445e-06
301 1.876890052440396e-07
305 7.1529618226657295e-06
306 3.1715872859560963e-06
307 1.6210608503795613e-07
308 9.028948956704461e-05
309 1.4700361732220276e-06
310 9.345790478224405e-07
317 2.3589943843241994e-05
321 7.758228539244855e-06
322 6.892615627422632e-06
324 2.8599030876053177e-05
325 2.4961874713288377e-05
330 5.1647524713961354e-06
337 1.5083729314987334e-07
338 2.4737550532950665e-07
339 1.0860801496044233e-09
341 5.232135648826552e-06
344 5.968688730884264e-08
345 4.790136435967485e-08
346 6.257796866005413e-08
347 9.153929939686274e-08
351 5.1490452321457955e-08
354 4.012659604426861e-06
358 2.5109235870482464e-05
360 4.2574650641610606e-05
361 2.652363040428462e-07
364 2.195780373508692e-05
366 8.265037711852737e-06
367 1.219651469159208e-07
369 4.601349084412039e-07
372 7.08489571302693e-05
374 4.093836263393372e-06
376 5.9657442477243554e-05
377 2.3465394189610927e-06
380 8.919867222623502e-06
381 2.3090295649511853e-06
382 9.806907858367272e-07
383 5.434939271713267e-07
384 3.6283774314514523e-06
385 3.1730022052955634e-08
386 1.3015249117979103e-08
387 7.720028153225394e-07
388 4.519852517768613e-07
389 7.617418676832278e-07
390 1.0711788446028822e-05
391 4.907626980200009e-06
392 2.9022504080669706e-07
393 4.288674434597239e-06
394 4.5233024032110284e-08
395 4.163426343431539e-08
396 2.321174309798625e-06
397 5.986961039391582e-08
398 8.809888227658766e-07
405 9.572326231956676e-05
407 1.2355508163546272e-05
408 3.517709427059591e-06
411 4.898610469050972e-06
413 7.014665075175161e-05
414 2.897600052630459e-05
415 3.2846663411964186e-08
417 1.2307498767463248e-06
418 6.185727954628007e-09
419 3.3013012493306056e-07
421 1.6995978236743163e-08
422 3.1516746285450173e-09
424 2.1396428278952083e-08
425 4.881397383554368e-08
426 8.703099669248293e-06
427 2.377736540161086e-09
428 7.709360122060588e-09
429 3.5971675636260452e-06
430 2.749764518834294e-07
433 5.06629810723898e-07
434 2.8060325211164343e-05
436 6.287642704152568e-07
437 1.8183759437426055e-07
438 1.7448173714858416e-06
439 2.5271646285186604e-06
441 1.4997367534952165e-05
442 2.552692728623436e-07
443 6.4551697003662836e-06
445 1.0330648411320132e-06
449 2.015825329117829e-06
450 8.868731360382107e-06
451 3.1812765436240495e-06
452 1.0725427212723236e-06
453 7.273113895261042e-07
454 2.7422723923234233e-07
455 4.651403604524599e-05
460 4.809044628139082e-06
461 2.5326805646732295e-06
463 2.3103414505423332e-07
465 8.10595340319264e-08
466 1.792936971282774e-07
470 3.3273239545665324e-07
471 2.6492690784068307e-05
474 1.0637095180168369e-07
475 1.7855692766406084e-05
476 8.185090586608029e-08
477 8.280779318691013e-08
478 1.5465905391573578e-05
479 3.316264504354764e-08
480 0.00010814196009119908
481 0.00018695022660692367
482 9.813183016661333e-06
483 2.0595433056191257e-05
487 4.862564388864798e-06
489 0.00040950209250674706
491 8.055487334121379e-05
493 8.552367526378345e-06
496 7.366020335427944e-06
498 2.5677037364049404e-05
499 0.000471260599631695
501 0.00011862948600312767
507 1.0391894878696943e-06
510 1.0731909464256209e-06
518 1.803961548352303e-05
522 4.1235594960197635e-07
523 2.7077189556277404e-05
529 6.727674053098815e-07
530 1.933048710345335e-06
531 1.8662013164631233e-07
532 2.135343530496647e-07
534 2.1873988352844677e-07
535 2.2645267634483225e-06
537 2.2226060445716383e-07
538 3.820001177790084e-05
540 6.725619799041842e-07
541 2.000972020679086e-07
550 2.171796084295893e-05
552 2.8947371273358656e-06
553 1.565431488639731e-05
556 7.361138661020001e-06
557 1.9885570290048257e-06
558 5.651042004175415e-06
559 3.5983919612634017e-07
561 1.248761152512006e-07
564 3.701876506729289e-05
567 2.2816091149516506e-05
572 9.952198594263123e-07
575 1.8059573623340781e-06
577 4.902761741168729e-06
581 3.8760777803320804e-06
582 4.3349620857126867e-05
584 7.066058352273288e-06
588 2.856212001472999e-06
590 9.866161716410464e-06
595 1.0096770283267753e-06
596 4.038553507208487e-06
609 1.2753897621498079e-05
610 7.600587658728968e-07
611 2.326849559252882e-06
612 5.99945142970957e-07
613 3.20110185550436e-05
614 5.972153992334581e-07
615 4.545746921937102e-07
616 3.757046473627635e-07
617 4.786042678842123e-07
618 3.117855107149954e-07
619 3.7690211613189843e-07
620 3.035784886088025e-07
621 1.7401034510754853e-07
622 3.222271308472882e-07
623 3.302828687148191e-07
624 5.787362797242825e-06
625 2.689059034320189e-07
626 3.803263414454081e-07
627 6.347963958670197e-07
628 1.3037257997847047e-07
629 1.8512211433860584e-07
630 2.3703617477544495e-07
631 2.14554735571353e-07
632 4.767004864367696e-07
633 4.526154066680854e-07
635 5.011914706028178e-07
637 4.155180064196956e-07
638 1.99049055348495e-07
639 1.034211862515917e-07
640 2.403559439325027e-07
641 1.2843510483423347e-05
642 9.668935092601535e-08
643 7.088385867297153e-08
644 4.3629362546243517e-07
645 3.1183546173156115e-07
646 1.6161158253702836e-07
647 2.30879637449873e-07
648 9.760107056332522e-07
651 7.899167256773316e-07
652 3.201201313927547e-07
653 9.874429555448185e-06
655 7.26705510200608e-05
657 2.2873142417979732e-05
661 2.1456001618668506e-05
663 1.7352457301034865e-05
664 3.545588350857224e-06
667 1.38159204848907e-05
668 2.689304246533292e-05
670 4.3107178604111636e-05
672 0.0001179803802353975
674 7.005382006985461e-06
676 2.0284548918323113e-05
680 3.031352013939993e-06
683 2.7175945663823985e-06
684 3.1345816128291748e-06
686 4.1755337711496486e-06
687 6.01554604147607e-07
689 1.2220245785912976e-05
691 1.4716209472123511e-05
694 1.192712644200062e-06
696 1.6953209423333874e-05
698 4.012765344236524e-06
699 9.858989057922741e-08
705 5.89285780218717e-06
706 4.095175272364203e-06
707 2.7623202690685893e-06
708 1.2481296171368436e-06
709 1.1712439858324506e-09
710 2.1050008912023745e-06
711 2.3760316066918905e-07
712 1.8667037701247363e-07
713 1.2467495069768058e-07
714 2.344924119137523e-06
718 1.4894344727370717e-10
720 1.088585861693944e-08
