0 0.000302329926033945
1 0.00013067851548541045
9 3.622031303557751e-05
14 9.944510638382528e-07
20 3.7616266242377263e-06
30 1.711043221017203e-05
31 1.0422338073217227e-06
32 9.103240435660787e-06
43 2.0267634798540248e-06
46 4.3062258930532345e-05
47 5.80050972475615e-06
48 6.211697788906166e-06
49 2.6579391101297025e-06
51 4.520038832473285e-06
56 7.234390370989701e-07
76 2.2849060767102134e-07
77 1.0305416486730343e-07
80 5.672638840556336e-06
88 4.866150049535708e-05
94 2.3273483784689535e-06
96 2.6765167826644023e-05
99 1.5193220446159369e-06
102 2.000595511214251e-06
120 8.566744682832267e-06
122 6.005806725159265e-06
123 4.23001608654315e-06
124 9.956338367422477e-07
127 5.189053483479293e-07
128 2.5906721520373197e-06
129 3.779738011357739e-06
130 5.5020358837039e-06
133 2.2046127604540254e-08
141 2.9491450265855673e-06
147 4.245096345721997e-07
154 5.505722198210936e-06
156 3.632344994696438e-07
171 4.295893107152044e-06
178 9.048387871447219e-07
183 3.604642573848174e-06
184 3.0573461736859447e-06
192 1.536694817944027e-05
194 7.174983084623329e-08
216 8.847130086431818e-08
222 2.481299419916279e-06
224 1.4433331078991382e-05
227 3.964404391557214e-06
229 6.412045577347531e-07
236 6.289660412718801e-07
237 2.2999639761868358e-06
242 1.0983607445822466e-07
246 2.3337573470123946e-06
248 1.7269798151625552e-06
251 1.835467573048645e-05
258 5.159675879325558e-05
269 3.909710906666337e-06
270 1.2772694219903754e-07
271 7.131965562573911e-07
283 6.648171602094846e-06
293 7.079336650615931e-06
297 3.112024161242539e-05
299 5.505364037861633e-07
302 1.562794582850259e-06
312 3.556351684844847e-05
314 9.071280168053054e-06
318 1.634064995401547e-05
320 4.3715700315549964e-07
323 1.522261816627687e-06
327 1.6657677887834445e-05
331 5.056884171237672e-06
332 1.77296503549715e-05
333 1.8103066552878467e-07
334 1.1450271021238284e-05
335 4.714859211631475e-06
336 4.157014739099338e-06
340 4.037465898827075e-05
342 8.790267220526016e-06
343 1.2272455724601977e-05
353 4.281541149689441e-06
355 1.1369669301055153e-05
356 2.9127562923259295e-06
370 3.348065413422435e-05
373 1.1093082603453775e-06
378 4.52034982872191e-06
379 2.3063891004980818e-05
403 1.2377507628542255e-06
409 3.7366236504168796e-05
412 1.1740985035297549e-05
416 6.332222354489904e-06
440 8.615466285103661e-06
444 3.258145451985519e-05
459 9.048364495608834e-07
462 5.571694934555491e-06
464 7.676537012242638e-06
467 5.259537859323276e-05
468 2.1020394977536086e-05
472 6.102931264135029e-06
473 5.766460047759422e-06
485 0.00016130814753687603
490 1.3783822326579587e-05
494 1.1037809850064388e-05
495 4.497788532657891e-05
497 9.421512453350642e-05
500 4.956495392591659e-06
502 1.3188194676570987e-05
505 8.446018124437567e-05
509 7.625692678221133e-06
515 1.1057043317393205e-05
516 3.754676651104824e-06
517 2.9837948212846205e-07
519 2.8589729695816486e-07
520 7.600720272353074e-07
521 6.4523131818525635e-06
539 3.638674946047015e-07
543 2.9612605781688142e-05
546 2.9925968130073897e-06
547 6.1106649982542895e-06
551 1.280875822617076e-06
555 5.611652405277014e-06
560 4.274247877025603e-06
562 2.865988027891199e-05
563 3.6154072147828283e-07
565 4.250858667031983e-06
569 2.3223749702543374e-06
571 1.1635804003695827e-06
574 9.104441035634221e-05
576 9.690195627870713e-06
578 7.941253691907636e-05
579 1.6597725032454914e-06
580 3.532249285211966e-06
583 1.2253500908071348e-05
585 4.558841953515065e-06
586 4.0065907724431695e-05
589 1.5572779414819512e-05
591 2.4057529776484354e-06
592 1.3812382960996844e-05
594 8.796996427322658e-06
603 1.5838440360995464e-05
604 6.5796382490726625e-06
605 3.6438365142734018e-06
634 5.351501535574755e-07
650 7.961982684468231e-06
654 7.640982220789135e-05
656 3.042119894583927e-06
659 4.7396668113663174e-05
662 3.136365720717449e-05
669 2.5225643825423086e-06
671 1.3929976545541532e-05
673 8.967808693527197e-06
675 3.9761495261932025e-05
677 8.17857892422188e-06
678 3.7844339647130278e-06
679 2.2267998146087985e-06
682 7.371568103588298e-07
685 4.266191172922039e-06
688 5.498143852187164e-07
690 6.718492062006661e-06
695 1.7825424841445183e-06
697 2.234862665246083e-06
700 3.661567555480853e-06
701 1.5952779331461915e-05
702 1.9483390951232514e-06
703 8.059136125968598e-06
704 5.668033068680729e-06
716 1.0702833612399895e-06
719 1.120147737487406e-07
5 6.534561312569891e-05
78 4.101821809698943e-06
126 3.817164497375128e-07
170 5.27177841081074e-06
186 5.255225226911214e-06
230 4.944445222544133e-06
316 3.994007254512918e-06
402 3.928422068923909e-06
410 4.6461077205115566e-06
456 1.0475773693094202e-06
457 3.8380379843721e-08
458 2.0747085650050588e-06
660 6.48965542307869e-05
89 2.167121973898907e-06
125 6.011572494237257e-06
153 0.00013403757613072642
469 1.6253681861894233e-05
568 3.7924294541871506e-07
