688 7.151078890531453e-07
318 2.3700058775059035e-05
624 6.037030357433643e-06
162 1.7683071388015008e-06
655 6.618568722531416e-05
164 1.324781068170308e-06
178 7.867596219394829e-07
224 1.1205673009567237e-05
302 1.9626419892732162e-06
331 4.229588989280754e-06
335 4.930821120035228e-06
701 1.219362516448815e-05
128 3.048862530929135e-06
168 2.715847938504825e-06
169 2.6387684906283094e-06
248 2.4821814780840457e-06
296 5.986554300069225e-06
654 7.267572608014438e-05
690 5.401166518369179e-06
130 1.1865921109890562e-06
155 1.7799367695962125e-05
227 1.612714590070811e-06
229 2.731429165353442e-07
317 1.809222620112184e-05
355 8.500592209238921e-06
380 5.796525554838778e-06
381 1.7221085686885465e-06
416 5.928331363507373e-06
426 7.746718415596181e-06
475 1.5959329849591618e-05
494 9.126476837586496e-06
505 8.714357229208989e-05
585 4.245651432382594e-06
586 3.721096162964844e-05
589 1.3302660426825692e-05
594 8.91336121947287e-06
656 1.3633121604020264e-06
671 1.6405553090785966e-05
694 1.6419803789391135e-07
700 3.205669851955501e-06
716 5.633545095457846e-07
9 3.770523641508214e-05
30 1.7056669335556494e-05
59 2.149490956958438e-06
80 5.650509275035076e-06
88 4.188680002924037e-05
94 1.9717840960214183e-06
96 3.606776952811288e-05
115 5.469441642354248e-06
129 2.9871723217298542e-06
170 5.920298447412722e-06
171 3.7250223316971714e-06
179 8.19182441367873e-07
186 4.038949420233791e-06
191 4.904748128406506e-06
206 1.9266555584817217e-06
293 3.4423512621049375e-06
324 2.5813802781307062e-05
330 2.7339091484011467e-06
334 9.292844446756538e-06
336 2.1266668972531476e-06
340 3.065508603720084e-05
353 3.3695124577432615e-06
373 5.93548495684619e-07
378 2.4365954833074534e-06
390 6.782774754662024e-06
464 5.739899281256868e-06
468 1.8120886318077636e-05
490 1.8708512181868245e-05
495 4.116774115745891e-05
521 6.5068899388383916e-06
523 2.417846263577049e-05
543 3.021320940882202e-05
576 6.41538580955306e-06
578 6.809635561760055e-05
590 9.472655611439403e-06
592 1.3218436731157826e-05
596 3.5553075009997426e-06
604 3.5952574097204867e-06
650 7.325006079865679e-06
660 6.435839220954659e-05
673 6.076019731101786e-06
676 1.819326663362664e-05
685 3.477492403742878e-06
691 8.589581470493456e-06
703 2.544306234818614e-06
