1 0.0001355094556047407
2 9.342452037500537e-08
3 0.0001479111822461779
4 2.940217060811584e-07
6 1.0512487464622577e-05
7 6.538390879673107e-07
8 1.0337667925768902e-06
10 0.00018168176332111335
12 1.2044347218823836e-05
13 6.037350579012993e-07
14 6.639679943794684e-07
15 4.78760988995316e-07
16 2.119091608684579e-07
17 8.29173088912021e-06
18 1.3765367927386656e-06
19 4.203012440792957e-06
20 4.8016286948000735e-06
21 7.516244332331741e-06
22 3.2952969042506003e-07
23 2.3348890103651505e-08
24 2.3620349095629214e-07
25 4.215906790484195e-07
26 2.5486332896043477e-07
27 1.3634621037955295e-05
28 3.712372117561324e-05
29 0.0002177185358383205
31 1.7154235915620259e-06
33 3.5836803781913546e-05
34 4.6975060007252385e-05
35 1.3229613653348582e-06
36 7.456808334986754e-06
37 3.8842299754609784e-05
38 5.482478520741184e-05
39 6.315627425645751e-06
40 6.200832045786453e-06
41 3.095314388993927e-05
42 0.00010559223040783242
43 3.224238589506845e-06
44 4.527990431002312e-06
45 2.1560231959021446e-07
46 4.679349626462284e-05
48 6.746030017453749e-06
49 2.9184562587099487e-06
50 3.643794423391752e-08
52 8.299429047517437e-07
53 1.559884839733904e-07
54 6.99476684030339e-08
55 1.0361695133565176e-06
56 1.7743127982285085e-06
57 3.5367690376262563e-06
58 1.975367988433212e-06
60 9.03666010081359e-07
61 9.609571550071852e-08
62 1.9701690859476846e-07
63 3.363500509679147e-07
64 1.8987383116741545e-07
65 2.6032228077111665e-06
66 5.247349928570697e-10
67 7.277311202656525e-08
68 1.5827532399279117e-06
69 2.1099268792021775e-05
70 1.245361961491197e-06
71 3.8235458898270015e-07
72 8.509012178958328e-07
73 6.793479692961157e-05
74 5.990610623096555e-07
75 4.326592631454789e-07
76 2.5654544736172416e-07
77 3.040016581421613e-07
78 1.040554351807464e-06
79 4.79674647957337e-07
81 4.3993233334247844e-07
82 3.438166415328191e-07
83 2.298384193860769e-08
84 5.163360919162186e-07
85 2.1590236229818338e-07
86 5.050995853787114e-07
87 0.00019557098567388095
89 3.369967938250491e-07
90 2.8214819616154087e-07
91 4.941418461063874e-07
92 4.803328556557635e-07
93 1.6241048889640955e-07
95 5.245595635753043e-07
97 7.91125890844906e-07
98 7.404696613671794e-07
99 3.9930926484794417e-07
100 9.905865729676737e-09
101 2.9580700501393436e-08
102 7.094420766600502e-07
103 4.2035224767320103e-08
104 6.855185315752084e-08
105 5.828509342777229e-06
106 2.5328925756026675e-06
107 1.0354691861807592e-08
108 5.8612436564430306e-08
109 8.720628045581362e-07
110 1.1263746912399919e-06
111 5.581704292849114e-08
112 1.99866929237134e-08
114 3.0330660505914112e-06
116 7.050287111679673e-07
117 1.8714186045556559e-06
118 9.387017922308351e-08
119 2.307848013293114e-07
120 1.0077882139911342e-05
121 3.128459854948738e-08
122 1.047973797587602e-05
124 4.492753154495328e-06
125 5.461432573174685e-06
126 1.5983559329178825e-07
127 3.5861933447950714e-07
131 1.400244616965257e-06
132 9.04518716093843e-08
133 3.406912841993028e-08
134 2.8792926646372544e-08
135 2.0507735864767372e-07
136 4.131426948572843e-06
137 7.472384770234277e-09
138 1.933845877162192e-08
140 7.726823566898327e-09
142 3.697749020793183e-09
143 9.376701580922874e-08
144 2.831481356689845e-08
145 1.1608677164711413e-05
146 1.2889693695787275e-09
148 2.0187854136611504e-07
149 2.2605543351911934e-05
150 6.161734136206363e-08
151 9.571034587936133e-07
152 5.918434262018937e-06
153 0.00012510828428059198
154 2.080056145532903e-06
156 6.782798044733267e-07
157 1.968049757228397e-06
158 5.010071374152508e-06
159 3.8342649273319465e-06
160 5.303614176613953e-06
161 4.8686679664741725e-05
163 2.720838510823187e-05
165 6.595806828344764e-06
166 6.563773814373033e-07
167 6.075464083230891e-07
172 1.217691681180912e-05
173 9.889361303650258e-07
174 7.720432278270623e-07
175 3.029434896034044e-07
176 3.5129896708963257e-06
177 3.160949997478953e-07
180 4.052008869473766e-08
181 1.1350125240827863e-07
182 8.016798797823523e-08
183 4.012704123590433e-06
184 6.592792979883675e-06
185 2.0778135266309586e-07
187 2.0799796686361475e-06
188 2.8435903500774892e-05
189 3.0901375924688757e-07
190 8.413825847934621e-07
193 7.821723684580464e-08
194 1.2299232340421475e-08
195 6.171699826104486e-08
196 9.080708577447112e-06
197 2.135051175133216e-07
198 3.107632835459124e-08
199 2.318664097060701e-06
200 4.5586965178077496e-08
201 6.727326631140172e-06
202 1.5034769644528519e-05
203 2.6474464403395277e-07
204 8.714847294162744e-08
205 1.2182640547892533e-07
207 4.039629046968151e-07
208 4.96436597259501e-07
209 3.952484931026261e-08
210 3.151563142955533e-08
211 7.437533843599805e-06
212 4.3891099000486165e-07
213 3.331655706143574e-07
214 9.758920263548589e-08
215 2.858268317768657e-08
216 6.100621457299689e-07
217 2.808871312625827e-07
218 6.928123915744144e-09
219 1.491030206860374e-05
220 1.1864412897590382e-06
221 7.900830714272546e-05
222 8.156170269539507e-06
223 1.1605055447711172e-05
225 4.65960649695505e-05
226 1.240527996984112e-06
228 9.848774433820579e-06
230 4.721813919352141e-06
231 4.065241833898793e-06
232 2.179082597599518e-08
233 7.886374850657127e-09
234 4.069559028481088e-06
235 6.903358034824049e-08
236 1.297412752268882e-06
237 4.170990533585854e-06
238 1.4568188069128432e-07
239 5.979728638727612e-08
240 5.348502960799311e-09
241 6.792318244134386e-08
242 1.8106871156444884e-07
243 5.878137042375172e-05
244 4.7283541419327696e-07
246 8.831633014076778e-07
247 6.596424129175981e-05
249 9.406621169039614e-07
250 2.27314894465721e-06
252 4.359995978468766e-05
253 3.1641587205875283e-07
254 7.434758819902802e-08
255 6.457570318952704e-06
256 1.435819323033679e-06
257 2.042294031734478e-06
259 3.4284276806461506e-07
260 1.6361373304001962e-07
261 2.9052269247740376e-08
262 4.57752455868341e-08
263 2.6147085002608967e-08
264 2.469567198832368e-07
265 1.7679030487347115e-07
266 1.4937816860450603e-07
267 5.685548222326561e-08
268 2.3763527616652256e-08
269 3.849434435419526e-06
270 5.318275176688034e-07
271 3.6916262171732593e-07
272 4.1367623722205966e-08
273 1.128198282057091e-06
274 1.22692735872872e-07
275 4.2827625137164136e-08
276 1.3395312916903458e-06
277 2.2910150321301863e-05
278 2.1335238854506586e-07
279 1.3789541200953483e-07
280 9.851520487500673e-08
281 5.684357950956822e-07
282 9.615152723106771e-08
283 7.1241665196634035e-06
284 2.9582279793236274e-06
285 9.172632813721224e-06
286 3.351493650536064e-06
287 1.1912705971561285e-07
288 1.1522281489704206e-08
289 2.2914263071434795e-05
290 3.31018666328144e-07
291 3.263675976012318e-07
292 9.022508320984842e-06
294 1.1087120190401414e-07
295 7.928337445814756e-07
297 3.520792208099313e-05
298 2.1038017074626887e-07
300 2.981445537411717e-05
301 9.611465546791753e-08
303 1.8396458317890854e-07
304 2.1863745890017627e-06
305 7.377810265595863e-06
306 3.4725052484998716e-06
307 2.2249604191644213e-07
308 9.259245509160689e-05
309 1.6775764460192606e-06
310 4.822524432730147e-07
311 2.0626778029753347e-05
312 3.725575256698232e-05
313 3.531256900357807e-05
314 1.2489834814664882e-05
315 1.0041214271910796e-05
316 1.0073343288258297e-06
319 9.296980135227598e-07
320 7.313908856413535e-07
321 7.992561007594372e-06
322 7.103512434193747e-06
323 1.7562489022664774e-06
325 2.7118986280450516e-05
326 2.4659313485066025e-06
327 3.0259095270478538e-05
328 1.2159622194309656e-05
329 2.90953147936607e-05
332 1.8610024869679114e-05
333 7.593133724955008e-07
337 7.008405243680594e-08
338 2.655079703251367e-07
339 1.1927324854361989e-09
341 6.013108399174865e-06
342 8.996067223755198e-06
343 1.5697183986937518e-05
344 3.059726355018782e-08
345 3.002253444458729e-08
346 3.8177768228098215e-08
347 1.589830255667352e-08
348 3.6081579006397798e-09
349 4.0065382426232946e-08
350 6.664449746086518e-07
351 1.4581648743787022e-08
352 1.9913774866789616e-05
354 5.1114437550998e-06
356 2.9866528158547606e-06
357 3.689252420832139e-06
358 2.628407295569749e-05
359 1.2433057350650978e-05
360 4.592136164400585e-05
361 1.2480738939003794e-07
362 9.859212601042219e-09
363 3.0773420988172056e-05
364 2.308429885506048e-05
365 9.753606471238583e-06
366 8.614933868957036e-06
367 1.0974088653405544e-07
368 8.634616239519006e-10
369 3.3515143635440335e-07
370 3.5972234286230275e-05
371 3.6620551745879093e-07
372 7.440904169882358e-05
375 3.93443788030081e-06
376 6.340148347168192e-05
377 3.056833567852145e-06
379 2.474996658595756e-05
382 8.842894833725488e-07
383 5.624225367164017e-07
384 3.630435947206793e-06
385 7.294432599028125e-08
386 4.115206124009059e-08
387 7.148384633123153e-07
388 6.456965008805233e-07
389 6.788567422793755e-07
391 4.933582576817929e-06
392 2.8422996746394253e-07
393 3.5355663958994167e-06
394 2.4334226031169152e-08
395 2.722253365140542e-08
396 2.224172037672941e-06
397 1.6315139762563323e-08
398 6.811314559444374e-07
399 4.24778668412567e-07
400 2.07481246419111e-08
401 2.000748889017283e-06
402 2.1601871514148667e-06
403 2.0249402126881097e-06
404 2.245794804083164e-07
405 9.817805158555025e-05
406 9.050563696424385e-06
407 1.4504282761795627e-05
408 3.702447767109807e-06
409 3.9927587311968026e-05
410 1.3833714791586763e-06
411 4.932094114919443e-06
412 1.3287125792003865e-05
413 7.267775411671121e-05
414 3.075393789147966e-05
415 4.990471585741941e-07
417 1.3336191885530667e-06
418 2.7683754441330787e-08
420 1.3661921579250571e-08
421 1.368646976617622e-08
422 1.0026095239093658e-09
423 1.8089456993946846e-06
424 1.2304564177249537e-08
425 1.4450118960419099e-08
427 4.706535596803404e-09
428 7.8028619941993e-09
429 3.780824500590886e-06
430 1.0446664759131851e-06
431 7.898008695324505e-06
432 5.816137937213934e-06
433 6.543844343440322e-07
434 2.893017290808504e-05
435 8.72702737445949e-07
436 4.938709295596467e-07
437 1.57891398545587e-07
438 2.0065090610102973e-06
439 2.7565943086700044e-06
440 9.09323810361338e-06
441 1.692197501871134e-05
442 1.6302212183009227e-07
443 6.309616907454646e-06
444 5.415566472121318e-05
445 1.0786868339874678e-06
446 9.015788827789659e-05
447 7.681646363631243e-07
448 7.769351117350596e-07
449 2.2865607701249637e-06
450 1.0694383750477573e-05
451 3.2408391909709835e-06
452 7.311446210279162e-07
453 4.876785599018294e-07
454 2.465730481161618e-07
455 4.993142493266262e-05
456 6.031011762308965e-07
457 1.967008159095704e-08
458 9.521214633264297e-07
459 2.4159259029323286e-07
460 5.756936239326577e-06
461 1.1192779666485938e-06
462 1.1144884127760226e-06
463 6.887410252340508e-07
465 1.6204539765886066e-07
466 6.890058255827998e-07
467 6.616887435981295e-05
469 1.8786221696756628e-05
470 3.6725471040195927e-07
471 3.074697427011925e-05
472 6.896752372838757e-06
473 6.4073140289824186e-06
474 1.8726557817004624e-07
476 1.4715406235482772e-07
477 1.9653028139354526e-07
478 1.6040694912482188e-05
479 3.961960351838612e-08
480 0.00011097031745516654
481 0.000190850248669239
482 1.008849307041619e-05
483 2.1128773765391053e-05
484 0.00013692193356087433
485 0.00016771847006225761
486 0.00037721425998777817
487 4.040729360942613e-06
488 9.373789639413092e-05
489 0.0004236609110430843
492 4.910024120660312e-07
493 8.831171863645283e-06
496 8.571228410283234e-06
497 9.57037756925887e-05
498 2.7017908285863926e-05
501 0.00012434578392533718
503 4.1360423474609244e-05
504 2.6324482274838952e-06
506 5.546965165193987e-06
507 3.635591255700575e-07
508 2.868691371083919e-05
509 1.1056443937403659e-05
510 6.612926310370001e-07
511 4.4505476744261385e-07
512 2.1141820801821306e-05
513 1.8502847888948352e-06
514 4.9504594708314535e-06
515 1.684515176557419e-05
516 4.601749702923531e-06
517 7.23067881301007e-08
518 1.9049579693974823e-05
519 7.602583168455423e-07
520 2.7448319044736037e-06
522 4.942609128592991e-07
524 3.283103253776418e-05
525 1.526304600220617e-06
526 2.1808924779488775e-06
527 1.1034169089237106e-06
528 8.187910634140734e-06
529 3.3173730013729417e-07
530 1.5250319343702716e-06
531 1.1478439591017409e-07
532 1.9645772456994626e-07
533 7.76490577634643e-07
534 1.926208169001754e-07
535 2.115312903889349e-06
536 6.015293305484356e-07
537 2.54233437608938e-07
538 4.0452002788824406e-05
539 6.919302278542151e-07
540 3.68317078523047e-07
541 1.0177656334923582e-07
542 4.6523967999310357e-07
544 4.5605751088400115e-05
545 3.326533015731458e-06
546 6.746821757861258e-06
548 2.6865453609508304e-05
549 0.00013723680995282882
550 2.3766771290410272e-05
551 1.4020309866838498e-06
552 2.974001427925579e-06
553 1.7728330840309264e-05
554 1.659510497128902e-05
555 9.006165811515444e-06
556 7.783500623851468e-06
557 2.684339714790816e-06
558 6.975465340140014e-06
559 4.009750574838232e-07
560 9.604313398144714e-06
561 1.528371638780908e-07
562 3.183266945936601e-05
563 7.146073373854695e-07
564 3.816102581751787e-05
565 8.620503959547027e-06
566 2.4615946409933455e-05
567 2.4833883281741444e-05
568 3.8803450992188526e-07
569 2.3776743330097024e-06
570 2.0860896237242343e-06
571 2.3957933400576554e-06
572 1.122930187354136e-06
573 5.35741789330221e-05
574 9.310330540934796e-05
575 1.8539432451198668e-06
577 5.757400935389363e-06
579 2.423769658393486e-06
580 4.326635352225142e-06
581 4.830031440870739e-06
582 4.586824925891877e-05
583 1.813402366545271e-05
587 2.9027733685251277e-05
588 2.9592549396135596e-06
591 2.495220844929007e-06
593 8.519468576182125e-06
595 1.0397905591296004e-06
597 1.5109127363509836e-06
598 1.7448243481170985e-07
599 2.611097491796152e-07
600 3.460390811695783e-08
601 1.0022562238094016e-06
602 1.127133562083033e-06
603 1.1572990964957156e-05
605 1.236941687786361e-06
606 1.863911267159302e-06
607 0.00013224456028030707
608 2.5638985417575963e-06
609 1.3387322765582964e-05
610 4.602140559427651e-07
611 1.942135959387807e-06
612 4.926771958961247e-07
613 3.423695458588019e-05
614 3.5710164004789125e-07
615 3.144167684013285e-07
616 3.0458649036739586e-07
617 4.1887628000675817e-07
618 2.490677823124732e-07
619 3.9158691537448746e-07
620 4.695502969591958e-07
621 3.4091883172959925e-07
622 4.0734051352782954e-07
623 1.902125703770629e-07
625 1.682308751937016e-07
626 3.3114404039956765e-07
627 5.88209234983383e-07
628 2.2356351863863698e-08
629 2.5803789892803193e-08
630 2.3098814642445634e-07
631 3.9136077080810497e-07
632 4.6192708358463883e-07
633 2.718913207290649e-07
634 1.7544136869837608e-06
635 6.708315966896647e-07
636 1.6655149384005886e-07
637 2.6221699461938403e-07
638 1.5930409807560986e-07
639 2.1023410553325522e-07
640 2.593849097893311e-07
641 1.3169482411194534e-05
642 2.36013138365245e-07
643 1.1470246084549908e-07
644 5.971210370108257e-07
645 3.6541273726593194e-07
646 1.824619079419693e-07
647 2.560492325481549e-07
648 6.835426268424046e-07
649 9.173126900476574e-07
651 3.9771022954770036e-07
652 5.793491490477058e-07
653 1.248044059216379e-05
657 2.8005316647589446e-05
658 7.125234700360884e-06
659 4.5372265180161336e-05
661 2.4210098228619835e-05
662 3.417170840440446e-05
663 1.9867769717644197e-05
664 4.506048903157918e-06
665 1.5498249145225294e-05
666 6.344261537805974e-06
667 1.4213919028321134e-05
668 2.8521283590696482e-05
669 2.5819791296177907e-06
670 4.486536837012111e-05
672 0.00012206648215380568
674 8.191813774263892e-06
677 1.728468831778705e-05
678 5.556136553991413e-06
679 2.747578602984788e-06
680 3.124120150084278e-06
681 8.628509538748214e-08
682 8.316925555385299e-07
683 3.1388788949349838e-06
684 3.287640912266364e-06
686 4.340763600482418e-06
687 4.362599890046707e-07
689 1.3023680185795307e-05
692 2.5289503774755947e-06
693 3.3249234108625384e-06
695 1.793223030969111e-06
696 1.9818312474994382e-05
697 9.892018101412451e-06
698 4.18504790661715e-06
699 8.562264861929798e-08
704 7.301978020027374e-06
705 6.088482619293336e-06
706 4.210292924574642e-06
707 3.0366790034891885e-06
708 1.321598930330536e-06
709 4.2362438775819386e-10
710 2.3261945546278494e-06
711 2.4966730360393224e-06
712 6.799954168067479e-07
713 2.7718335553995676e-07
714 2.8975100099524204e-06
715 6.586736427918039e-07
717 2.331416555157743e-06
718 2.854084719205604e-10
719 2.1320514889775285e-07
720 8.780757119906971e-09
11 1.9650479796716693e-05
113 5.197370145644358e-06
139 4.995325171519883e-07
147 6.833489586829771e-07
192 1.524678469341862e-05
245 3.387534372535271e-05
299 1.3657337057262732e-06
491 8.259078330595411e-05
123 4.975195742270894e-06
51 7.3790641808576195e-06
141 4.0652694722325165e-06
258 5.424160085916065e-05
547 6.2939088694941665e-06
584 7.161442962286034e-06
5 6.77756930341891e-05
502 1.3274236014483561e-05
419 3.9869799811189933e-07
374 4.5024718368408255e-06
500 5.445001888065979e-06
251 2.0519649970555393e-05
499 0.00048521162403111426
702 3.514676668815811e-06
675 4.320799063379704e-05
32 9.599209312785143e-06
47 6.448786328429972e-06
