477 6.726218438287648e-06
333 5.347234782787996e-06
689 3.0532364313720333e-06
184 4.652466333432567e-06
320 5.902442211501306e-06
472 1.7980786521096835e-05
96 2.5726584390333817e-05
285 5.612466178663191e-06
471 7.149248236728616e-06
490 0.0002463013884507659
222 4.0813901176365437e-07
36 6.862351491072368e-06
129 3.332849419196856e-06
713 2.0296755924906915e-06
80 5.410054325119396e-06
122 6.261080979656358e-06
225 1.4569790103188303e-05
345 1.1838958622210579e-05
415 3.2438153365365766e-05
449 8.473538064244977e-06
584 7.625501658549953e-05
665 1.5550987422924274e-05
40 5.215910395755588e-06
673 1.9083188565385108e-05
141 2.7125003840904606e-06
46 4.3657200451043905e-05
120 5.66204570815223e-06
231 3.283517357376918e-06
319 5.0609180618349215e-06
392 8.614538550369628e-06
548 4.688007425290184e-07
597 1.7458382682344043e-05
670 1.0506593159062626e-05
706 1.4767213577663372e-06
697 3.1714760485098096e-06
332 3.5502195833669735e-06
677 7.06490678410805e-06
260 6.038135709167776e-05
486 1.1644898994223303e-05
9 1.6563390494549498e-05
334 1.7105552732404954e-05
5 6.505492909961506e-05
115 3.3320454458838023e-06
131 9.257856293084432e-07
278 1.1497362239702938e-06
324 4.3518683242960826e-06
476 6.289521178331151e-06
520 4.9147369410389455e-06
605 6.904912656696439e-07
712 1.2089292225943915e-05
567 4.948188731086634e-06
594 5.483017954016964e-06
253 1.1303202512842574e-05
44 4.433779589050895e-06
556 7.115067717243221e-06
686 3.360250664784769e-05
128 2.3417694006919223e-06
143 9.443499403785237e-08
299 2.877148036568797e-05
359 3.374499366614336e-06
542 2.281213743568429e-07
162 2.34267016803277e-06
191 3.7797299400427343e-06
206 9.056940756746583e-07
331 2.4060336023443554e-05
414 1.0843708806633095e-05
524 2.6928072415958082e-06
574 3.1310097702216713e-06
579 1.5807223116813598e-06
668 4.096763459918718e-06
683 2.7645709649472118e-05
690 1.0962431884819928e-06
702 7.199585128823768e-06
475 4.737103633133328e-10
251 8.175063096263767e-07
554 2.95779828055412e-06
618 7.140092176463733e-07
510 8.885052530774253e-06
306 2.0113923256737723e-06
192 1.2195931285046818e-05
314 1.989308845758657e-05
344 7.447518513425372e-06
25 5.345907637252348e-07
304 1.409970657364247e-06
603 7.347384692235426e-06
10 0.0001534506503244257
59 1.083842032781638e-06
124 1.5589406361808894e-06
168 4.238260933966359e-06
183 2.46800286730568e-06
219 7.486330043051305e-06
224 8.137962180678674e-06
229 5.9320844588337765e-06
323 6.1396145212352525e-06
358 2.8030559955205784e-06
372 3.000736388868012e-05
377 3.3284000400852165e-06
429 7.2631685403309095e-06
509 4.356611808018597e-06
512 2.9613285344931395e-06
532 2.0564506514820736e-05
557 2.2335061466987972e-05
559 5.164928673948988e-06
675 3.0631834914814333e-06
687 7.07285798262346e-06
693 8.309901916859893e-07
695 1.984641894224671e-06
113 2.536627633935909e-06
435 2.7289203856962666e-06
437 1.893116032075274e-05
516 1.3650697434213568e-05
598 2.5139482934689966e-06
716 3.3944385056996355e-06
87 0.00015108052172187368
558 0.00010731116602353464
176 1.903874731660911e-06
438 5.667615643601554e-07
487 1.0807275123768861e-05
38 5.1163824077886975e-05
117 1.02162768041063e-06
164 1.763435616331158e-06
169 3.3654995809852136e-06
179 1.274193626233697e-06
294 5.989467160070941e-06
328 1.884336996730749e-06
374 6.685491602274554e-05
378 5.4018048482776554e-05
479 1.5212858482162494e-05
493 7.204676889888312e-05
561 2.4169449181915334e-06
578 1.5389182398027575e-06
694 2.4505423908348085e-06
705 7.727109921441078e-07
17 6.3940680323763854e-06
163 2.4756228254997075e-05
211 5.105718586981142e-06
247 2.4613171619512732e-05
420 9.511285441345914e-07
507 4.492899066773297e-06
527 1.3778702423436584e-05
728 2.550027116218165e-06
41 2.9868438520475448e-05
123 2.298997057111441e-06
563 8.924463559129416e-06
153 0.00010559766850632502
73 5.664097565390238e-05
116 5.508664951625156e-07
201 4.386766845096168e-06
302 2.459424145483463e-05
308 2.7116256197407255e-06
317 5.8465156033207746e-06
352 5.619754727950793e-07
362 3.606427430058721e-05
364 1.150671862702576e-08
366 2.020387325176195e-05
383 1.6923321313980575e-06
409 8.124344922890651e-06
423 1.4557232607671535e-08
485 0.0001499464524119036
489 7.895546687272357e-05
500 7.3527774031610045e-06
503 5.96598576463484e-06
585 1.5387040443573973e-06
691 2.542249015662174e-06
718 2.3259589608827765e-06
32 6.877802941043676e-06
35 1.241060423546742e-06
47 6.210262260022767e-06
48 5.75417352574176e-06
145 1.0483321532661765e-05
221 6.223351875737692e-05
259 2.0736135363380474e-06
426 2.093580752818311e-06
432 3.1749420083851787e-06
484 9.189169829928263e-05
496 6.865710549613292e-07
511 3.4326615792199814e-05
571 2.4663241851799564e-05
669 3.519317547599772e-05
188 3.372908135029279e-05
291 1.983899658039413e-05
330 1.0914542321657194e-05
494 0.00021887889762912935
18 1.2583399131111004e-06
28 3.435171602236759e-05
135 1.9491305209823342e-07
161 4.939499772223993e-05
227 1.1148562960320547e-06
287 8.090322519907306e-06
361 1.1587775397437243e-05
458 2.9590008127303063e-05
562 1.3942413846400577e-05
565 7.156157532295778e-06
6 4.074980595684924e-06
12 1.0248696742626556e-05
65 2.3909176131938173e-06
91 1.6383536866314204e-07
97 1.0435333283777314e-07
110 1.0198234255257624e-06
125 5.039940884513376e-06
139 3.804568933786619e-07
157 1.4244696502429889e-06
159 3.3220544614419337e-06
177 1.2881144378387366e-07
235 2.453233027434675e-06
271 3.0571286749831397e-06
288 4.350073995365336e-06
341 2.2716301492673554e-10
354 1.9614911168659968e-05
365 2.339290188405541e-05
367 1.0358741518402023e-05
376 2.8218280374451567e-06
407 9.204187918890818e-05
411 3.4813972846384356e-05
434 5.938479944645317e-06
506 0.0004973186733143095
619 1.0272939986850017e-05
662 3.299943506989913e-07
1 0.00011333579636315292
3 0.00016643298597939884
21 4.946503155993362e-06
34 4.6695307306584354e-05
226 4.378806254655685e-05
568 4.228463900027992e-07
573 3.472896383716751e-05
717 3.009734124966752e-06
0 0.00019885804638415883
27 1.2571775490210115e-05
105 5.269316405170654e-06
106 2.3316037754229173e-06
114 2.537415619527164e-06
149 1.6551403220081295e-05
154 8.528252262155126e-07
199 1.0223793008024956e-06
202 1.4961513974964046e-05
310 9.982963256520818e-05
498 8.72903642723307e-05
523 4.003375300347544e-06
544 1.6680014325296369e-06
53 1.7351045627100974e-08
60 5.931267027806574e-07
61 4.299372231521874e-08
66 5.95197384340245e-10
83 2.258809370378094e-10
89 4.809995615799352e-07
90 4.552833397916836e-08
92 1.3459336345818107e-07
95 3.869061794828705e-08
98 5.970108938587697e-08
100 2.1464940959137205e-09
102 9.214227454831489e-08
103 2.7099471033344922e-08
104 4.0494771841045936e-08
108 1.5115963021044667e-09
109 6.579104630077747e-07
111 2.4229323982987077e-08
112 4.00526778607933e-09
119 1.2055379355325902e-08
133 9.077243784153783e-10
134 3.1802153468282583e-10
137 1.3500672458118462e-10
138 8.840705905548641e-11
144 4.164184272966114e-09
152 4.013943971934905e-06
158 4.497269740999832e-06
160 4.208966674332293e-06
166 5.685662475816887e-07
172 9.864144628921275e-06
173 8.569654558792068e-07
181 7.146202852829739e-08
182 8.707828981931741e-09
185 9.499802237096116e-08
193 2.179432445188559e-08
203 2.2687260982244904e-07
207 1.3860508564970043e-07
214 2.266971881928683e-09
218 2.965589638516967e-10
220 3.233448575470369e-07
242 4.857926742002203e-08
246 1.7644916214805493e-07
248 1.8533307674741895e-07
249 3.837809097486477e-05
258 1.114722531647422e-06
266 1.4183493854147914e-07
267 6.455341921972749e-08
268 2.3672193595400155e-08
269 1.4135578932202907e-08
272 3.898844867187564e-08
273 1.3767411868174935e-08
274 2.883789762664962e-08
276 8.210056951936757e-09
280 2.062368125904153e-08
283 1.3154168115183797e-07
293 5.0636258371356265e-09
300 2.1374336327031453e-07
313 1.679061504454658e-05
315 3.243247322543233e-05
318 2.4907001184687167e-07
339 3.131553857139401e-09
340 1.0427670796878865e-07
350 7.598970605041073e-10
351 2.3208393100323096e-08
363 8.872426835200736e-08
369 4.2091002990577176e-08
373 1.1284234428994924e-07
381 2.209787322232423e-05
389 2.5865824385353277e-08
393 1.887113859868284e-07
397 9.783817987413753e-10
403 8.680092919313035e-08
408 8.315850013437942e-06
410 1.1109095900586357e-06
413 1.2036645107125662e-07
452 1.1675195777601943e-06
465 2.661528176538475e-07
492 1.367061350486057e-07
504 7.738391880838279e-05
514 4.263741898525935e-06
519 2.4674046098688367e-07
522 1.082116622099426e-06
528 1.3171782191183004e-07
534 2.425405546284374e-07
539 1.0172316704641564e-06
545 1.9863872571972113e-07
551 1.4307986758299417e-07
607 1.2080748227371968e-06
610 4.5166571722977225e-08
612 4.051408561314086e-08
617 0.0001277298545686881
633 6.864013636405059e-08
636 1.2394460284600608e-07
637 2.420734555341261e-07
642 1.6300781313631996e-07
651 1.0434424278598152e-05
698 2.877230049339767e-08
721 1.935672078033851e-06
726 5.973675916519268e-08
29 0.00019607396331487866
151 4.877567516469827e-07
252 1.9663771192634633e-06
255 3.1759214282126e-07
385 2.8840592595204533e-09
422 2.5572246189922145e-07
424 9.27719246384316e-09
431 1.279454403506632e-08
448 8.9476400811365e-07
570 1.7015935615242202e-07
575 2.3125735855376886e-05
577 3.3373404056258446e-07
676 1.4034539860423702e-05
2 4.603007302373152e-08
4 2.660867035232977e-07
7 1.5072599849279633e-08
8 3.8361297658978227e-08
13 2.7113047243252305e-09
14 4.136269851643848e-09
15 4.1701810842434284e-08
16 1.8352714427088465e-07
22 5.518142980603502e-08
23 3.8208087507032385e-08
24 7.268136056258087e-08
26 1.5753756820762454e-07
42 9.910401788395211e-05
45 5.295161695530773e-08
50 5.678822493871058e-09
52 3.5183597291434957e-07
54 2.1838501980094905e-09
55 3.900597099952974e-07
57 1.6513506953345488e-08
58 5.487241799311121e-07
62 1.8310799503410531e-07
63 3.0043595848624633e-09
64 1.2577829000070248e-07
67 1.7787736984593615e-08
68 5.0953059350965106e-08
69 2.0155539810008856e-05
70 4.07525954179302e-07
71 4.871302609288133e-08
72 2.4903675944552637e-07
74 5.927338080040489e-07
75 1.7403262815522705e-07
76 2.6442309782532463e-09
77 2.6442309782532728e-09
78 1.2072806444910265e-07
79 2.825411764890099e-09
81 3.533124190384651e-07
82 9.717252153696746e-08
84 2.7171563532917225e-07
85 9.857326457912529e-08
86 1.1588396954524936e-07
93 5.4488419242333555e-08
99 9.506024151000848e-10
101 1.8522266685526572e-08
107 9.702407332998547e-11
118 8.821926607607589e-11
121 1.7201887759828343e-09
126 2.9271463954718952e-08
127 2.0257823940244743e-07
132 4.4745386965060026e-08
140 3.348294367251902e-09
142 6.266967957928466e-10
146 5.557785418132094e-10
148 5.630739821684292e-08
150 4.859742539811962e-10
155 2.3533274280520042e-05
156 3.564601304170791e-08
165 6.124769909710919e-06
174 6.537059969316366e-07
175 4.525513389862236e-08
180 5.780285641133965e-09
189 1.1545451108863145e-07
190 7.374691656447355e-07
194 2.065792770262635e-11
195 5.5775174594849756e-08
197 1.62385468931987e-07
198 9.745181048868287e-10
200 1.5145572438578878e-08
204 1.3209494697309618e-09
205 6.826054728873943e-08
208 1.42371590383751e-07
209 1.7298768377835034e-09
210 1.229674130580132e-08
212 1.6068633399739377e-08
213 9.461289618156026e-09
215 1.4304044338776976e-09
216 5.254943910895853e-08
217 1.3152321421843197e-08
233 5.61844095656317e-09
234 2.6942679428002553e-09
236 1.744442232827068e-09
239 1.668453861516442e-09
240 1.105921425686993e-08
241 2.68990029931789e-09
243 1.1355256198561298e-08
254 4.1718128004802913e-05
256 4.325491662971296e-09
261 2.3161216899752984e-07
262 2.736740701351275e-09
263 1.1794404200219563e-08
264 5.8137515253093264e-09
265 1.55686607348094e-09
270 9.880049623820033e-10
275 9.95827707001e-07
277 4.040637628169419e-09
281 7.755087702618112e-08
282 4.5664816739660927e-08
284 4.372861919259289e-09
289 3.2253773868932077e-09
290 5.70276077089014e-10
292 7.01726377979348e-10
296 2.7677007361399433e-09
297 3.1657482020467534e-07
303 1.0512074741960511e-09
305 1.2080682925081772e-09
309 7.005765980308097e-08
311 1.4066640897157963e-06
312 4.8451037613398344e-09
321 2.2368958398894126e-08
346 7.972660905944922e-10
347 3.512858518182288e-09
348 1.441793166995884e-09
349 1.2719742095691543e-09
353 8.589545365347499e-10
370 1.8742316674244195e-10
371 3.024792116211654e-07
384 4.381506266906598e-08
386 7.765467376181887e-08
387 2.7311673858887605e-09
388 2.544250633622173e-09
390 3.0461937743093865e-07
391 5.6393034507904985e-09
394 1.358909552134777e-09
395 2.8208812728891e-07
396 5.3792664126098765e-09
398 2.2920624059601134e-07
399 2.4952016328243257e-09
400 1.1534324984632916e-07
401 1.584226571687784e-07
402 1.2911788494498766e-09
404 1.0197014592810147e-07
405 7.432703300589902e-08
406 5.453205066225964e-09
412 1.0663526554901769e-07
418 9.732748900876052e-09
421 2.4774997930445498e-09
425 1.3037244079158778e-09
427 3.5309580589792364e-09
428 5.920010085081471e-09
430 5.826956264598785e-09
433 1.521683358668619e-07
436 3.4130133077342666e-07
439 1.259969464968444e-07
440 3.11296727763079e-08
441 1.6270784710140914e-06
442 2.409371038785174e-06
445 5.247402837265722e-08
446 5.5370150795565005e-06
450 1.5588206718399453e-08
451 1.2328148449666864e-08
454 2.7291718512916137e-06
455 5.915168047202036e-08
456 6.72736797857012e-08
457 8.738733376173e-08
459 2.3884849829945627e-07
460 5.396967284861806e-09
461 9.936585431054195e-08
462 1.158639909283687e-09
464 6.106819284552002e-07
466 1.1494748115785875e-07
468 7.710912453904703e-09
469 1.4187151734350514e-07
473 6.763034068780692e-08
478 5.721794878322631e-08
480 3.368176037123541e-08
481 8.022611879111044e-08
483 1.2581466451813886e-08
488 0.00010460295100690769
499 4.069900739887178e-07
515 3.1064935855391714e-07
518 4.059640328597039e-07
521 7.035746057658742e-08
525 3.2552410773740917e-06
526 2.4147437593282794e-09
529 1.375496120573687e-07
531 2.1948017286254097e-08
533 3.197122667226145e-05
535 1.2191592708994882e-06
536 7.151460462302083e-07
537 4.62576573551331e-06
538 3.4808282019030376e-08
540 9.482257314499066e-09
541 2.575702542286792e-07
543 7.49217601077659e-08
546 2.2128914280310507e-08
549 4.147233944391079e-08
550 2.515746881913853e-09
553 5.2765120003363184e-05
560 7.000839908278118e-07
572 9.886230172690929e-09
608 7.976672784725453e-08
609 9.716897455319784e-08
611 6.755528471748561e-08
613 1.0368921804754649e-05
615 2.114462953368806e-08
616 3.6881158336388155e-07
620 6.818343034985836e-08
621 1.0061899498709208e-06
622 9.674855040305836e-08
624 4.860523957357322e-08
625 4.720784834089428e-08
626 2.4540834779028184e-08
627 1.0416480526165446e-07
628 2.1063162008375538e-08
629 1.3905584456861045e-07
630 6.286730334115904e-09
631 7.644919358290672e-09
632 9.207610329579478e-08
635 1.461818348125329e-07
638 4.870913328728182e-09
639 4.876511952329389e-09
640 1.5531662096111808e-07
641 6.156171144328796e-08
643 1.968332217818687e-08
645 4.403893581509238e-09
646 4.526585836423164e-08
647 7.319620820563209e-08
648 3.970337192058754e-09
649 3.387176975928919e-08
650 5.5754773882543966e-08
652 2.1228746160041353e-08
653 2.39761413260788e-08
654 3.5350659094370975e-07
655 9.71330621216884e-08
656 4.782367252912622e-08
657 5.420708878177715e-08
658 2.6247252627289654e-07
659 2.5577104550971293e-07
661 6.068608041820435e-08
678 1.3264181859910549e-05
692 3.1482167655394455e-09
710 4.740779783644139e-08
720 4.3187575755185206e-10
722 2.5099262690935736e-07
723 1.1685451622966613e-07
724 4.7091598050563126e-09
725 2.107653582113635e-06
729 6.80929665588663e-10
730 4.12626962591857e-09
731 1.6490981733846663e-09
