11 3.046989776234856e-06
19 2.654165355359259e-06
33 4.6391488209382514e-06
37 7.032320853731394e-06
136 5.018502234803946e-07
167 7.462180860615235e-08
196 3.3441310061443915e-06
232 2.387335625479849e-06
257 2.2942108466105623e-06
279 3.1999208669673884e-06
286 1.7473666624727358e-06
298 1.5092613371911213e-06
307 2.4660910231275794e-06
326 2.334543463452083e-06
327 2.7749304011316954e-06
343 3.243286442840589e-06
356 1.8934260233417632e-06
360 3.5865777003540455e-06
368 3.4835548339609834e-06
416 1.7064419067054017e-06
417 3.691743199515491e-06
444 3.432450604789688e-06
453 1.7632672003114578e-06
463 6.577957462860576e-07
474 1.4529770680514375e-05
482 1.2764265286876734e-05
491 3.7135854518103816e-06
495 1.4019322374409925e-09
508 6.233382916520152e-06
566 9.142554542594813e-07
576 2.1462665856354804e-06
581 5.56830820761181e-08
583 3.945824476731984e-06
587 2.5549469841881176e-06
591 1.4769817219507537e-06
600 1.1488024676309879e-05
606 4.032677410821907e-06
663 3.063534038815144e-06
667 2.9682464568884166e-06
672 2.1445108635679835e-06
674 1.6323253706837974e-06
679 2.9768345758424846e-06
681 1.0974577751581926e-05
685 5.008134452326128e-06
700 4.0020497541922963e-07
703 1.989247612571527e-06
707 7.82807723524981e-06
709 2.2351205494540354e-06
719 7.388101919064547e-07
187 6.955389985929218e-07
505 6.116223131643692e-06
592 1.0867148560952407e-05
39 3.1083607418958584e-06
379 1.432318500641582e-06
382 4.267880168657596e-06
623 1.2543287665085712e-05
245 3.039561323263296e-06
547 6.08163444086818e-06
634 3.313696040955342e-06
