325 1.1512931479481574e-06
355 3.2560309268750977e-06
704 3.6292281602851896e-06
49 2.080629028733447e-06
147 3.1888531787636027e-07
171 1.5090093360560777e-06
230 3.571162067528499e-07
244 6.8654149875321965e-06
336 4.631529294497812e-06
443 6.031582594178333e-06
502 3.271404122691619e-05
530 1.644469099175921e-06
552 6.300711726297065e-06
564 3.716049240744612e-06
580 7.331018256806831e-07
602 2.6380161144611893e-06
604 8.282388492641102e-06
666 1.4479592421212478e-06
715 4.054035852478478e-06
20 3.417979243208415e-06
30 6.419486565042303e-06
31 7.652352439023988e-07
43 1.4686759791429783e-06
51 2.8714351226068676e-06
56 1.7197761138254904e-07
88 9.043315212551778e-06
94 2.5336827394048213e-06
130 8.387218887642291e-07
170 4.111514818731041e-06
178 6.859095730213041e-07
186 3.997865962011269e-06
223 1.1467311582609977e-06
228 6.840994484930532e-07
237 6.078958251308813e-07
238 2.356663767236836e-06
250 1.7596543683308645e-06
295 9.055449656684426e-07
301 5.150683436055272e-07
316 6.3853001495110795e-06
322 4.3644165314877157e-07
329 7.927700288484243e-06
335 2.246304822871892e-07
337 4.1486739992167625e-06
338 1.1697954359646755e-06
342 3.3947966345225308e-06
357 5.885472881622417e-06
375 6.512763035196412e-07
380 1.2615878300064508e-06
419 1.533639593990933e-06
447 6.1343748313015115e-06
467 4.72326188338996e-07
470 1.887160049401501e-05
497 2.378955467014517e-06
501 1.1296855536418675e-05
513 1.118072237229316e-05
517 4.9263269460352085e-06
555 1.5682067686925878e-06
569 1.5313641086444429e-06
582 1.7605397372837147e-06
586 4.631593834475178e-06
588 6.99107051297089e-05
589 1.4081951670556347e-06
590 2.7893738452881714e-06
593 5.874530785290862e-06
595 8.841568227832492e-07
596 3.392296914835053e-06
599 6.1343697132661765e-06
601 2.6771357266244187e-06
614 1.456552657217788e-06
644 4.0820918846520213e-07
660 3.9717754025679425e-06
664 1.3086070053062987e-05
680 3.1925700535019236e-06
682 2.10203184883293e-06
684 2.803651551395279e-06
688 1.222982661249358e-06
696 2.8102143301207207e-06
699 4.3322019699253064e-07
701 4.36190871401174e-06
708 3.5840794202441683e-07
711 1.4027994638619143e-06
714 4.388798542048041e-07
727 6.706722627564492e-07
671 1.8134314627933493e-06
