11 3.021398395114662e-06
19 2.594617696852926e-06
33 4.601826097239752e-06
37 6.878299512824679e-06
136 4.959935162464783e-07
167 7.325189820396482e-08
196 3.3054457802644773e-06
232 2.314675089427276e-06
257 2.2982694170512523e-06
279 3.1768018593156035e-06
286 1.6940975188227505e-06
298 1.4620146805722074e-06
307 2.4112442393734106e-06
326 2.2869237908799543e-06
327 2.6875175642389195e-06
343 3.1419438788178608e-06
356 1.8520846136075136e-06
360 3.5932292749922685e-06
368 3.439604478278403e-06
416 1.5962778884444574e-06
417 3.651482138179026e-06
444 3.343579395777227e-06
453 1.7320054355344666e-06
463 6.371316519927992e-07
474 1.414105423041155e-05
482 1.2371698552376866e-05
491 3.6484893748962846e-06
495 1.5563628812362276e-09
508 6.040919868684918e-06
566 8.886894495631936e-07
576 2.0826670404078517e-06
581 5.437160574496064e-08
583 3.8170686874005025e-06
587 2.4809378085236122e-06
591 1.434965581620967e-06
600 1.1189124712717639e-05
606 3.955378714128388e-06
663 2.9677158187465134e-06
667 2.8757348918129317e-06
672 2.0775677032182546e-06
674 1.5865909492977927e-06
679 2.909046704402142e-06
681 1.063147373983811e-05
685 4.8538452631187095e-06
700 4.0532835068566887e-07
703 1.9553595883591474e-06
707 7.611268002562074e-06
709 2.1779911787854216e-06
719 7.160500606633061e-07
187 6.852491165913586e-07
505 6.011533300854187e-06
592 1.0624747605854282e-05
623 1.2261877674275508e-05
245 2.8046723686435474e-06
39 3.0540160332507166e-06
379 1.4071992503968945e-06
382 4.245723847383591e-06
634 3.2969232317741714e-06
547 6.254796175050029e-06
