477 6.592199324409079e-06
184 4.820572968171407e-06
333 5.311962552155989e-06
689 3.2327809210886534e-06
320 6.2795792435311856e-06
472 1.7648560053343665e-05
490 0.00023878194968837384
46 4.2610151664231026e-05
96 2.5180514369139275e-05
285 5.452448696231326e-06
449 8.569656266285793e-06
471 7.246023736240476e-06
222 3.786322503123942e-07
567 4.98152705032177e-06
129 3.3361501201471523e-06
713 2.0548205768260866e-06
80 5.2878232799357875e-06
122 6.2067173670465125e-06
225 1.449434791044427e-05
345 1.1658799649295711e-05
415 3.192022410200142e-05
584 7.392454459297024e-05
697 3.086278505038456e-06
332 3.5554206462475204e-06
36 6.701490033023955e-06
673 1.945027811691971e-05
141 2.7244575547919634e-06
334 1.6658166610410664e-05
120 5.611064489521734e-06
231 3.2648566345907567e-06
319 5.138202964858703e-06
392 8.493158239890942e-06
548 4.717647637492592e-07
665 1.56107704644906e-05
706 1.4606097057386674e-06
40 5.136230593679478e-06
677 6.888447519432291e-06
260 5.881215294504051e-05
486 1.1272523267230383e-05
9 1.6204704454686187e-05
128 2.3448934540944687e-06
299 2.8178945449518083e-05
115 3.522786735555581e-06
131 9.290822040343336e-07
278 1.1677876239318325e-06
324 4.4093259826748615e-06
476 6.195545767145384e-06
520 5.039547079830266e-06
574 3.4026595968201744e-06
597 1.728218144279663e-05
605 6.695790364597954e-07
670 1.0448124057419337e-05
712 1.1883757896444643e-05
251 8.121854701154892e-07
554 2.955296133933968e-06
594 5.343957372956207e-06
618 7.004757261320548e-07
41 2.900962857957218e-05
503 5.879528584969914e-06
675 3.1128669901734243e-06
44 4.335533579671439e-06
253 1.172658798074931e-05
510 8.896464983488317e-06
556 6.901687231267792e-06
686 3.3067622296910264e-05
143 9.43201804977254e-08
359 3.271189240294473e-06
542 2.3813206805895022e-07
5 6.292614811165586e-05
124 1.7053343269515928e-06
191 3.819484880857969e-06
206 8.942948218422172e-07
331 2.3062506875046063e-05
377 3.2746879935275627e-06
414 1.06868151808836e-05
493 6.995096934119033e-05
524 2.9538922563195975e-06
579 1.5792307753232434e-06
668 4.221861908137412e-06
683 2.6997095044308157e-05
690 1.1260575173126607e-06
702 7.352560190570461e-06
17 6.2136244146012095e-06
113 2.6110685847269807e-06
362 3.546784398177294e-05
435 2.839970254835747e-06
437 1.8802650673126633e-05
516 1.4041220885199315e-05
598 2.4568601301131557e-06
716 3.641775697284985e-06
306 1.9716031645171966e-06
192 1.198260542694027e-05
314 2.0550537279766384e-05
344 7.336834843355337e-06
558 0.00010460356833628587
25 5.24559518654866e-07
304 1.3909418796577667e-06
438 5.617734862443024e-07
603 7.138282520618211e-06
10 0.00014842963894250817
59 1.1052997400344422e-06
117 1.0251088425314029e-06
162 2.2891327809791914e-06
168 4.097986227484839e-06
183 2.446531726265583e-06
219 7.438682442607462e-06
224 8.20447526312816e-06
229 6.051227239145263e-06
323 6.03929886766449e-06
358 2.7447106255049507e-06
372 2.9224049272324044e-05
429 7.103037536176147e-06
509 4.271419232212867e-06
512 2.870331556923803e-06
532 1.9997344653333845e-05
557 2.1686493702110066e-05
559 5.474044901715566e-06
578 1.5146379877656897e-06
687 7.235962258546898e-06
693 8.070519803122157e-07
695 1.999222419667299e-06
475 3.012515772397745e-10
47 6.062571707119739e-06
163 2.4063540750485466e-05
211 5.078753302626502e-06
221 6.057403498544646e-05
247 2.3991234446565116e-05
420 9.370040118032657e-07
484 8.944700097572024e-05
507 4.407334074304921e-06
527 1.3452826007321496e-05
728 2.4952401164586693e-06
87 0.00014656959327419253
123 2.4561155459975296e-06
511 3.3636971303850075e-05
563 9.023475009031822e-06
487 1.0480648440297566e-05
176 1.924763217202419e-06
38 4.952317441061054e-05
73 5.535991339371683e-05
116 5.480855243622151e-07
164 1.7109605598345119e-06
169 3.254171467899499e-06
179 1.2821566919965363e-06
294 6.042885662662326e-06
302 2.3916395579484187e-05
308 2.6493129359671327e-06
317 5.915802857140176e-06
328 1.83534043894511e-06
374 6.526511217696254e-05
378 5.2769374667524676e-05
383 1.680099673581436e-06
409 7.777718669521946e-06
411 3.376673732471765e-05
434 5.901244564138045e-06
479 1.5030478343817074e-05
489 7.672315332894163e-05
561 2.344999568622357e-06
585 1.4918122882115312e-06
694 2.417587321352424e-06
705 7.770057635634757e-07
32 6.67236901355428e-06
35 1.2075083992372312e-06
48 5.614312582692324e-06
145 1.0181632419234377e-05
259 2.033274927005135e-06
426 2.052111764430146e-06
432 3.104767150037586e-06
496 6.616770234562813e-07
571 2.4305223951859443e-05
669 3.4925326659052416e-05
330 1.0623516944825679e-05
494 0.00021157962810528075
135 1.9490643987854794e-07
153 0.00010209664004788643
227 1.1037394891971004e-06
361 1.12771047685562e-05
458 2.9281480457106527e-05
0 0.00019324565244668206
6 4.356765565058897e-06
65 2.4590921942494454e-06
91 1.861224749832571e-07
97 1.1875977466393509e-07
110 9.917772691038767e-07
125 4.914680282399177e-06
139 3.7426697106575474e-07
157 1.3804127906852488e-06
159 3.2154250931017016e-06
160 4.084013171778166e-06
201 4.2821222628275755e-06
249 3.694721368451207e-05
271 2.975064286397626e-06
288 4.235786170448886e-06
341 2.2529388059519812e-10
352 5.461195351668474e-07
354 1.9021094644327585e-05
364 1.1405848905191544e-08
365 2.270358719547099e-05
366 1.9702318042998034e-05
367 1.0025532166273118e-05
376 2.7530822565637554e-06
381 2.147797049628816e-05
407 8.894900053736078e-05
423 1.4652090409590685e-08
485 0.00014459955526278462
500 7.1458390935566655e-06
504 7.515876282629622e-05
506 0.0004806319412695274
619 9.70720876125673e-06
662 3.27613862360137e-07
691 2.466641374139369e-06
718 2.316420650043802e-06
34 4.528222080245126e-05
188 3.269954519670506e-05
226 4.229652541087761e-05
291 1.939819712241593e-05
310 9.7241909586917e-05
568 4.2196211602340956e-07
573 3.376939190730415e-05
717 2.9686729013580598e-06
1 0.00010998044863790107
3 0.00016142338796279525
18 1.2218460250837486e-06
28 3.3361261260255225e-05
105 5.11061320509259e-06
106 2.2732356770451505e-06
149 1.608052902048817e-05
154 7.697773437039152e-07
161 4.782177974796712e-05
199 1.1369466146760712e-06
202 1.4535815081840201e-05
287 8.012612942684895e-06
498 8.461172041036364e-05
523 4.0081819565678e-06
562 1.3727487951281283e-05
12 9.872956301756638e-06
42 9.612670831419009e-05
53 1.876574776248526e-08
61 4.429749284557689e-08
66 7.011875962052899e-10
83 2.867726005050983e-10
89 5.682048875953893e-07
90 4.985610215965112e-08
92 1.4212927011104945e-07
95 4.698942977780051e-08
98 6.599182670343829e-08
100 2.4970777361196673e-09
102 9.614741619839261e-08
103 3.027145635745842e-08
104 3.920627725967315e-08
108 1.9458639529151505e-09
109 6.385711414896993e-07
111 2.3476048690001314e-08
112 4.085800181241864e-09
119 1.1572604963032994e-08
133 1.0261472125739147e-09
137 1.5717313625199337e-10
138 1.1825625548959497e-10
144 4.523097299906215e-09
152 3.7005312459494987e-06
158 4.3549251835567e-06
166 5.522206671554787e-07
172 9.572689403555374e-06
173 8.317861706991447e-07
177 1.379142303047992e-07
182 9.565207843347947e-09
185 9.780442986021862e-08
193 2.3019365673913074e-08
203 2.3602889342727167e-07
207 1.4293976380493323e-07
214 2.1512124407975636e-09
218 3.532357141450985e-10
220 3.2419342229661444e-07
235 2.437124379958407e-06
242 4.739218542825014e-08
246 1.8989337658196355e-07
248 1.8945661676665482e-07
258 1.0816373279600976e-06
266 1.3767587042213864e-07
267 6.568416171848612e-08
268 2.8233526986418973e-08
269 1.4567015817927298e-08
272 3.736169683450038e-08
273 1.5702595683418417e-08
274 3.246649800536857e-08
276 9.857170507213465e-09
280 2.421390389887564e-08
283 1.3419110910565414e-07
293 5.055733387641636e-09
300 2.1466318525051873e-07
313 1.6253499373720095e-05
315 3.1355032832581096e-05
318 2.3819688930641586e-07
339 4.061178771687944e-09
340 1.0215991597422137e-07
350 8.825271930900338e-10
351 2.3003644381949534e-08
363 8.957918107616743e-08
369 4.098138133329464e-08
373 1.1342416110536076e-07
393 1.3228458458584525e-07
397 1.1014862053976152e-09
408 7.973809325604074e-06
441 1.496251262920811e-06
452 1.0727194131927654e-06
465 2.5931068044938453e-07
492 1.1666376609673163e-07
514 4.137055753485483e-06
519 2.247588614383447e-07
522 9.501062700645621e-07
528 1.3207417493286101e-07
534 2.584208401105777e-07
537 4.41834288742074e-06
539 1.0117048482288556e-06
545 1.727497828927601e-07
551 1.5002575050531422e-07
553 5.103581367995636e-05
607 1.1770924288156686e-06
610 3.0788080002617256e-08
612 3.851081740642446e-08
616 3.2099751767748175e-07
617 0.0001235583626026701
621 9.093646064321119e-07
636 1.1945520581813974e-07
637 2.1234606716056684e-07
642 1.2771586015891082e-07
651 9.921137124270733e-06
698 3.0611963118177264e-08
726 6.832053300831251e-08
21 4.805429052164924e-06
27 1.2223320227652637e-05
29 0.00018996554684125988
114 2.504468446838645e-06
151 3.356774800767735e-07
252 1.9129698345447224e-06
255 3.107706927499365e-07
385 4.054381183968524e-09
422 2.5097874121679287e-07
424 9.441322946989448e-09
431 1.3116842435473896e-08
448 8.754591628969612e-07
544 1.6445925062330427e-06
565 6.872990088980594e-06
570 1.7335893414381546e-07
575 2.2016218730996464e-05
577 3.2546725043780374e-07
676 1.3524753779084985e-05
2 4.478269667275164e-08
4 2.580372240706949e-07
7 1.259139040616256e-08
8 3.617838461937025e-08
13 2.872331984423908e-09
14 3.450115819092271e-09
15 4.0573018781742206e-08
16 1.6078126699284173e-07
22 5.315200978211359e-08
23 2.892843703641254e-08
24 7.056926618776085e-08
26 1.3247702157103629e-07
45 5.6367970053507286e-08
50 5.761130139098437e-09
52 3.222985347325342e-07
54 2.6854478189763213e-09
55 3.4563235383296634e-07
57 1.250880499078776e-08
58 4.819610208283227e-07
60 5.942243139573667e-07
62 1.771816210112833e-07
63 2.9015934702367954e-09
64 1.2178126961214883e-07
67 1.5872218828522483e-08
68 6.201935094554798e-08
69 1.9288823910493415e-05
70 3.114360715471271e-07
71 5.916691644945305e-08
72 1.9483652573925246e-07
74 5.149172237979268e-07
75 1.4053067778510266e-07
76 2.612704524836073e-09
77 2.6127045248361017e-09
78 1.197663680016698e-07
79 2.6418038599266365e-09
81 3.031272104796351e-07
82 1.1643062583471634e-07
84 2.466861281413017e-07
85 9.129424266328698e-08
86 1.2549190741584575e-07
93 5.3069640098087205e-08
99 1.0154036971124611e-09
101 1.789282475187385e-08
107 1.2935464900253305e-10
118 8.924603967292359e-11
121 1.6380369484751462e-09
126 2.771973141445617e-08
127 1.970458427390974e-07
132 4.3014674962372974e-08
134 3.937123587170963e-10
140 3.3139216531341867e-09
142 5.775503574729599e-10
146 5.359214724497265e-10
148 5.856250004064354e-08
150 4.458447317493821e-10
155 2.2642430507663597e-05
156 3.4417928263404616e-08
165 5.9233796852024805e-06
174 6.365358669664384e-07
175 4.356694534193472e-08
180 5.5452990670964696e-09
181 6.989187915483466e-08
189 1.1985496173395431e-07
190 7.143998132768045e-07
194 2.0030308269973154e-11
195 5.6300873315813764e-08
197 1.5744046420986803e-07
198 1.0253619906665442e-09
200 1.45110523068646e-08
204 1.274571539731295e-09
205 6.492841403238145e-08
208 1.422084557176504e-07
209 1.7488814325875397e-09
210 1.2750334868383328e-08
212 1.9139191031025306e-08
213 1.1155867484556912e-08
215 1.3711908615972686e-09
216 5.2470248364923e-08
217 1.4517407172188748e-08
233 5.9010956141502504e-09
234 3.1193942249051915e-09
236 1.994734355854419e-09
239 2.0430388175821003e-09
240 1.1076288158326489e-08
241 2.6631374814332855e-09
243 1.199948509162837e-08
254 4.013069461287444e-05
256 4.306726101232095e-09
261 2.2486927394278347e-07
262 2.722807095496518e-09
263 1.1461420341443698e-08
264 6.151098691946407e-09
265 1.5427062441883227e-09
270 1.0520243985566786e-09
275 9.587777514188075e-07
277 4.723645150481907e-09
281 7.467892263856282e-08
282 4.388334854992585e-08
284 4.523164904829844e-09
289 3.1436669583088717e-09
290 5.144556734136065e-10
292 6.695681175461086e-10
296 2.6039821977432633e-09
297 3.107799150795088e-07
303 1.0683231230685267e-09
305 1.2603724064253047e-09
309 6.535962804575942e-08
311 1.339309672123473e-06
312 3.317414667500942e-09
321 2.120607207855598e-08
346 9.202148587114371e-10
347 3.4790070512117016e-09
348 1.5752510288474776e-09
349 1.2661563156717277e-09
353 9.60749761373173e-10
370 1.9259691862967119e-10
371 2.942362029159499e-07
384 2.7675778091074205e-08
386 5.362276013341887e-08
387 2.357098983827476e-09
388 2.3423023429535672e-09
389 1.6356748096878405e-08
390 2.7744581353489145e-07
391 3.5676868476368293e-09
394 5.759291888957269e-10
395 2.121418158151619e-07
396 5.26891564851584e-09
398 1.5844580830587186e-07
399 2.6025248780494664e-09
400 1.0369573638545759e-07
401 1.5049256895693255e-07
402 1.2578817919279315e-09
403 5.7668508844463076e-08
404 6.347224258649969e-08
405 5.4743292198978994e-08
406 5.274940092451537e-09
410 1.0494862890921457e-06
412 7.655448525889535e-08
413 6.027705243623082e-08
418 1.0617173171110724e-08
421 2.4638310983274517e-09
425 1.3016011309982285e-09
427 3.532590551901137e-09
428 6.027621186797487e-09
430 6.001082151405066e-09
433 1.2796809680108551e-07
436 3.191837877827758e-07
439 9.980681542053005e-08
440 2.9533894585808967e-08
442 2.313081739844197e-06
445 4.824052532761909e-08
446 5.4122977947818284e-06
450 1.368914949205228e-08
451 1.1963392223145627e-08
454 2.5811697552939395e-06
455 5.800892160473401e-08
456 6.818512829806336e-08
457 7.943805490223711e-08
459 2.351231355360497e-07
460 5.262249814966157e-09
461 9.854497222293864e-08
462 1.37314731692449e-09
464 5.863848135459253e-07
466 9.259184994910143e-08
468 7.0766941743447935e-09
469 1.4198833936111153e-07
473 4.790433736080994e-08
478 5.215508728922633e-08
480 2.8437332535250153e-08
481 8.141885475546224e-08
483 1.3440320578982872e-08
488 0.00010117610700985116
499 3.9107837742455543e-07
515 3.1134540344140114e-07
518 3.986627641040989e-07
521 5.18085920604264e-08
525 3.1355209966907204e-06
526 2.3261813771519744e-09
529 1.408069219867376e-07
531 1.9539987147017604e-08
533 3.0873211292212954e-05
535 1.1656730399192883e-06
536 6.812808540156345e-07
538 3.203080534776409e-08
540 1.0992920544321473e-08
541 2.2385998573821618e-07
543 7.319384659215208e-08
546 2.124795627881028e-08
549 3.805763427149143e-08
550 3.053520252151441e-09
560 6.707883448803572e-07
572 9.44447351671497e-09
608 7.330786058084403e-08
609 7.870108545035228e-08
611 5.294812930194816e-08
613 9.941153285662423e-06
615 1.9718723832341942e-08
620 6.35854105538819e-08
622 7.978442778173188e-08
624 4.158082419943606e-08
625 3.745704922983156e-08
626 2.07846762924782e-08
627 8.23097746052965e-08
628 1.6672048904629812e-08
629 1.1656170006896635e-07
630 5.4892859148803734e-09
631 6.565954924678792e-09
632 8.530392016917709e-08
633 6.621326922833906e-08
635 1.270779393896387e-07
638 4.769380988564399e-09
639 4.5764475821646736e-09
640 1.2707278820750355e-07
641 4.977882025807005e-08
643 1.696094089715201e-08
645 4.510739956495548e-09
646 4.4137336594134765e-08
647 5.9302513254378233e-08
648 4.3096217727209156e-09
649 3.061534923062765e-08
650 4.304177416474218e-08
652 1.6581517263510726e-08
653 2.1371254310454203e-08
654 3.2287733281573773e-07
655 7.391949456388853e-08
656 4.407948278980303e-08
657 4.1428156809931537e-08
658 2.3077713508128892e-07
659 2.454341529214958e-07
661 4.734485580371429e-08
678 1.2819187426122877e-05
692 3.045405086253676e-09
710 4.7505935051950275e-08
720 4.063140826467657e-10
721 1.885566074217609e-06
722 2.0181937825727388e-07
723 1.033569787572082e-07
724 4.416690707845638e-09
725 2.032856966237998e-06
729 6.511273468969951e-10
730 4.324611879020095e-09
731 1.7285676584644452e-09
