325 1.132270033089186e-06
355 3.2145059007686685e-06
564 3.808964580030091e-06
704 3.541975540537865e-06
49 2.029398071492585e-06
147 3.0967964867218285e-07
171 1.5295143534354615e-06
230 3.4922125710889774e-07
244 6.916867494051162e-06
336 4.609125708782207e-06
443 5.918033401430477e-06
502 3.2066417914549146e-05
530 1.6169551927865123e-06
552 6.195898601228223e-06
580 7.282798749270438e-07
586 4.556994172449165e-06
602 2.5973496732728172e-06
604 8.036067500893474e-06
666 1.4236935461806509e-06
715 4.047138490186357e-06
20 3.3193591675945122e-06
30 6.222772776920526e-06
31 7.536732331358546e-07
43 1.423750341494032e-06
51 2.8386160705573937e-06
56 1.6864302921776262e-07
88 8.765160192412898e-06
94 2.4877135794069753e-06
130 8.261705702143818e-07
170 3.979817500923484e-06
178 6.738088758001581e-07
186 4.172595699301609e-06
223 1.1351660382869273e-06
228 6.618446703406962e-07
237 6.032042888968594e-07
238 2.290134083707589e-06
250 1.7117468633342573e-06
295 8.783055463631883e-07
301 4.990929612781042e-07
316 6.185795974876748e-06
322 4.228274538273114e-07
329 7.658279514591174e-06
335 2.2433537967897439e-07
337 4.078053365276386e-06
338 1.1346618964045575e-06
342 3.334202320907272e-06
357 5.706889951757632e-06
375 6.375731169592454e-07
380 1.2366708070793725e-06
419 1.4894479563805065e-06
447 5.928908038227932e-06
467 4.647218940956268e-07
470 1.8381475019340464e-05
497 2.3249510414598757e-06
501 1.098739530659063e-05
513 1.084725810809794e-05
517 4.802863536288005e-06
555 1.5568281930734589e-06
569 1.5040245832535191e-06
582 1.7052752032727033e-06
588 6.782705085039921e-05
589 1.3845991002380912e-06
590 2.7120277031191066e-06
593 5.722189715736739e-06
595 8.583803673255441e-07
596 3.2965458805001316e-06
599 6.100437167803408e-06
601 2.592865678192718e-06
614 1.4154037651197506e-06
644 3.9451486998234496e-07
660 4.089802229085622e-06
664 1.2946216511884895e-05
671 1.7411049158775093e-06
680 3.09426399736702e-06
682 2.0645993060571594e-06
684 2.7176956494421385e-06
688 1.1883047559359277e-06
696 2.7680392449985456e-06
699 4.316110624640136e-07
701 4.42388265366872e-06
708 3.615360541602239e-07
711 1.3615714762101945e-06
714 4.3798274594053465e-07
727 6.524358902866001e-07
