223 2.350360533184026e-06
250 1.8402972008002327e-06
354 2.116549135350687e-05
722 1.4439880508903431e-06
533 4.0708615428581994e-05
135 1.7666681138808244e-07
80 5.471975061036638e-06
237 7.740787816255383e-07
302 2.693434777289996e-05
476 5.869630959226624e-06
512 3.155247836645121e-06
662 2.835725291082126e-07
2 5.550777175677165e-08
4 2.818004295244498e-07
5 6.686908518927672e-05
6 1.4756559253045269e-05
7 6.308392271999576e-08
8 7.910015210902338e-08
10 0.00016616759764697493
12 1.1374069594062914e-05
13 2.255967745132448e-08
14 1.5137406597917406e-08
15 5.383002319352335e-08
16 9.494884125868745e-07
17 6.75487170439338e-06
18 1.3192388082058688e-06
19 3.2073507756430406e-06
20 4.149671277507065e-06
22 5.920502930974801e-08
23 1.977305138186077e-07
24 8.121583823940019e-08
26 7.411879091851822e-07
27 1.612161773948997e-05
28 3.9364481044038314e-05
30 8.924455196894067e-06
32 7.332653307934099e-06
36 6.955236361361643e-06
38 5.656215064612013e-05
39 3.682918993206068e-06
40 5.120287148912705e-06
41 3.119550466408317e-05
42 0.00011027333716725416
44 4.438376984149986e-06
45 3.953334486999312e-08
49 2.2107184487269587e-06
50 9.403632077330064e-09
51 4.0441719990603595e-06
52 7.416240240374866e-07
53 1.790229458713256e-08
54 9.323990762270396e-09
55 7.322661346443887e-07
57 1.2029443687235727e-07
58 2.4262254894523255e-06
59 8.025271989598113e-07
60 6.231683546224743e-07
61 8.723103269535004e-08
62 2.1741164569424803e-07
63 1.2560695926404162e-08
64 1.4408488336886327e-07
65 4.23011916909832e-06
66 1.0457659554640812e-10
67 2.9120887873286992e-08
68 1.7730899328353543e-07
69 2.5003731125256695e-05
70 3.2718628677459362e-06
71 5.8683498793456085e-08
72 2.3889594482446915e-06
73 6.025874639118089e-05
74 3.337853998928945e-06
75 7.326128926978838e-07
76 6.039129344941926e-09
77 6.039129344941944e-09
78 1.194535884263947e-07
79 1.10473896873372e-08
81 2.8522155736226696e-06
82 3.470352055727514e-07
83 1.0817864282754169e-10
84 3.5585447996685448e-06
85 8.236299482469771e-07
86 6.471092359816802e-08
87 0.00016368436799697606
89 3.3947119576052367e-06
90 7.150778926626635e-08
91 2.2142727935749017e-07
92 1.810079238249278e-07
93 6.030152617459946e-08
94 3.2862904497068115e-06
95 5.840463593111844e-08
96 2.3791801330237883e-05
97 1.5978139183358665e-07
98 7.67907892085196e-08
99 5.659412711749561e-09
100 3.2400219856934274e-10
101 2.299937922183384e-08
102 1.2846819394037288e-07
103 4.076038647360159e-08
104 5.882132291250727e-08
105 5.987312633971933e-06
106 2.538434790243762e-06
107 2.0948777114795462e-10
108 9.204384976574514e-10
109 6.940054311534316e-07
110 1.0717600920776966e-06
111 2.7398275662157336e-08
112 3.608193458851347e-09
113 2.099019942422695e-06
114 2.468384814018035e-06
115 2.20578690395289e-06
116 5.224965638822037e-07
117 1.0953171563598847e-06
118 9.257569485963075e-10
119 1.426550580539212e-08
120 5.382806796349041e-06
121 3.895672967140106e-09
122 4.1237752569221345e-06
123 1.724944447046774e-06
124 1.7494484034996496e-06
125 5.9959316528744435e-06
126 4.219196589301814e-08
127 2.1797271195656987e-07
128 1.7495894021657868e-06
129 2.732554431194418e-06
130 1.8893359721156127e-06
131 8.209392689640017e-07
132 5.378717390367445e-08
133 1.751761316005513e-10
134 2.0350518596655086e-10
136 1.6968790533726972e-06
137 2.1064964578811002e-10
138 2.998110047374806e-10
139 3.686395063256958e-07
140 3.4070031325688503e-09
141 2.2813536830984236e-06
142 1.170749265344067e-09
144 2.3801919897290427e-09
146 6.626806510841454e-10
148 9.432055291633114e-08
150 1.736974607098736e-09
151 2.355871750675368e-06
152 1.0281513611755323e-05
153 0.00011752347403417989
154 2.2687008137068256e-06
155 2.5688089249191776e-05
156 5.5132592083926635e-08
157 1.5313429870902669e-06
159 3.582461927222088e-06
161 5.268279021708078e-05
162 2.3291377343099507e-06
163 2.632648681299321e-05
164 1.8362792626602584e-06
166 5.94698190426594e-07
168 4.434238114613503e-06
169 3.5444150760258285e-06
171 1.8261407109907105e-06
172 1.0455983805174202e-05
173 8.996451771005683e-07
174 6.754713246694584e-07
175 5.498388919041154e-08
176 1.7425221793946832e-06
177 7.420005733074184e-08
179 1.046746937184072e-06
180 8.91293790148045e-09
181 7.695699821046908e-08
182 6.554899516069647e-09
183 2.6189106741613064e-06
184 2.9649327043781894e-06
185 9.645855177258434e-08
186 3.069876786243624e-06
187 1.1498555136120015e-06
188 3.589935022632643e-05
189 9.988980350248749e-08
190 7.952276563796119e-07
191 3.4469593213022386e-06
192 1.22083729941753e-05
193 1.8755394501146912e-08
194 1.976867163985256e-10
195 6.008070252919978e-08
196 3.1724894512383505e-06
197 1.7386826355277434e-07
198 3.4310480496948537e-09
199 2.2076432216497766e-06
200 1.800906901421854e-08
201 6.315777100126356e-06
202 1.6179978930747837e-05
203 4.034645841163628e-07
204 3.5655641715478386e-09
205 1.697973453414449e-07
206 8.724539005572851e-07
207 2.2474392101350744e-07
208 2.1910827537664286e-07
209 4.354937008798379e-09
210 2.199833472055164e-08
211 4.7377396229390245e-06
212 5.068014053794227e-08
213 2.002084182261972e-08
214 2.7320819494873512e-09
215 2.1925201998760626e-09
216 6.589002930936597e-08
217 2.527104611284349e-08
218 6.845425488876944e-11
219 6.1983350647056764e-06
220 5.349275317066834e-07
221 7.203490158229724e-05
224 6.606796141186712e-06
225 1.3848690090457538e-05
226 5.253351369601001e-05
227 1.062276147148083e-06
229 4.09257580409811e-06
231 2.9976108737447968e-06
233 5.202362848064744e-09
234 1.9715192877391675e-09
235 2.3610106083986826e-06
236 1.870910742170609e-09
239 2.0962402207339945e-09
240 1.4929028119666922e-08
241 3.2396648751490715e-09
242 4.9941724139005495e-08
243 6.911102083136714e-09
244 5.341106108243885e-06
245 1.4750700871522334e-05
246 2.4973038962201503e-07
247 2.5794652638923607e-05
248 3.6489485556099645e-07
249 4.6549709142930864e-05
252 2.066780853932482e-06
253 9.705918514747171e-06
254 4.9628238902643084e-05
255 3.141761003798886e-07
256 1.2179920740654936e-08
257 2.674814962133592e-06
258 1.1880004483777661e-06
260 6.292935405134708e-05
261 2.441280026637725e-07
262 6.812598491446997e-09
263 1.3046676059877305e-08
264 5.021582120521363e-09
265 3.5788638238740303e-09
266 1.589357712984833e-07
267 1.1929367780360605e-07
268 4.963354625825556e-08
269 1.912035508819934e-08
270 2.9042595087457367e-09
271 3.4344791441593752e-06
272 7.908657401425078e-08
273 2.6887933739940203e-08
274 6.784904976562848e-08
275 1.1570415145012903e-06
276 1.3999700572159948e-08
277 4.895480646846137e-09
278 8.174834974844155e-07
279 3.25972040545395e-06
280 7.423704482223322e-09
281 9.2354512702977e-08
282 5.3522039339463346e-08
283 1.5279210439662343e-07
284 1.3405325197198168e-08
285 6.031545621762434e-06
287 8.349531999525829e-06
288 4.47410490047244e-06
289 9.803315731670534e-09
290 1.2696428155033318e-09
291 2.1105395291703916e-05
292 2.537003305741662e-09
293 9.369849191794352e-09
294 8.020773260831047e-06
296 8.159574916356807e-09
297 3.294285611781913e-07
298 3.991551026130648e-06
299 3.334304704807235e-05
300 2.2786886789467673e-07
303 3.3473140685643245e-09
305 3.4319588676449324e-09
306 1.9560544690544694e-06
308 2.800649462693275e-06
309 1.1362165361357266e-07
310 0.000109569021549909
311 1.9021852849413718e-06
312 2.3806124302422137e-08
313 1.8628072486758005e-05
314 2.1398931800457693e-05
315 3.548905675375206e-05
317 6.249976677551002e-06
318 5.101192539331567e-07
319 4.170984011571431e-06
320 4.405179820790987e-06
321 2.6405517834146343e-08
323 6.2325369774033095e-06
324 3.8354476252849165e-06
325 1.3256607790935095e-06
326 4.403804543002667e-06
327 5.469513670685173e-06
328 2.006877688573974e-06
329 7.386391560188716e-06
331 2.7880271870010243e-05
332 2.9951451106784788e-06
333 5.0307922103576415e-06
336 6.149553576493879e-06
337 3.9874428843108216e-06
339 4.406974779903731e-09
340 1.2512446927226922e-07
341 2.1815198046601766e-10
342 5.496675275580899e-06
343 3.6337759231365047e-06
344 7.187950704518747e-06
345 1.2550140813266927e-05
346 1.7787762854881844e-09
347 3.819216506966598e-09
348 2.2436545229402905e-09
349 2.7465893390629054e-09
350 7.17384372295248e-11
351 3.407681449936366e-08
352 5.862452598552607e-07
353 1.0547593231185187e-09
355 3.5454143281954277e-06
356 3.2326962496022047e-06
358 2.8776978896957904e-06
359 3.543783797385582e-06
361 1.251188896509371e-05
362 3.543805282317305e-05
363 9.365485049035987e-08
364 1.0529768337892472e-08
365 2.4617462152112066e-05
366 2.132696486929528e-05
367 1.1120325010050452e-05
369 4.897457203871491e-08
370 1.137411736096116e-10
371 3.180159397711567e-07
372 3.1601406932328184e-05
373 1.0659062182636242e-07
374 7.141644283850875e-05
376 2.8535766893763364e-06
377 3.226630520648336e-06
378 5.676882134265269e-05
379 1.8329284747715102e-06
382 4.5915343655278074e-06
383 1.5195878649757227e-06
384 2.3843142683515996e-07
385 3.0861048353636196e-09
386 4.6816578157700137e-07
387 7.999551004097215e-09
388 7.686852838375366e-09
389 1.0867748633715107e-07
390 6.57492808496089e-07
391 9.564171646958998e-08
392 8.47439546967111e-06
393 8.383134457991943e-07
394 1.2356735117383872e-08
395 1.0200239376123945e-06
396 6.085215201747156e-09
397 2.602940794048675e-10
398 1.0338167430647527e-06
399 4.144859450892537e-09
400 2.9263735588320755e-07
401 2.3386980265124211e-07
402 2.046158246481213e-09
403 4.4321530704230124e-07
404 5.41254090153017e-07
405 2.7386586920939433e-07
406 1.1936861427929729e-08
407 0.00010332829442013492
408 1.0118382191631623e-05
409 1.7490065545090646e-05
410 2.091712570535353e-06
411 4.465842104742831e-05
412 4.759055641360571e-07
413 8.831175234417164e-07
414 1.1432360754885015e-05
415 3.534602290206986e-05
416 4.640361260209205e-06
418 1.0979669741054892e-08
421 2.8333588516136485e-09
422 2.5986417442828945e-07
423 1.1553371812785374e-08
424 8.918314129737307e-09
425 1.8323296415918405e-09
426 2.1141096367575465e-06
427 3.222629710510955e-09
428 6.4158645627688645e-09
429 7.505022168692099e-06
430 5.519082309295773e-09
431 1.1434729608826193e-08
432 3.1138405990658447e-06
433 5.038328938979683e-07
434 1.1777973635068915e-05
435 2.2283200504167898e-06
436 1.2098002977968072e-06
437 1.7728904436498914e-05
438 5.249393427113981e-07
439 4.5514768660937246e-07
440 5.0043778224570944e-08
441 3.7773636046986156e-06
442 2.9907138936472135e-06
443 5.3860329381260195e-06
444 5.1012352241014655e-06
445 9.149269690568075e-08
446 5.920955060605123e-06
447 6.4049421471266034e-06
448 9.311550970988211e-07
449 7.698134568231673e-06
450 6.326716348843315e-08
451 1.8776751572871626e-08
452 3.6671753715010466e-06
453 2.7107833847403206e-06
454 4.9660145203018145e-06
455 6.884761057894342e-08
456 2.6693785173864605e-07
457 1.9156881963412133e-07
458 4.239501548148732e-05
459 2.2943674859080592e-06
460 5.9526160688901306e-09
461 5.709245368647062e-07
462 3.795932446722269e-09
463 1.6944513230269051e-06
464 1.1123672655966888e-06
465 3.516585589244954e-07
466 4.327125878621916e-07
467 1.598150394357728e-06
468 1.6951561238078407e-08
469 1.2034794339929609e-06
470 2.1095194076206346e-05
471 6.168060923304904e-06
472 1.791297264902976e-05
473 4.762512767844735e-07
474 1.485069602922625e-05
475 4.702664456803918e-09
477 6.796034139298662e-06
478 1.5262563961312469e-07
479 1.4715377341892115e-05
480 9.359463851419512e-08
481 9.096852088878724e-08
483 9.157365597902718e-09
484 9.552109311146352e-05
485 0.0001621652502626543
487 1.1233374294323189e-05
489 9.039436779414281e-05
490 0.0002625203896921468
492 2.599916453329115e-07
493 7.788850163296109e-05
494 0.00024019829036852293
495 3.6161633691215395e-09
496 7.501505974068793e-07
498 9.309741538284072e-05
499 5.043735405577062e-07
500 7.699483523529311e-06
501 1.1924390687387947e-05
502 3.602576301695718e-05
503 5.2306324806121656e-06
504 9.330957905556798e-05
505 8.241261368931651e-06
506 0.0005356274427079932
508 9.460251082384846e-06
513 1.3435783029497288e-05
514 5.206663271543411e-06
515 5.360239920892836e-07
516 1.3511783631098421e-05
517 5.8533409319156975e-06
518 4.7615736742505646e-07
519 1.6458978581801762e-06
520 4.630495118168928e-06
522 3.909907334753744e-06
523 3.959346002892163e-06
524 4.394554520660493e-06
525 4.843635227692295e-06
526 3.828765804016651e-09
527 1.3451943640697581e-05
528 1.1228118865633923e-07
529 5.449824390765338e-07
530 1.951827220107831e-06
531 2.4905957485849534e-07
532 1.986197891498988e-05
534 1.2763469077851125e-06
535 1.4929105893865972e-06
536 1.3384617970546794e-06
537 1.0004164188737541e-05
538 3.089038620051856e-07
539 1.1684287234872608e-06
540 1.0252146525631273e-07
541 5.941573396877603e-07
542 1.0207549998864344e-07
543 1.1156915564522768e-07
544 2.828534538281228e-06
545 1.5154195077475697e-06
546 8.650231916387207e-08
547 3.8677316737208e-06
549 1.6837903171020913e-07
550 1.3716660858952751e-08
551 1.0434003679011605e-06
552 7.981430239666639e-06
555 2.9783316295710605e-06
557 2.3399582674924434e-05
558 0.00011309657295681267
559 3.046509138832267e-06
560 9.380548390703384e-07
562 1.865293403163178e-05
563 7.141424680794462e-06
564 4.374460645578194e-06
565 1.0572633310511434e-05
566 1.7334453790824129e-06
567 3.957712507176292e-06
568 3.7277043088882867e-07
569 2.9731260367039106e-06
570 1.283231513269602e-07
571 2.4958617547107605e-05
572 1.780674046163236e-08
573 3.935680634840653e-05
574 3.2078693577094624e-06
575 2.7129529553588945e-05
577 3.4224875438580177e-07
578 1.645233647824335e-06
579 1.395241626425301e-06
580 1.4567667152185623e-06
581 6.43119250244949e-07
583 1.4481625292881417e-05
584 8.096559308520159e-05
585 1.6405508234669216e-06
586 6.791128767305699e-06
587 3.5090716465016013e-06
588 7.14609529109045e-05
591 3.019229644482451e-06
592 1.3030043822489825e-05
593 7.5445125577224954e-06
594 5.701777221729418e-06
597 1.662901589546886e-05
599 5.431554633671686e-06
602 4.116196140242527e-06
604 9.170036973750681e-06
607 1.250118276704079e-06
608 1.4141211074346178e-07
609 2.7027180164435116e-07
610 2.2348155638524604e-07
611 1.8342617805955094e-07
612 1.1502930795874941e-07
613 1.3108605971589285e-05
615 3.751808448447118e-08
616 7.909014209308767e-07
617 0.0001388448505083261
619 1.814723745889039e-05
620 1.0459129002035754e-07
621 2.184207395369149e-06
622 3.2175820921920377e-07
623 1.345994590813003e-05
624 1.5341470017998838e-07
625 1.4412551490091696e-07
626 6.923539859970723e-08
627 3.3160645459641076e-07
628 6.704051625941354e-08
629 3.269991047421184e-07
630 4.5477889983279136e-08
631 2.8140186597714883e-08
632 1.6811721813845113e-07
633 1.0038840656754818e-07
634 3.2225995825901446e-06
635 3.785245882374525e-07
636 1.8944944289370365e-07
637 5.633999436236366e-07
638 1.2692011350615436e-08
639 1.719696659899638e-08
640 4.132222277199703e-07
641 1.8074376989071222e-07
642 5.210809438779681e-07
643 5.597691554743878e-08
645 2.0910735132128427e-08
646 5.84036389995175e-08
647 1.8074482810678818e-07
648 2.7616363989780406e-08
649 6.098216690405361e-08
650 1.6507400777204638e-07
651 1.3588675001961568e-05
652 6.558173276271482e-08
653 4.84350530164911e-08
654 7.978727727723881e-07
655 3.3801479031967596e-07
656 1.0758916913460555e-07
657 1.7435842505766186e-07
658 5.914585485926213e-07
659 2.966745463061139e-07
660 3.98120346650547e-06
661 1.7134246041023622e-07
664 1.2897811944851069e-05
665 1.519393359558124e-05
666 2.00676040553357e-06
667 4.757581733153067e-06
668 3.1074488766253555e-06
669 3.736571204729762e-05
670 9.628539821565993e-06
671 5.322259264819532e-06
672 4.639389032868705e-06
673 1.8073630616281482e-05
674 3.754024363291569e-06
675 2.1786485396691465e-06
676 1.571227736820434e-05
677 7.2019281800699215e-06
678 1.4544863411565397e-05
680 3.524974781004656e-06
681 1.3345556715715186e-05
683 2.9054160446278025e-05
685 6.887052191725741e-06
687 5.6525466364741545e-06
689 2.1290596418730272e-06
690 9.469161373394443e-07
691 2.6886005315110886e-06
692 1.2464715194294933e-08
693 8.733691530900719e-07
694 2.2590087053228818e-06
695 1.6176563550408812e-06
697 3.2366293639929335e-06
698 4.6592499434051196e-08
700 2.314227838965198e-06
701 4.938847241885322e-06
702 5.673337229130235e-06
704 3.964452549462939e-06
705 6.132253300837621e-07
706 1.4226188263765521e-06
707 5.65400244482256e-06
709 3.131725451362274e-06
710 7.567789753593714e-08
712 1.2026403038588104e-05
713 1.4451219432114904e-06
715 3.871681129708293e-06
716 2.080350607187031e-06
717 3.0156671751363285e-06
718 1.9332975171523884e-06
719 1.1872937444140198e-06
720 6.744092146414951e-10
721 3.649011892465258e-06
723 1.4509829028644886e-06
724 1.670086633218416e-08
725 2.4131988441738947e-06
726 1.1022347163884164e-07
728 2.5550511665049434e-06
729 1.0176584792515035e-09
730 9.840053164052047e-09
731 3.2041391815902284e-09
