0 0.00016715515759090064
31 7.454950877244664e-07
47 3.7050744882269338e-06
48 3.472331905782197e-06
56 4.366554313928478e-07
160 2.555951599148432e-06
170 2.4042833008300775e-06
178 6.378298312802638e-07
228 8.784844314196836e-07
238 3.351065339656903e-06
295 1.396108862739364e-06
301 5.657894522010637e-07
322 5.649104969525015e-07
335 3.7647463186292397e-07
380 1.0408552567832649e-06
381 2.240020685572841e-05
419 1.212957951458924e-06
507 2.3623536126631073e-06
548 2.749104571491285e-07
553 4.3614027926300865e-05
582 1.8389253622229969e-06
589 1.613117316344747e-06
590 2.9428895535686153e-06
595 1.172216372922661e-06
596 3.375206652136993e-06
601 2.844888458104454e-06
644 6.045848900464013e-07
682 2.5838315626606612e-06
699 4.4816987979643555e-07
711 2.009983218465029e-06
1 0.00011878731772046997
3 0.00013921354381582604
9 1.5418398043795892e-05
11 1.2639356344299126e-06
21 3.771280935589221e-06
34 2.550805628648826e-05
35 9.553419144736794e-07
37 6.214878138470996e-06
46 3.722694314852998e-05
88 9.760573240409754e-06
145 7.930414537909923e-06
147 1.1935731520172723e-07
149 1.0784160423081122e-05
158 2.3051575528644273e-06
165 3.270883494967909e-06
167 2.4421611842508205e-07
222 7.400366341691478e-07
232 2.471588745533301e-06
286 2.0062286972974434e-06
307 2.2289131842825743e-06
316 6.9113386459374754e-06
488 7.955540853949463e-05
491 4.866872883522141e-06
497 3.0101728159820235e-06
509 4.226276589748663e-06
511 2.7146162068440154e-05
561 2.4722124269967284e-06
576 3.6321771526339612e-06
598 2.0989335333597573e-06
605 7.164197179681787e-07
606 2.3208567479527977e-06
679 3.750873744440837e-06
696 3.557140440146651e-06
29 0.00020702976921588788
33 3.3948848812992525e-06
143 2.36759827809947e-08
251 5.337848244820367e-07
304 1.1775351065483738e-06
334 1.6646346391566715e-05
338 2.0304825589848472e-06
357 5.883281189237553e-06
360 1.6604053640224487e-06
368 3.445209382538898e-06
420 7.94581759273704e-07
486 1.207915916858674e-05
600 1.075527961251596e-05
618 6.076252733210314e-07
663 2.971061692002388e-06
686 2.6863867436524167e-05
614 2.1126526859464093e-06
688 1.9163569142609964e-06
25 3.8817631156114444e-07
259 2.0305379457234794e-06
330 1.1269531695260653e-05
375 1.1380132394794632e-06
417 4.368084358756779e-06
482 1.2282910087903613e-05
510 6.105595511897652e-06
521 4.719044982208347e-07
554 2.1728404890534207e-06
603 7.5054115475584e-06
703 1.6238145988558377e-06
556 7.394979332035723e-06
684 4.129671794825884e-06
708 1.1428149505536302e-06
714 1.2173597126916593e-06
727 8.576681047578484e-07
230 3.9234175448551403e-07
43 2.366270167138501e-06
