380 5.220134904086669e-06
624 3.241935067714355e-06
538 1.6118391969244636e-05
330 2.2812711460505224e-06
381 1.2950410109398595e-06
664 1.979688525905908e-06
707 2.849629670425581e-06
331 4.449422978200925e-06
678 2.922557338413075e-06
688 4.042446611219808e-07
59 3.352815580306997e-06
73 5.4985315319884376e-05
179 4.673003111340883e-07
475 1.2294575445002334e-05
694 1.7228340787808917e-07
170 5.918867478966415e-06
186 4.479359494255043e-06
468 1.3358822297924676e-05
335 3.7153599070376307e-06
223 5.383989642862077e-06
550 3.958997797747572e-06
672 9.706892423798297e-05
683 2.323525900362919e-06
691 5.256654812711315e-06
219 9.929186424791737e-06
228 4.55200691645472e-06
317 1.0391006741746104e-05
684 8.174785354772757e-07
676 7.579356678081122e-06
686 2.847785417995705e-06
660 5.534622764974617e-05
115 3.7277156517578476e-06
206 1.553598951262209e-06
390 7.6166698644751705e-06
191 5.431899504518583e-06
321 5.631182236768417e-06
322 2.3937478185674406e-06
426 6.477258564408127e-06
131 4.22102140828509e-07
523 2.2528009515075412e-05
224 9.901290013445297e-06
655 5.582868104436945e-05
587 1.7707275654223082e-05
162 1.8964439983677498e-06
329 2.3489024189539547e-05
230 2.235166371567515e-06
570 6.922672665329385e-07
658 1.9946388278498543e-06
