33 1.3434559486488597e-05
37 1.6283398976266003e-05
39 3.765679234470626e-06
136 7.194683710373423e-07
187 7.769254445883388e-07
196 3.3461266583326137e-06
231 2.4514604760455644e-06
277 1.1879537684340734e-05
296 1.4511832263625577e-06
305 2.8211354962461723e-06
324 1.1315533236551242e-05
325 9.027057859301424e-06
341 4.1707790431581e-06
354 2.2937524250359177e-06
358 7.5787688394477885e-06
377 1.8215621828898222e-06
414 8.708296580616137e-06
441 7.2993752996548295e-06
450 4.380734814551059e-06
460 2.165515806631619e-06
483 2.3136883763649725e-05
498 1.567305861886162e-05
501 0.00011088671259090097
557 9.207470239807037e-07
558 5.485291732858211e-06
567 5.669411388907995e-06
572 1.1046292869335707e-07
577 3.421600084730208e-06
581 1.8344990658219854e-06
582 2.6750436420357484e-05
613 2.185529379951506e-05
653 3.365162365011267e-06
657 1.5470172515978126e-05
661 7.655804659636088e-06
663 4.562881217020027e-06
668 1.0233489356043699e-05
670 2.31904206044531e-05
674 5.647744745442834e-06
689 1.684990091749883e-06
696 1.3546031815684863e-05
708 7.367578306655686e-07
284 2.035552619677771e-06
167 9.60079507068526e-08
11 8.134336824333807e-06
366 3.3632514834335618e-06
590 1.0315197762963617e-05
698 2.668123842333504e-06
255 2.6795107368649603e-06
19 3.307192650773216e-06
