9 2.9551188943310635e-05
20 3.632190553926464e-06
31 6.565717162096222e-07
43 1.5833084190604884e-06
51 4.046778645518243e-06
56 6.819056923433789e-07
88 4.7423312737229495e-05
94 2.0620564070259294e-06
130 2.0442954186892465e-06
178 8.021123782990326e-07
222 1.6491466770412728e-06
227 1.42653803940954e-06
229 3.5102719524355255e-07
236 4.6830905099071815e-07
237 2.1068006021190074e-06
248 1.9031778282786364e-06
293 2.7136608985373676e-06
299 6.185654395904374e-07
314 9.611680998364538e-06
320 3.931352091457852e-07
327 2.290712423642003e-05
333 1.0220755622305909e-07
334 8.17630597009365e-06
336 1.2757580612832746e-06
340 3.078431957643774e-05
355 8.118822563680561e-06
373 6.897942573754826e-07
378 2.0782200480984982e-06
416 3.5645081164908413e-06
464 3.426710301001677e-06
467 5.301879209581608e-05
490 1.0933632130268535e-05
494 1.0794606721745515e-05
505 6.943645561843403e-05
509 1.0577815604108077e-05
521 8.890666979804823e-06
543 2.4757900317234122e-05
546 1.5932392504368934e-06
560 3.7948781292450158e-06
576 5.833339975951839e-06
578 8.164594672945072e-05
579 1.1654215438512537e-06
580 4.392448567878689e-06
583 1.0791729235370183e-05
585 2.6202513644709638e-06
586 4.113817441622166e-05
589 1.5110669291768875e-05
594 8.783826908616935e-06
604 3.810077659176969e-06
634 4.610455868310084e-07
650 5.739768701138931e-06
656 1.38894483630331e-06
671 9.220464345647506e-06
673 4.649788055919381e-06
677 6.257311900208317e-06
685 2.804689159090109e-06
690 3.934843020898308e-06
697 2.3301573881098828e-06
700 1.9715311646506937e-06
703 1.7074274592818004e-06
716 5.349309508169276e-07
592 1.0344609897294938e-05
171 2.985106146843668e-06
147 5.540873145912889e-07
318 1.6488223310532225e-05
473 5.433153046845503e-06
