571 1.0367630594546696e-06
444 3.333339778999183e-05
555 3.286286329260229e-06
495 4.697922608945303e-05
129 2.0514641249163203e-06
353 2.693359316237145e-06
702 1.8495877858959365e-06
704 3.594142517957965e-06
47 5.515610140149399e-06
141 2.1440361483503968e-06
258 4.559022689288254e-05
297 3.0446384011284268e-05
662 1.5221097037042466e-05
675 3.3974682220278625e-05
32 8.510702976906041e-06
48 5.451985757644634e-06
123 8.382552291545422e-07
251 7.374453953891952e-06
312 2.007388552864128e-05
500 4.215612139067521e-06
562 2.263299866368261e-05
549 0.00011017202595693318
192 9.709657010177037e-06
502 6.816317697336354e-06
547 5.216452087750933e-06
659 2.659535274570261e-05
245 2.439811988178743e-05
508 1.8575080429984624e-05
596 3.110888179030445e-06
584 3.6051375963386887e-06
87 0.00016226439144320382
503 3.625724441073277e-05
554 8.02243616388648e-06
332 1.7679797051643153e-05
593 1.00836585061378e-05
35 1.088786798347648e-06
113 2.0913368420793655e-06
36 4.51536242570057e-06
49 1.8892610856569279e-06
440 5.736457983617131e-06
693 3.392097561531655e-06
40 3.771363861249435e-06
44 3.487044314261515e-06
46 4.539955254689836e-05
323 7.376058842859572e-07
666 4.435890904940723e-06
304 1.5368102943241565e-06
545 1.6029785006500468e-06
432 2.2448647859498106e-06
692 1.3574867597187156e-06
717 1.8813815581613463e-06
