149 2.0209470685845608e-05
174 7.170822912905385e-07
272 8.321556150729104e-08
411 4.692536868447767e-06
391 4.734310557972314e-06
176 3.145363054265093e-06
195 9.860263358969513e-08
417 1.1717642883519358e-06
506 4.800737957469879e-06
257 1.9735024661052706e-06
389 5.989169520560792e-07
125 5.26361520644606e-06
313 3.28069490436617e-05
568 3.856166245474897e-07
177 3.681544029681709e-07
349 4.516944233673574e-08
379 2.3560838591792803e-05
27 1.379505858455966e-05
396 2.1762100526240046e-06
504 2.4505693591098663e-06
105 5.585830452647808e-06
388 3.6012634857330755e-07
66 1.2297537129680144e-09
469 2.0048758647460874e-05
89 1.4692262940469071e-06
28 3.680848896105943e-05
146 1.1968227120780798e-09
406 8.402671798537107e-06
104 4.8191675787785955e-08
413 6.73869326621436e-05
311 1.571703885771038e-05
445 1.0310650558826017e-06
654 8.72808894418285e-05
110 1.0531376429904918e-06
17 7.385821290102698e-06
292 8.54943997455666e-06
283 5.7008007074395e-06
548 1.929743858860321e-05
456 6.758289659103929e-07
457 8.429380190502396e-09
401 3.3528226110662446e-06
410 2.1308695803989944e-06
74 6.594393969272209e-07
360 3.98894005117008e-05
488 8.947350953873906e-05
247 4.7670484080606196e-05
80 4.274280776973652e-06
446 7.508416875152186e-05
168 4.089603701978361e-06
374 3.2556742253482936e-06
153 0.00011447952091127912
216 6.063440758213186e-08
402 1.6565810648009106e-06
403 1.1491825309481368e-06
242 1.5999237746668966e-08
563 8.377153758917442e-09
156 5.1251665353902836e-08
77 9.775049026889177e-09
551 6.511477001076668e-07
126 3.765207806315359e-08
96 3.6200450820498444e-05
574 8.101659594579689e-05
120 7.365182913365626e-06
160 4.751289863792836e-06
5 6.268016704109155e-05
183 2.9799952461903513e-06
342 8.86830688963868e-06
470 1.1884364429912158e-07
154 1.4885845970179357e-06
458 3.3991339841993106e-07
603 9.74259832553714e-06
516 2.7391694752998284e-06
520 1.893214088729984e-07
76 1.5470001767016265e-08
127 2.0261053824085462e-07
462 3.709379505293447e-07
719 3.0011556592292096e-09
270 3.625051913262225e-08
472 6.554868084546277e-06
290 2.2750640803684783e-08
238 1.7480289396025633e-08
681 7.409368903125279e-08
348 3.733072255586875e-09
598 1.649928849663209e-07
420 2.0834179132039583e-08
573 4.972118177783676e-05
552 3.1639047807964014e-06
30 2.454614447908998e-05
55 3.675687374079325e-07
605 4.7927529571055316e-08
519 1.2811646781486317e-07
78 1.9949274470313028e-07
517 2.3749855976404492e-09
194 3.7946504164033293e-10
14 5.720786448873187e-09
601 5.5404635190677875e-08
602 1.4561859875978162e-07
375 3.712607751892092e-06
63 2.26599029478029e-08
600 2.13505405285789e-07
217 2.404446513531117e-08
514 5.556474182748136e-06
122 9.33834290792597e-06
435 7.787325969362962e-07
393 3.3184276104859397e-06
316 4.179792341082621e-07
133 5.305581102949021e-10
239 2.1208182775511224e-08
235 4.133644902341721e-09
599 1.4316318046089542e-07
8 1.1849035610357096e-07
158 4.543495148509224e-06
38 5.39473851729532e-05
491 7.774272975590978e-05
609 1.1423368605275831e-05
328 1.0799524398491576e-05
25 5.72755763095961e-07
484 0.0001166529216422081
459 1.5848069671231374e-09
208 1.8723852526881466e-07
622 1.2381590520728215e-07
109 7.574731202915344e-07
67 4.233376615454564e-08
597 1.257585310058437e-06
84 8.817097744813478e-07
641 1.1146308284287612e-05
461 8.718558576824883e-07
193 5.7124861847741235e-08
415 4.00015126875258e-09
449 1.4904368859007874e-06
369 3.110336381811093e-07
99 5.581908831702677e-09
260 5.409970050757594e-09
271 1.0986644055081927e-08
173 8.901421733534369e-07
431 6.996431052567718e-06
91 2.6152750183283384e-07
22 7.758159494407933e-08
15 2.131658962358827e-07
144 5.211357566869381e-09
710 2.505819029778689e-06
140 7.825130896286503e-09
451 2.965172571272082e-06
438 1.5493291103110257e-06
215 6.744981981359062e-09
339 2.77014556747565e-10
188 2.559822489451888e-05
18 1.2603618471668833e-06
357 3.334066909065924e-06
166 6.074487455451712e-07
159 3.498563516212627e-06
157 1.7811666399646352e-06
246 3.32062204283634e-07
463 1.6458938200666292e-07
512 2.021594025361467e-05
528 6.678744369350518e-06
535 3.1281078445863397e-06
428 3.634676160317458e-08
422 8.269753606423643e-09
118 3.744235803287096e-09
81 7.457255182277612e-07
439 2.3417339885901008e-06
82 6.49874047075446e-07
100 1.1123238951105825e-09
479 5.985435319768853e-08
26 4.066908066238377e-07
433 6.530737786826692e-07
539 4.938561629159181e-07
203 5.219605367633486e-07
116 7.485810292542801e-07
481 0.0001536174148001202
553 1.5661242418868973e-05
556 7.262108999908446e-06
351 1.4503704113010641e-08
382 8.785570034618423e-07
106 2.2924027362892923e-06
425 1.2039479626717967e-08
287 9.363507633594123e-09
138 1.871910774964935e-09
190 7.224206800592271e-07
303 1.888888293522921e-09
343 1.2250906038260834e-05
103 9.32806631106883e-08
627 2.1157434777891723e-07
233 6.797017336187379e-09
530 1.1946071002743975e-06
397 8.232746199415711e-09
443 6.032187975908253e-06
347 3.2337217504922626e-09
623 8.814425392297139e-08
625 1.269677036480953e-07
536 4.2381882341616614e-07
75 2.2399989910825631e-07
85 3.2546343869746555e-07
386 4.5835491505427055e-08
713 2.679667153024808e-08
384 3.4940179282805396e-06
482 9.067496011862639e-06
477 1.460483794607133e-07
575 2.089788737895832e-06
542 2.3059450263904173e-07
210 3.66879784891838e-08
651 1.1604931923676018e-07
148 1.9295191077369843e-07
61 1.6619289572270993e-07
427 1.6590256876787342e-08
101 2.5075614120863494e-08
205 1.030868294129187e-07
361 1.386190144066644e-07
507 5.282490483487621e-07
631 4.056607071825331e-08
430 1.1110290643025325e-07
635 1.3810546939161394e-07
128 2.745409346264553e-06
302 1.5875639985564364e-06
306 2.9334155822856273e-06
363 2.521467798929684e-05
232 2.68296199707622e-08
531 2.6844064575587643e-08
365 9.815107368791179e-06
492 3.6389911855606183e-07
265 8.740344570667173e-08
400 1.528014970282074e-09
510 3.940723340253185e-07
529 2.3114247134095107e-07
273 9.865699460251982e-07
398 4.3402775284101703e-07
636 6.012661366459467e-08
62 1.727144105831033e-07
399 3.736163055516006e-07
404 7.815798856177256e-09
201 4.808501539179987e-06
285 8.50796922824299e-06
405 9.340149060068022e-05
264 1.4250132700092277e-07
53 4.837000273164833e-08
337 1.6049430401224626e-08
370 3.228522583392879e-05
10 0.00017385156770457618
45 4.652663361038157e-08
58 3.8984101763752113e-07
70 3.468223270648048e-07
86 1.2100323783465976e-07
294 1.337318072965506e-08
338 1.0856313908531344e-07
200 1.9955567664488454e-08
254 4.4875683426507975e-08
16 6.175985119572116e-07
387 7.703394724951829e-07
424 7.485373156297112e-09
226 1.085328428295793e-06
368 3.378546386927783e-10
21 6.730063833945771e-06
234 2.709118235448638e-06
489 0.00039139997247061734
295 3.0578289454857035e-07
714 2.5887140369122447e-06
50 9.554608410968386e-09
68 1.1634902111259135e-07
119 2.0490566702869915e-07
52 3.795173750717729e-07
309 1.302963066260752e-06
442 5.3021902887608775e-08
632 1.6700300503365248e-07
711 1.4323925201475395e-07
23 6.695057529423939e-08
633 7.439863492979495e-08
4 2.6998432785412104e-07
204 9.440691249594313e-09
124 2.4443263804492887e-06
412 1.085653196361588e-05
515 1.1776646737639885e-05
565 5.251313030826467e-06
682 6.807612370269889e-07
6 6.436179656521376e-06
275 1.0952980107668948e-08
534 7.927574960953132e-08
526 1.7639171513694586e-06
268 4.5789979121603054e-09
637 2.4238917716456756e-08
647 2.0931578300202975e-08
709 2.315910231545112e-09
527 6.63873388864266e-07
638 2.554550175922048e-08
720 7.675683710227035e-09
64 1.2123277803596557e-07
645 3.2311052657077154e-08
24 1.117981937805764e-07
262 8.958098159705268e-09
626 1.3866290414465295e-07
646 6.552375277118842e-08
69 1.866413351281029e-05
72 3.438425326052233e-07
189 1.4334694383628839e-07
466 3.538642751021608e-07
712 3.3131243083090173e-07
213 3.0414290930160486e-08
169 3.656297211817161e-06
718 1.851590717310222e-09
71 1.3236332010251052e-07
151 3.8469118408369024e-07
180 1.013175460856467e-08
394 1.2719154697271278e-08
240 1.6456230126045268e-08
418 2.6926845594407683e-09
419 2.9035376509437557e-07
499 0.000486749722885191
595 1.1084820147400339e-06
172 9.567456276976071e-06
628 5.0152868643686246e-09
629 3.321635028950651e-09
288 3.88477246826298e-09
152 3.672099208695371e-06
300 2.3754244400393197e-05
315 6.1915174747896494e-06
356 2.426427211320333e-06
409 3.642566317386052e-05
497 7.734862808229927e-05
569 1.6627438361844784e-06
665 1.2643948528248581e-05
111 2.4786807272857963e-08
181 8.281026160490064e-08
182 2.3489234074031783e-08
454 9.749763286876279e-08
474 1.29292642027982e-07
476 8.737867147285614e-08
617 7.62995235352899e-08
642 6.498170408561905e-08
90 8.610767370720592e-08
97 1.7554036118894646e-07
207 1.651558491152224e-07
266 1.591763536765773e-08
12 1.3028748771794855e-05
108 3.37884530084172e-10
150 6.3493143952547515e-09
161 4.501590960346326e-05
198 2.807488037245412e-08
263 1.1409273091637302e-08
282 8.664646477990418e-09
307 8.821562771931016e-08
487 3.3025577635671133e-06
540 1.3362602595706617e-07
612 1.730960538780064e-07
618 6.566033630474966e-08
643 6.722968904027551e-08
687 6.342679446482279e-08
7 3.8934815429889214e-08
98 6.72685494142207e-08
117 1.2938567542510625e-06
244 3.619268153269044e-07
269 3.004112123810884e-06
274 8.324395310826354e-09
13 1.2156249209549185e-08
93 8.038448941094647e-08
121 4.032794436887019e-08
132 8.919969454687968e-08
142 2.2506568757998104e-09
209 6.507973597640397e-08
218 6.933873366717769e-10
259 2.2902530076950088e-07
291 2.2506900812322347e-08
344 9.982648210002325e-09
371 1.5301672511862475e-07
385 4.076025447366626e-08
436 2.4026393003601486e-07
522 3.7856840824749715e-08
532 3.4314532874806905e-07
541 6.700033268337189e-08
606 2.9692584718845776e-07
614 1.0106581475107053e-07
619 9.492667416577354e-08
644 3.4502883122903327e-07
648 2.121440019498371e-07
699 1.5675159074996363e-07
54 5.357687039249828e-10
83 2.7756065404729674e-10
92 1.3203715128464547e-07
278 1.0129385037618966e-08
447 2.7953497739311663e-08
511 3.3486984843639573e-07
2 8.069396787604389e-08
112 3.84980382866587e-09
137 1.4033659438888019e-09
261 1.6756688652534392e-08
279 1.1851576647873947e-07
310 4.700865219000249e-08
345 1.4321620715776778e-08
395 4.550396782463155e-10
437 1.3308791152570057e-07
452 1.1809509210438968e-07
465 1.3714771530277129e-08
610 1.4742924127221952e-07
615 7.33033355908788e-08
620 1.774984444525192e-08
639 5.199872441161936e-08
649 2.6143482428735636e-07
95 3.0935260946245594e-08
102 1.3918560900731797e-07
134 3.719434381563529e-10
212 3.415804472557055e-08
220 3.388856769600786e-07
281 1.1625271844691937e-07
319 2.3290745495058982e-08
513 9.35817987356809e-07
525 3.6656129771093457e-07
607 0.00014012880268668123
715 1.1325455585866507e-07
79 5.499409033986189e-08
107 5.017507417464357e-10
155 2.694174809163551e-05
197 1.711705425654111e-07
214 6.770481301918964e-08
241 4.6509275598955666e-08
256 1.074822103611387e-06
267 1.1149453555917686e-08
280 7.055144685104828e-08
301 3.6458618856499976e-08
346 7.700112586606454e-09
367 5.10427926942261e-08
392 2.3879138413789127e-07
448 4.50174893850809e-08
453 3.4931165817234026e-07
537 6.064045475895347e-08
611 7.968019333782308e-07
616 1.0624848164634763e-07
621 1.0281106991458992e-08
640 4.860908113415619e-08
