372 6.922058850693637e-05
41 2.6133642743198683e-05
496 6.923590772722094e-06
652 2.889949664890569e-07
471 2.1413162947760248e-05
695 1.3353290896521177e-06
485 0.00015582527408269773
376 5.335619278373337e-05
701 1.3140136580014667e-05
164 1.7477450144604465e-06
680 2.8664101945172344e-06
493 9.42237977624636e-06
669 2.7294790044630953e-06
679 1.5963448943881383e-06
326 1.9706100678815695e-06
350 5.768297212491453e-07
591 2.744864167562152e-06
65 1.6138499800988688e-06
253 3.1176335097326257e-07
429 2.881331096867292e-06
518 2.0395264285466603e-05
544 4.047070275565826e-05
478 1.2909910737087063e-05
143 3.0977070743334193e-08
455 4.0394753370098835e-05
114 2.183148835873447e-06
29 0.00018993062977011731
145 1.0445327643127369e-05
667 1.2478999152242011e-05
566 2.2949949873419615e-05
1 0.0001272884995168535
221 7.681923962820901e-05
480 9.562520525445022e-05
42 0.00010608872649993237
608 1.0051040988323644e-06
524 3.110251398955151e-05
289 2.092510280110742e-05
486 0.00036979414390391207
34 3.923913153393518e-05
249 4.511668673928615e-07
225 4.397684430267407e-05
243 4.694653533783502e-05
434 1.8616112418981113e-05
3 0.00015256085341340084
252 3.563560711151588e-05
0 0.000255916390412247
308 7.947581422558632e-05
352 1.8689691489163774e-05
364 2.0070314903782713e-05
423 1.4676349659197059e-06
163 2.527338605145433e-05
211 6.019733546239203e-06
706 2.865703407415857e-06
705 5.309845189227972e-06
588 2.6299277672091524e-06
60 6.586144918964167e-07
250 2.0865724828957466e-06
559 3.916392947606892e-07
199 1.2861366352542698e-06
421 8.373414790667624e-09
383 4.772209950050882e-07
564 3.3604986061286164e-05
362 8.945829122084243e-09
276 7.520386534362346e-07
407 1.0577625378127487e-05
533 6.950785783080776e-07
561 1.8990769823543717e-07
135 1.5940451685586992e-07
57 3.060230098231441e-06
298 2.0592656224466651e-07
359 1.1239810832595018e-05
202 1.3406256002214619e-05
184 5.949176495461574e-06
165 5.77744293373099e-06
185 7.47353582399487e-08
139 4.0967763920954596e-07
175 2.3436385933739923e-07
286 3.030481219561235e-06
408 3.5481184418778788e-06
630 8.032696761707053e-08
