16
-0.01488690132317886 0.00406111755611304
-0.014810279334435118 0.002602040537461378
-0.015210556522993277 0.0003940085147378763
-0.015436674615181292 -0.0008510269347279227
-0.014250358942938648 0.0033036395280956928
-0.014481843517807754 0.002272484523533737
-0.015069800040585783 0.000538983689144324
-0.015420095166602586 -0.00048325808826498064
-0.013571392153457602 0.0033010651875495394
-0.01400157580682072 0.00216778047996957
-0.014778529760164777 0.0004228600524178376
-0.015225716664645391 -0.0007710564445564408
-0.01296476392054865 0.003690448917953955
-0.013585891578492748 0.0021320999086749982
-0.01447570783112475 0.00015143681876380395
-0.0149694505036057 -0.0016752964775879934
