16
-0.0005842130761571371 0.0006721009245492463
-0.0002922607401686283 -0.00016719475655318505
-0.00039554451967886516 -0.00043306381543611313
2.094614090103472e-05 -0.0005059733561565666
-0.00033709196813139827 0.0004948867074785108
-0.00019206916129938884 -6.42047413619032e-05
-0.0002370830930736611 -0.00039912528016008075
-1.3244851201121133e-05 -0.0006061150364612863
5.316003828876431e-05 0.0003005336233078295
0.0001146636033225143 -7.932223843453447e-05
-1.0076127659671565e-05 -0.00030300817356218736
5.590317001865716e-05 -0.0002860168823185212
0.0005183401463485452 0.000463835070099747
0.00036904003730039075 6.754442851336146e-05
8.530566294466562e-05 -5.2746879977832064e-05
-1.8338419799367177e-05 2.5549554219786853e-05
