16
0.013008452027178055 -0.004756028576340362
0.013054267435609565 -0.003964792532288073
0.013805432878388204 -0.0033272122531362285
0.014589977916563702 -0.0030401624907981407
0.011790510538792034 -0.004513427358717275
0.012106217489576026 -0.0035860055517409504
0.012840478423690134 -0.002687991025001543
0.013382820533853193 -0.0021631301736780464
0.010390939425527298 -0.004364631499581917
0.010899408429331013 -0.003099642171869948
0.011619987577461223 -0.0014812747864917718
0.01193148271936384 -0.0004394263650700849
0.00962176846958774 -0.004422087337623842
0.010274110545601907 -0.002845535160934418
0.01097007302228227 -0.0005188872335909194
0.011248634674363411 0.0014822481503901728
