16
0.0036492049104262653 0.018443193772253896
0.0029117890803891863 0.018647242932218464
0.0017166442329047237 0.01867026997826177
0.0008672476358486296 0.01838508297878483
0.0027018456988808655 0.019172086603603946
0.0022953377521750472 0.01922931629508093
0.0012559254916391673 0.019236417219459814
0.0005635181044951016 0.018996258023843592
0.0019407613421012747 0.02000549398758505
0.0016378785485944708 0.0200734168968273
0.0005831187496254068 0.020151435245327375
-0.00034534122335752924 0.02013979942217119
0.0015237705899811458 0.020347296405488526
0.0013968610049663007 0.02052361852647156
0.00016309903472451912 0.020772178325962783
-0.0011918200814788845 0.021139818285092562
