16
-0.0035850291864250937 -0.017924499872918668
-0.0018967553886586523 -0.018072077184183324
0.00044610694309313667 -0.018189739618908764
0.0022120586287671527 -0.018483354221421246
-0.002902631300377093 -0.017290779055026833
-0.0014176779727897127 -0.01767490155167562
0.0007664534292392265 -0.017905964826584186
0.0022733293135456458 -0.01812715688810678
-0.0022987223952466124 -0.016197919019645533
-0.000829460156611609 -0.01691206059229374
0.0014502648708413475 -0.017351479809285995
0.0030466808315891157 -0.017445105368907955
-0.002183738382729854 -0.015119572759649555
-0.00043374150730187116 -0.016330280493932016
0.002072066816665949 -0.01683263827634541
0.0040842072425041 -0.01681437213165791
