16
0.003574105207662471 -0.0030165094219675214
0.0030819833858599034 0.0002402478780743066
0.0037263299011574 0.0037347536907713095
0.0050680818165776895 0.006383978129165392
0.0012653216371716544 -0.002262223805791926
0.0011920488782796385 0.00043151952597477274
0.0015238165978295633 0.0036434579083030913
0.002081231052289496 0.005814187806887877
-0.0024542035236512524 -0.0018443855472162682
-0.001855166313822091 0.0006597976787694979
-0.0015512438295585166 0.00402722532246744
-0.0017043875951029042 0.00624883792061364
-0.00494063497668644 -0.002014873047721589
-0.0039402798345567445 0.0006503112142206112
-0.0034625774898456095 0.00463783091966554
-0.003714867041946818 0.00760478657395291
