170 3.835358521893164e-06
500 3.6472121405714597e-06
573 5.08471979690639e-05
32 8.069836608908444e-06
147 2.0799697794709433e-07
11 1.4916320479194671e-06
19 1.7533651364055335e-06
20 3.1619403486432732e-06
30 5.994776866538521e-06
31 3.970153511674788e-07
33 6.60238987670034e-06
36 4.883831168111199e-06
37 1.6942876718204736e-05
39 2.3290414144659797e-06
40 2.464271870679225e-06
43 1.5561466607082875e-06
44 3.69794291821744e-06
49 2.163382837308829e-06
51 2.2644417208693146e-06
56 2.0489908819491826e-07
59 1.7406751516261228e-07
94 1.7213725273121822e-06
113 3.899157620415461e-07
115 7.017094957582229e-07
129 1.911827461337023e-06
130 2.556940219192108e-06
131 3.5121371768474585e-07
136 3.7719572701115397e-07
141 2.409347488861769e-06
162 2.3657099389383993e-06
167 5.312559285099952e-08
171 7.652405680991979e-07
178 4.884266281774214e-07
179 3.3078646458216495e-07
186 1.0732466428154083e-06
187 3.1666895998246353e-07
196 2.8691670795029873e-06
206 8.296513155852352e-07
219 4.0311442228459275e-06
222 2.568872160412344e-06
223 4.700042120950798e-06
224 1.1310423184377445e-05
227 1.1706891200926887e-06
228 3.7083553492899835e-06
229 2.1655316262044142e-07
230 2.686794726315515e-06
231 2.8275484400953814e-06
236 3.0384902613259213e-07
237 2.283677659292616e-06
249 5.246056921690806e-07
251 4.639400485350381e-06
255 1.273537520502786e-06
258 5.376756643943639e-05
284 2.071016518980593e-06
293 1.461270711117255e-06
296 1.1814040826207648e-06
299 6.019560410767066e-07
304 1.7841810117894165e-06
305 2.1029904461029224e-06
317 7.733980847213207e-06
318 1.2800441627256863e-05
320 3.5334141157569573e-07
322 1.8802863008242222e-06
323 6.143162502211036e-07
324 8.541016505067905e-06
325 7.112257199083654e-06
330 1.7182395202854219e-06
331 3.582914780078761e-06
333 1.2819736642103106e-07
334 4.237725259767799e-06
335 4.637707001746021e-06
336 7.906955202320307e-07
340 2.1373398888511912e-05
341 4.946654687104152e-06
353 1.6056567666483339e-06
354 1.6686130630235059e-06
355 9.918096856067348e-06
358 2.767085366053341e-06
366 1.934057843755777e-06
373 4.890634019063165e-07
377 8.225844849988257e-07
378 1.3721647147957249e-06
380 2.2260853174717602e-06
381 9.552201570826907e-07
390 8.53608359543279e-06
414 6.063155043877323e-06
416 3.287034478221847e-06
432 6.420004331437723e-07
440 6.181101487469391e-06
441 6.087745069679159e-06
450 2.560074226207148e-06
460 7.648364723199532e-07
464 1.757985999515272e-06
467 5.217907967625848e-05
468 7.611245713648696e-06
473 6.078205328292849e-06
475 1.2932023094888648e-05
490 5.711550977969934e-06
494 1.101298590274216e-05
495 2.4890228985250883e-05
496 4.49930335632215e-06
498 9.874871074811132e-06
501 9.952575585304933e-05
502 5.157697443231933e-06
509 4.7851047425372186e-06
521 1.0440359257036917e-06
538 4.592996910285117e-06
543 1.581500279254856e-05
545 6.365385190712905e-07
546 1.3241121042123984e-06
550 3.584405707413719e-06
555 6.702619834883181e-07
557 9.098219503400466e-07
560 1.7180207714564673e-06
567 4.49485221855039e-06
570 6.805699989056674e-07
571 2.90016620854313e-07
572 3.921817326720466e-08
576 4.407405791525284e-06
577 4.125278822135906e-06
578 7.442135506192917e-05
579 7.696624114087941e-07
580 2.952422385430771e-06
581 1.4679375656920706e-06
582 1.8732141658368375e-05
583 1.2655699248618502e-05
584 2.686256198625508e-06
585 2.8599892631798084e-06
586 3.712162351466008e-05
587 1.7320117373280762e-05
588 2.3087471745450677e-06
589 1.2750977149999644e-05
590 1.2658444112115296e-05
592 6.307440308946073e-06
594 9.075622372330015e-06
596 1.8236508007139391e-06
604 2.4613591992869123e-06
608 6.273409797915573e-07
613 2.3058967530264553e-05
624 1.252871962972901e-06
634 4.5213734429205275e-07
650 1.633952240147163e-06
652 1.1274184901922077e-07
653 4.134513398473235e-06
656 1.0094987553645556e-06
658 2.7295837438494e-06
660 5.791702495522681e-05
661 7.6188111906182315e-06
662 9.548881237931254e-06
663 3.3187836075197524e-06
664 5.495089041840999e-07
666 4.402668422017283e-06
668 6.917521738926225e-06
670 2.2224125434771635e-05
671 6.2146637832267766e-06
673 2.833638628622844e-06
674 6.378131809025811e-06
676 5.5498010041156425e-06
677 3.097261058087757e-06
678 3.776532337350901e-07
683 2.090842785465839e-06
684 3.3497280979093307e-07
685 1.9718272366899647e-06
686 4.6204880768817245e-06
688 2.2235510488405495e-08
689 1.047581405241173e-06
690 1.7560449434143997e-06
691 3.955208749921364e-06
692 7.432062470973359e-07
693 3.088246493845297e-06
694 1.481442409199189e-07
695 1.3550043744870506e-06
697 8.937660066602704e-07
698 2.213412599795563e-06
700 2.3363150573943695e-06
703 9.5510274859359e-07
704 2.5526317105845395e-06
708 8.643600314203339e-07
716 5.3073183038908e-07
717 1.8550742660023508e-06
