0 0.00021839484342718883
1 0.00010699489124388925
3 0.00015122171662779023
9 2.462988918860741e-05
21 4.325865645964793e-06
29 0.00018353308276302817
34 4.628125611809604e-05
42 0.00010209727723969803
47 5.526964951137832e-06
48 5.948214822047326e-06
145 1.0321474946621392e-05
149 1.6512134280203195e-05
157 1.3733910215413966e-06
158 4.027261168821919e-06
160 4.443684420780619e-06
165 5.4488716391346585e-06
172 1.0187814539560839e-05
214 4.4447531258727936e-09
243 4.659859539621256e-05
247 3.4094720985192083e-05
252 3.7987843558551754e-05
283 5.971786022730781e-06
352 1.8773834836187493e-05
379 2.419148305172154e-05
438 2.5410728537807486e-06
480 8.975803148206221e-05
484 0.00010927666385814522
485 0.00012973875642439373
486 0.0003465306165959064
487 3.2675943349046744e-07
503 3.429436775812373e-05
524 3.158638070780171e-05
544 4.125374008773524e-05
552 2.477269051996299e-06
564 3.434152083411181e-05
566 2.5117782600267743e-05
603 1.0993036302191225e-05
607 0.00014461252469966332
665 1.2645082625051978e-05
667 1.4487272314200266e-05
714 2.231293619483391e-06
6 5.205657749099765e-06
16 5.546894369020985e-07
23 1.749676228365193e-07
26 4.2854126957118105e-07
27 1.5904556872510638e-05
35 9.349024369792378e-07
46 4.5043211431818046e-05
52 5.937718189265935e-07
55 5.736475283813286e-07
57 5.4627403961832596e-08
58 1.004422413971469e-06
61 4.8851942301293465e-08
68 5.6785832221028135e-08
69 2.214121028271937e-05
70 1.0757798392959215e-06
72 8.001400405370258e-07
74 1.4438929459607484e-06
75 4.2477133151488107e-07
81 1.2710848743794983e-06
82 1.8331781466440024e-07
84 1.2893894153602496e-06
85 3.223439534286587e-07
89 1.099714840109109e-06
90 4.366556162600573e-08
91 1.2134250093033352e-07
92 1.232577430066986e-07
95 2.5622840212292615e-08
97 8.387779766124685e-08
98 4.945624142978195e-08
102 9.102588801521164e-08
103 2.3407832248934436e-08
104 5.300540099325341e-08
105 5.554720260680109e-06
111 2.562041611047112e-08
114 2.393830542287241e-06
117 8.58819431415168e-07
125 5.398463394739909e-06
126 4.1506770231172545e-08
127 2.0339949378015522e-07
132 5.604216906773768e-08
148 5.566062181117372e-08
151 1.080894558637719e-06
152 5.783033401034287e-06
154 1.049604278652149e-06
181 6.987471408128612e-08
190 7.758244684007911e-07
195 4.3462253180816726e-08
199 1.2420093582849624e-06
200 2.1227452855792622e-08
201 5.0829165475796925e-06
202 1.3079040340382882e-05
203 2.2869425479491243e-07
205 1.1915125907320075e-07
207 1.4322846700182858e-07
208 1.6512006338278904e-07
210 1.5352134413503234e-08
212 1.968643288062079e-08
213 9.933252143368495e-09
217 1.5565923173923893e-08
220 3.7789625360993416e-07
221 7.567756757683292e-05
225 5.359862681249509e-05
245 2.0542139030252643e-05
246 1.876744218214073e-07
265 7.100458373503518e-08
266 1.9950875698774436e-08
267 1.4033211131908181e-08
270 5.511954980723341e-08
271 1.3389546077994258e-08
272 2.8552663136015303e-08
273 1.1180799646851758e-06
281 1.2713257358293196e-07
295 3.049320021989797e-07
307 8.596308470971837e-08
309 1.7113298792029829e-06
311 1.6511346138421875e-05
316 3.511949697520083e-07
328 1.4812083361737762e-05
338 1.1251056580796987e-07
349 2.9087613866264484e-08
370 3.579456864783796e-05
382 2.0660975561174433e-07
383 1.584302853836557e-09
384 2.9925625800375085e-07
387 1.153420714496232e-07
388 4.4688451596873296e-07
389 8.441649044232088e-08
391 5.614152686911336e-07
393 6.17502464245183e-07
396 6.178613334106926e-07
398 2.394054088301211e-07
399 2.3537595503229498e-07
401 2.518726616006117e-07
402 4.379558376291935e-07
403 2.3847546395301303e-07
406 9.936690966922303e-06
408 1.5830589829872315e-06
409 4.318073548520799e-05
410 3.287069603699578e-07
411 4.2381667470687885e-07
412 1.1248726991399023e-05
430 3.9630764144731725e-07
431 7.025091039941703e-06
433 6.361348950603191e-07
436 3.1887344416448125e-07
439 2.8238898740275947e-06
443 5.368874241421522e-06
449 2.048861787621985e-06
451 3.2346292628791257e-06
453 1.5948949710851266e-07
456 9.167701364746801e-07
458 2.448695487419806e-07
461 7.869273255187e-07
462 3.320803326578658e-07
463 2.343814056352545e-07
466 4.918448400418105e-07
470 2.7640865225154984e-07
474 1.3262669401060487e-07
476 7.252867964968663e-08
477 6.87673203236041e-08
497 8.505833542031943e-05
505 6.979003956344579e-05
506 4.315401410241104e-06
507 3.625332163329978e-07
511 5.56660095006307e-07
512 2.029615440956505e-05
513 1.5112485567538652e-06
516 3.218067125082921e-06
520 2.2755616889799554e-07
522 1.1399845940834954e-07
525 4.631355539554274e-07
527 8.973114961897703e-07
528 6.646679412873364e-06
529 1.4558860660185068e-07
530 1.0169460321447004e-06
531 3.7583212758265166e-08
532 5.81387015717412e-07
535 2.165879573357185e-06
536 4.4687148002125825e-07
540 1.0939827766857852e-07
542 3.186795430115214e-07
551 8.337764848287865e-07
556 9.80299023071036e-06
562 2.3844294940493328e-05
593 7.152985350720724e-06
598 1.1693338206422273e-07
599 2.8246915208102003e-07
600 1.5432525096572316e-07
601 1.6468375430228504e-07
602 8.216279058943212e-08
606 5.821723350877022e-07
609 1.3840783661071832e-05
611 1.2451356305900891e-06
612 2.544985486830807e-07
614 1.1018585569748839e-07
615 1.2753018253295544e-07
616 8.016511467799788e-08
617 2.0518436980652853e-07
619 2.312051210041009e-07
622 1.7812445520619053e-07
626 1.765871618210099e-07
627 4.129505002446842e-07
630 3.5470158117597346e-07
631 1.5397322078798035e-07
632 3.197277752059872e-07
637 1.9937299498509903e-07
640 1.4036127492581793e-07
641 1.1405919777548086e-05
642 6.873798888681152e-08
643 8.331186467803015e-08
644 5.620887021214091e-07
645 2.613824043091638e-07
647 1.0942044699152733e-07
648 3.8651288670487353e-07
651 1.434512782357867e-07
675 3.1478199934873276e-05
687 2.860100192559015e-08
699 4.708927823677265e-08
710 2.5188155253208085e-06
711 7.879251555203581e-07
712 5.396237968579584e-07
715 4.9792699462683126e-08
63 1.7166278554937056e-08
64 1.4384297244086983e-07
101 2.3091876446851675e-08
173 8.90905513535964e-07
287 1.4359170736610226e-08
319 6.155675757061501e-08
482 1.1135959992452534e-05
563 2.1561058926126613e-08
646 1.1726637821182647e-07
2 5.9176666626370436e-08
4 2.910344618879447e-07
7 5.834466290696799e-08
8 9.931004134434585e-08
12 1.0909296543291379e-05
13 1.7651688589123245e-08
14 2.5014097018405704e-08
15 7.160489616683691e-08
22 1.3161496975918284e-07
24 1.3050184207325185e-07
28 3.999256198733006e-05
41 3.0648223118698066e-05
45 2.893367603027941e-08
50 6.795874591536152e-09
53 1.894029161337393e-08
54 9.324841272496339e-09
62 2.0661385096114415e-07
65 2.333941788389946e-06
66 1.542742843459734e-10
67 9.599397834740999e-08
71 4.013906308986454e-08
76 7.730200461860495e-09
77 7.730200461860483e-09
78 1.2255423145085234e-07
79 2.646346944028721e-08
83 1.947555147364314e-10
86 5.353247319855786e-08
93 6.341072424872236e-08
99 9.763506520064404e-09
100 2.927006021392881e-10
106 2.0894384120340976e-06
107 5.169020818312904e-10
108 7.211932410791939e-10
109 6.783637724235464e-07
112 2.7105113180505728e-09
118 9.973335167979322e-10
119 1.1998736965458284e-08
121 5.126457737762256e-09
124 1.1713134338674302e-06
133 1.6275543161980565e-10
134 4.2448517074690174e-10
137 1.2131860446968165e-10
138 3.4189441920620656e-10
140 1.5752776163764488e-09
142 1.339853780506933e-10
144 1.8041549648837885e-09
150 2.1833524495437423e-09
156 7.358507671291876e-08
175 4.352869098526693e-08
176 1.6885634305360314e-06
177 9.54128266587786e-08
180 5.878537530075769e-09
182 4.0242800346402645e-09
185 7.690790650842495e-08
189 8.865466469529525e-08
193 1.1217653521155146e-08
194 1.0789736577792744e-10
197 1.681061988339978e-07
198 7.121680694225665e-09
204 9.340968215636996e-09
209 1.4306334972689314e-08
215 2.426720783844244e-10
216 5.723029333411635e-08
218 1.5233284663375444e-10
232 4.763834247452082e-09
233 6.884642267628921e-10
234 2.284687126395243e-06
235 1.0878464037699497e-09
238 1.7800307296784077e-09
239 1.001591165790041e-08
240 3.768504745014036e-10
241 4.8634532267253647e-08
242 4.225408101793918e-09
244 1.4603745588031997e-07
254 1.250885380674519e-08
256 1.1623991078190327e-06
259 2.3963616630159244e-07
260 1.0617841062632629e-08
261 1.2378614580312267e-08
262 9.372504166223221e-09
263 1.08726682696469e-08
264 1.5251337414471684e-07
268 4.887622992447086e-09
269 3.124300262781651e-06
274 7.581095704542792e-09
275 6.679631668577453e-09
278 6.611375540768895e-09
279 8.53562992153395e-08
280 6.550941563601718e-08
282 1.1034104941535801e-08
285 6.642122186063288e-06
288 1.7315608129044333e-10
290 4.813082376266402e-09
291 9.046660045423952e-09
292 5.473925780193678e-06
294 1.177248242107532e-08
297 2.6488146905990083e-05
298 2.0812588067957502e-07
300 3.285423190077728e-05
301 7.080825959518657e-09
303 6.501232576957746e-09
308 0.0001040660487190707
310 3.147008151535407e-08
312 1.7379918494693234e-05
313 4.395751128007594e-05
315 5.394955702634431e-06
337 6.270937040852353e-09
343 1.1230052927141484e-05
344 2.555128111704983e-09
345 6.335020338282439e-09
346 4.228651520989345e-09
347 8.085176576666242e-09
348 8.57009669673155e-11
351 8.741074691863264e-10
359 1.212390225871902e-05
361 8.590407751459533e-08
364 2.516726801736213e-05
367 4.380569528276055e-08
368 3.5171229834083375e-11
369 3.06427320994085e-07
371 1.0357135468126081e-07
385 3.023512175047948e-08
386 2.046361573128317e-08
392 4.619085496740379e-08
394 3.155372367270729e-09
395 1.9422481926661316e-10
397 4.74552576279284e-09
400 2.2437158763527837e-10
404 2.491533730269653e-08
405 9.16376955658288e-05
407 7.003738804566151e-06
413 6.121009095036214e-05
415 5.8919573318173546e-09
418 5.408787481828619e-10
421 4.3923777903920244e-09
422 1.6839887767772471e-10
424 2.2463666521000157e-09
425 1.8033995110633155e-09
427 1.2586442495995447e-09
437 5.53277441429531e-08
442 9.664255537008393e-08
447 5.645669574213089e-08
448 3.1471646827047865e-08
452 9.673905119544816e-08
454 1.7883812274845715e-07
455 4.556002214919996e-05
457 3.4476437561357506e-09
459 6.210909993765378e-09
465 2.399632244686715e-08
479 3.614719369377e-09
488 6.989438275367244e-05
492 4.6326021028208426e-07
510 4.373342254094767e-07
514 3.5016359790215314e-06
515 5.8913450803766864e-06
517 4.574391562601977e-09
519 1.1627762406570297e-07
526 1.4361196806704115e-06
534 9.905034099858677e-08
537 7.564442361836862e-08
541 2.0962001409158064e-08
553 1.5124501407655736e-05
565 2.1806320727837873e-06
597 1.242189669756766e-06
605 1.241859885865813e-07
610 1.4269437415119173e-07
618 1.058012783109943e-07
620 4.5132600765540764e-08
621 4.218757576852304e-08
623 1.1387679798600793e-07
625 4.213517541311557e-07
628 2.777725418013695e-08
629 4.1757976145389865e-08
633 7.136695853375314e-08
635 3.935259441120412e-08
636 5.858177422082959e-08
638 4.915094977569542e-08
639 8.629158774427462e-08
649 3.245916474972436e-07
659 2.9309366912576534e-05
681 1.63373845765559e-08
709 8.491375048835146e-11
713 4.0522457728579506e-08
718 1.0114066624828741e-10
719 7.69712732200225e-09
720 3.855243086391312e-09
306 3.4591118261594446e-06
10 0.00017308594012075358
17 7.41617507844185e-06
18 1.321822561754748e-06
38 6.612883230009892e-05
60 5.961001922778486e-07
73 5.336548720229167e-05
110 1.0483056463356405e-06
116 5.106880529031409e-07
128 1.8243979260091729e-06
135 1.7526612987733533e-07
139 3.907836325616092e-07
146 3.5950327181557044e-10
153 0.00011128004276845712
155 2.287937719656897e-05
159 3.27615500388918e-06
163 2.7347780734319738e-05
166 5.927966886724737e-07
169 3.833513586854538e-06
174 6.844213010540022e-07
183 2.5048077201685983e-06
226 8.58996099517826e-07
250 2.0056559360011477e-06
257 1.7254922650808872e-06
276 8.3852669444739e-07
286 3.2077276255477694e-06
289 2.2004765336394785e-05
302 1.2816172486038996e-06
326 1.973197798997769e-06
339 1.6356922415015365e-10
350 6.020616659270718e-07
356 2.4326458103753272e-06
362 1.0794726307985776e-08
363 2.2278456442842926e-05
365 9.030449595641383e-06
372 7.144477774581578e-05
375 2.9699320139879633e-06
419 2.531277195278276e-07
420 1.134129104003338e-08
428 5.94616186771619e-09
435 4.606467771711486e-07
445 9.162553399339839e-07
472 6.711096137986332e-06
481 0.0001465510329983024
489 0.00036120721803272593
547 5.279147453744672e-06
548 2.2807904141692132e-05
549 0.00011208660730892458
554 9.265491943764066e-06
559 3.712567116890382e-07
561 1.3794813383606145e-07
568 3.368048440149577e-07
569 1.5234834931177525e-06
575 1.5895138433012415e-06
669 2.4145898572718523e-06
679 1.0078613674022245e-06
680 3.5625697223454125e-06
682 6.065186331291526e-07
706 3.458891098490887e-06
25 3.554340458387148e-07
120 4.862952444138615e-06
122 5.378496206450053e-06
123 1.7699467897217345e-06
161 5.0311392651585135e-05
184 3.206359554500962e-06
188 2.7255954816669627e-05
191 3.8537420573071465e-06
211 5.846127277707399e-06
253 3.229530685190979e-07
332 2.3584849803444953e-05
342 7.020606580618634e-06
374 3.3937892702397627e-06
423 1.526751539584359e-06
429 3.0821997501559655e-06
434 2.468326736755069e-05
446 7.142832553467603e-05
533 1.5975899382420294e-07
539 3.717350193739704e-07
558 3.4148311727012818e-06
574 8.414751351413835e-05
80 3.89059096825748e-06
87 0.0001737591607941501
327 2.0541038274555633e-05
329 2.412199700901108e-05
360 4.376280120982647e-05
426 1.0335153913318858e-05
483 1.3297425660875794e-05
491 7.531337070912212e-05
493 9.711716263371587e-06
518 1.3918469905543994e-05
654 6.874052632553636e-05
701 1.310372663910438e-05
96 3.119288009988041e-05
143 7.42862804609528e-08
164 1.927050648564421e-06
314 1.0006670475292172e-05
376 6.205904631897522e-05
444 3.0013869159522006e-05
471 2.258803676071027e-05
523 1.9591492840301253e-05
655 7.021202501321203e-05
702 1.60135598245265e-06
705 2.2624522923170526e-06
88 5.191094456347927e-05
192 1.2421362572976418e-05
277 9.53469893174453e-06
591 2.2063599826076174e-06
657 1.530450500513701e-05
5 7.714845887902335e-05
417 9.29245337274452e-07
478 1.2322301573022686e-05
508 1.2495879212063388e-05
672 0.00010577963677318513
168 4.26220772213338e-06
248 2.104145651090513e-06
469 1.6943063404291837e-05
595 7.140814843424054e-07
696 1.4488800271869657e-05
707 2.291711267189855e-06
499 0.0004881998825409307
504 1.94722341527622e-06
321 8.479420768034247e-06
357 3.9288840919996435e-06
