9 3.4988411696376735e-05
20 3.661567050775808e-06
30 1.66328628190678e-05
31 8.144221711704461e-07
43 1.8539447047245296e-06
46 4.3292676129903704e-05
49 2.5699066570036097e-06
51 4.549153894290709e-06
56 6.789114282272242e-07
88 4.432173046814984e-05
94 2.0954772851226285e-06
96 3.261634994632514e-05
122 1.0564996604105144e-05
129 3.3659849031089564e-06
130 1.8448987794344e-06
141 3.6787857388410906e-06
147 4.6838572251684523e-07
170 5.218848561473461e-06
171 3.482265135873327e-06
178 6.675343626053967e-07
184 4.278967192579399e-06
186 5.181382638838654e-06
222 1.8826188478434848e-06
227 1.239644181470105e-06
229 3.307880506365233e-07
236 5.435056902307021e-07
237 2.2055190452521827e-06
248 1.3904775524342708e-06
293 3.981444681946174e-06
299 5.476846696773192e-07
314 8.616050466602196e-06
318 1.539788949483509e-05
320 4.1904321794659335e-07
323 1.4684914143436446e-06
327 1.836681823920507e-05
331 4.660348617647678e-06
333 1.1371654165150009e-07
334 8.537572110655034e-06
335 4.341860136587784e-06
336 1.6031614214257652e-06
340 3.397762206238627e-05
343 1.3564456149915653e-05
353 3.3907472980249433e-06
355 7.907458899699383e-06
373 7.72115048865333e-07
378 2.775514942765136e-06
416 4.467705295247302e-06
440 8.496309839861893e-06
444 3.440762112808724e-05
464 4.495745836888285e-06
467 5.065515626837523e-05
468 2.0033351592680906e-05
469 1.6352877107242124e-05
473 5.651170488723758e-06
490 1.2265418200333526e-05
494 1.095322759035012e-05
495 4.235668381473927e-05
505 8.143636803333154e-05
509 7.737305076545134e-06
521 5.88019536739017e-06
543 2.4595823474297643e-05
546 2.163031241438264e-06
555 5.4981806192273515e-06
560 4.019587586284527e-06
571 1.174552485793756e-06
576 6.076473644132561e-06
578 7.685055407862165e-05
579 1.3684929514084199e-06
580 3.2120103015860844e-06
583 1.1692203729640655e-05
585 2.8217136830744476e-06
586 3.493981229717429e-05
589 1.4110405497652e-05
591 2.400608886941704e-06
592 1.1371717749194756e-05
594 8.36229239000249e-06
604 4.269063050895206e-06
634 5.48872353791602e-07
650 6.951734437478497e-06
654 7.301977751553625e-05
656 1.421073582494878e-06
660 6.441425504435918e-05
662 3.2617123159595684e-05
671 1.0264220424107285e-05
673 5.419621787897168e-06
677 7.074283936690933e-06
678 3.632534389306611e-06
685 3.3682102258806605e-06
688 4.6249224895554667e-07
690 5.414292202780022e-06
697 1.945884939978807e-06
700 2.130464825965131e-06
702 2.8832029287374373e-06
703 2.4832188074180878e-06
704 5.8362866036085366e-06
716 5.444077178444936e-07
