128 3.877182616936678e-06
297 3.450892457617414e-05
695 1.8575445839701685e-06
224 1.4187884227828345e-05
251 1.969767341925146e-05
302 1.969416560220101e-06
472 7.1168344418009875e-06
500 5.187756632825077e-06
539 6.763721392748278e-07
574 8.893938217408724e-05
669 2.516651349637994e-06
206 2.410559781049563e-06
47 6.079959934358147e-06
80 5.7821546047351835e-06
120 9.552468380200104e-06
258 5.133082387642721e-05
283 6.736988483432833e-06
332 1.778234308743674e-05
565 7.927812232617446e-06
675 4.079077862073608e-05
682 7.790563774931257e-07
701 1.6333834258043345e-05
0 0.0002977773014478825
32 9.04636465807356e-06
48 6.359751971683597e-06
124 4.058063631146961e-06
312 3.759658876051465e-05
370 3.389376850813704e-05
412 1.2626999619154776e-05
515 1.59104841004506e-05
562 3.0301256590554295e-05
569 2.2326743531663554e-06
679 2.5043467156806618e-06
5 6.379594837288619e-05
123 4.696605438045987e-06
183 3.7504370832030114e-06
216 4.933694255811704e-07
242 1.502515092471962e-07
270 4.158662446180887e-07
379 2.3311547273125107e-05
409 3.749341196895414e-05
485 0.00016119847526316884
520 2.3534459419981126e-06
551 1.2567425403406128e-06
563 5.805311022394665e-07
403 1.7937700603708377e-06
457 1.722815768767518e-08
14 5.505587011279803e-07
133 2.908551567600219e-08
516 4.0798222013828215e-06
519 6.445628322913135e-07
547 5.965845832614982e-06
719 1.6554991244237317e-07
76 2.1059043127740788e-07
77 2.2318093652654548e-07
156 5.478073508364978e-07
456 4.8985164681874e-07
269 3.5280295767684406e-06
271 3.1358294348146037e-07
342 8.545241881543983e-06
356 2.8381615967445367e-06
497 9.011339067631706e-05
502 1.279143086756349e-05
78 8.474366598845605e-07
126 1.2548706421378176e-07
127 2.9533532451724244e-07
402 1.969596083705038e-06
458 7.797674676530982e-07
605 1.0034239609337324e-06
89 3.303104911251556e-07
99 3.207417407121724e-07
154 1.8508393821948632e-06
192 1.4441881115447814e-05
230 4.464853678902231e-06
246 7.739681431468339e-07
315 9.410278990344764e-06
459 1.9720484986093197e-07
488 8.887002233685388e-05
503 4.0156365086249704e-05
517 5.3547598889379766e-08
593 8.087550174072655e-06
659 4.485665916517047e-05
1 0.00012802126702205106
125 5.179905632867132e-06
316 8.558124438174184e-07
568 3.657089762628119e-07
102 5.386817199253904e-07
149 2.1383931882165375e-05
194 8.874910351970803e-09
226 1.1906202850662728e-06
247 6.2613130571097e-05
300 2.83021943838485e-05
435 8.540394234148543e-07
603 1.0559731246298456e-05
606 1.5370070623756109e-06
665 1.4640117425879217e-05
410 1.2626354493159858e-06
462 8.097768148934729e-07
401 1.868113339880979e-06
35 1.2460651177536404e-06
36 7.097734839559998e-06
40 5.919887975464875e-06
97 6.607895258402786e-07
98 6.027602394217023e-07
152 5.430576123491875e-06
169 3.676131882603457e-06
176 3.5044879718492456e-06
276 1.9205241371095043e-06
303 1.0081503139008039e-07
328 1.1460601241629566e-05
375 3.8885782654500216e-06
420 2.6953690871068845e-08
446 8.317199908716517e-05
486 0.00035665121790965287
512 2.0894298582331057e-05
533 8.149200356884888e-07
549 0.00013232729403801126
554 1.5359471359738462e-05
601 6.127642532953065e-07
602 6.798425100898739e-07
693 3.172261823109143e-06
715 4.960574796720127e-07
596 3.914846803671048e-06
3 0.000141692859479076
13 4.600326454102902e-07
25 4.1670863155294807e-07
44 4.341799813376431e-06
57 3.5805334451218414e-06
83 1.7959124855485656e-08
87 0.0001851051939320604
90 2.6273922927755204e-07
105 5.74848555996584e-06
113 4.960977631380003e-06
116 7.178497130313259e-07
117 1.8286923024510567e-06
135 2.754308487108412e-07
143 1.3938552965449763e-07
172 1.1429914359683294e-05
208 4.1293515344941486e-07
217 1.0094646053227685e-07
220 1.0661438459764276e-06
244 6.61688935244422e-07
252 4.222802489779431e-05
278 2.0563499487025746e-07
319 4.789064846625127e-07
326 2.25608559443106e-06
348 9.170515508409784e-09
357 3.4915943442212136e-06
362 1.843946630455782e-08
363 2.917928973216079e-05
371 2.913295015327031e-07
406 8.99408625440291e-06
413 6.855060261294137e-05
431 8.21640980426013e-06
513 1.9122812745448077e-06
525 1.1984661375197705e-06
544 4.346812963406193e-05
545 3.153529043728154e-06
548 2.5251563292630753e-05
607 0.00012481868622271538
666 6.13519834257227e-06
681 9.964392097645947e-08
155 2.670048322405973e-05
7 3.2943955468287636e-07
8 2.165081877005795e-07
18 1.3235268412644585e-06
54 7.594112322227121e-08
61 2.7901642065660554e-07
63 4.533965895624745e-08
66 7.577573978775692e-09
91 5.477220602203715e-07
92 5.133319127312172e-07
95 4.98380853552186e-07
100 1.4289417471848013e-08
103 1.7047802510184294e-07
104 9.800148449205528e-08
106 2.539091669847771e-06
108 4.045219579788659e-08
110 1.1138589043409848e-06
134 2.1806963120794776e-08
148 2.1775532341687604e-07
159 3.738799645563857e-06
166 6.376987376866752e-07
202 1.459467269892875e-05
203 7.144361844715323e-07
207 4.2077530616809883e-07
211 7.058736715565152e-06
212 3.625266497563627e-07
213 2.520170474696812e-07
233 1.8818317480857377e-08
235 2.149678379703106e-08
238 2.4866797562449615e-08
239 3.852006667158948e-08
241 6.282892549905768e-08
243 5.751452346140451e-05
260 1.0751233454818794e-07
265 2.6788176649554994e-07
266 2.097629053094574e-07
267 6.248191671785335e-08
272 1.5841025690344794e-07
274 1.0149972875627484e-07
281 5.246998280503699e-07
286 3.325302127480219e-06
298 3.4246753546072226e-07
304 2.1197976014437895e-06
349 7.638449193455734e-08
350 6.208531779683124e-07
359 1.2118268106003839e-05
361 2.1057016173304461e-07
365 9.262888343676523e-06
368 1.1093702696813366e-09
395 2.3191322166310594e-08
405 9.264936387169757e-05
432 5.540589964451577e-06
447 5.98728019787317e-07
484 0.00012934194966138964
492 6.932691899165081e-07
506 5.808744623544632e-06
507 8.466163442291296e-07
511 9.888096534647883e-07
522 3.998526153614887e-07
526 2.1564933851457448e-06
527 1.1089534820288937e-06
528 7.977389513358025e-06
529 6.216728962122839e-07
530 1.8390949335874597e-06
531 2.1552274442673413e-07
536 7.739503139795811e-07
542 7.222083791405151e-07
566 2.383464827049634e-05
597 1.345395799889004e-06
598 2.275869974346454e-07
600 3.2945010746465903e-07
611 1.9206472341002763e-06
636 3.1179237465638293e-07
641 1.2487641897682471e-05
692 2.38524091410409e-06
717 2.2511071268863464e-06
2 1.1789447670253452e-07
4 2.954826438696501e-07
6 5.634677248942551e-06
10 0.00016909116203655197
11 1.863093011793113e-05
12 1.1335865306962101e-05
15 3.8144825652039093e-07
16 2.1682627583886393e-07
17 7.681290886417231e-06
19 3.943752253912793e-06
21 7.01418199952519e-06
22 2.410614452911324e-07
23 7.796479557797154e-08
24 2.175780850474796e-07
26 2.390136813527056e-07
27 1.2900707626581597e-05
28 3.527244947549649e-05
29 0.0002082465312208447
33 3.405870562736033e-05
34 4.4428478831116564e-05
37 3.672930598558827e-05
38 5.163374136401298e-05
39 5.998155462372715e-06
41 2.9311065603339392e-05
42 9.999974500824362e-05
45 2.5703801451324634e-08
50 4.60662333098756e-09
52 4.808955655285268e-07
53 2.015246421374197e-07
55 4.4608622911297363e-07
58 4.1915255057678224e-07
59 3.8741602026872355e-06
60 7.640722899850645e-07
62 2.4214725636610594e-07
64 1.8885578910084145e-07
65 2.538228859118898e-06
67 1.816026367587256e-07
68 8.159482554708717e-08
69 1.9210921432732162e-05
70 3.3177418734530257e-07
71 1.8376325522882211e-07
72 1.9824284912400638e-07
73 6.220597816144098e-05
74 3.7191472326978495e-07
75 3.051829820934819e-07
79 3.970811737071821e-07
81 2.8553384152135937e-07
82 2.2967743193907097e-07
84 3.3466170200159405e-07
85 9.118394804123773e-08
86 9.671877030458507e-08
93 1.650311396652115e-07
101 3.435414806361126e-08
107 7.410486757371662e-09
109 7.721552706281098e-07
111 4.310354854085843e-08
112 1.5470768138515767e-08
114 2.896586630405835e-06
115 1.0126909982398468e-05
118 7.062279419969297e-09
119 2.1814304024257288e-07
121 3.802174446286719e-08
131 1.3240853275845768e-06
132 1.0421307595641383e-07
136 3.848963486010882e-06
137 9.423720019513962e-09
138 4.677408046636829e-09
139 4.3451149400377195e-07
140 5.082366419812348e-09
142 1.2163838410030595e-09
144 2.2718901514765395e-08
145 1.1141979130164024e-05
146 6.858430314897001e-10
150 4.472647492678956e-08
151 8.994323513869914e-07
153 0.00011837470758304197
157 1.885274688195188e-06
158 4.7656841144746185e-06
160 5.0063198585770315e-06
161 4.4515725583608485e-05
162 2.407829271696868e-06
163 2.5669973508953352e-05
164 1.7055702855938158e-06
165 6.307689448816843e-06
167 5.479108702292383e-07
168 4.361597058212509e-06
173 9.35994179407261e-07
174 7.053832110766741e-07
175 2.5141976411765907e-07
177 2.7731020850768243e-07
179 1.774497164116349e-06
180 1.948866745191531e-08
181 8.77468962746347e-08
182 7.455775040039127e-08
185 1.21662492398924e-07
187 1.9980257748954136e-06
188 2.6795844194498777e-05
189 1.0967437076956166e-07
190 7.668261014830051e-07
191 5.5965882049648585e-06
193 6.01577041876381e-08
195 4.908288822839254e-08
196 8.628361080213853e-06
197 2.0160306119324789e-07
198 4.765304217350719e-08
199 1.964609045153755e-06
200 3.0570096834392283e-08
201 5.163055724642411e-06
204 5.08291861603841e-08
205 1.9857991058097298e-07
209 5.40223268530736e-08
210 6.186459422505176e-08
214 8.672934703153855e-08
215 2.0875755164259103e-08
218 1.0123481531738626e-08
219 1.4125408870811294e-05
221 7.325701082912947e-05
223 1.0970227457997494e-05
225 4.414115265126649e-05
228 9.266069589246148e-06
231 3.7833293930743213e-06
232 5.7271988735792283e-08
234 3.0593433888422408e-06
240 5.377005619894331e-09
245 3.213989705738275e-05
249 8.791555370915789e-07
250 2.1130626655434e-06
253 3.0117191945977755e-07
254 1.22286732737442e-07
255 6.121368799686065e-06
256 1.3063039003536069e-06
257 1.9304862520341453e-06
259 2.9626022338731015e-07
261 2.839642442856831e-08
262 5.78554630569324e-08
263 3.345880120671912e-08
264 2.4469604544592104e-07
268 3.6379514187969505e-08
273 1.0640674755664685e-06
275 6.725229174454642e-08
277 2.1052288710835632e-05
279 1.3739998878871294e-07
280 1.0629813416290118e-07
282 9.207158213202288e-08
284 2.755849996167592e-06
285 7.562577479299782e-06
287 4.856681306089289e-08
288 7.447230693039528e-09
289 2.187062110554488e-05
290 1.6048632530413413e-08
291 2.539907567631295e-07
292 8.339687018782105e-06
294 4.513683472122849e-08
295 3.2337813529126126e-07
296 5.921487051963639e-06
301 1.0388352641800694e-07
305 6.951634431546081e-06
306 3.079242294942911e-06
307 1.68671919627373e-07
308 8.783104069073443e-05
309 1.382655733330854e-06
310 3.343813562410927e-07
311 1.9337553342814912e-05
313 3.319699079615e-05
317 2.306768277822961e-05
321 7.506971053238035e-06
322 6.672987947719784e-06
324 2.8132019971190576e-05
325 2.568555018516835e-05
329 2.7365822720718964e-05
330 5.022762109304139e-06
337 1.1974724916053124e-07
338 2.009226170717175e-07
339 1.035325337791216e-09
341 5.713218303574095e-06
344 4.351751041435895e-08
345 4.1840083985455217e-08
346 4.861245808951153e-08
347 3.542906036265758e-08
351 3.051915438857741e-08
352 1.8819337682629333e-05
354 4.866628907564517e-06
358 2.493306725823583e-05
360 4.151276202759028e-05
364 2.153872755539281e-05
366 8.14476455527395e-06
367 1.149426860882663e-07
369 3.130412844370658e-07
372 7.017776668965675e-05
374 4.000758813003795e-06
376 6.000949501547063e-05
377 2.9136972998600385e-06
380 8.705682093518136e-06
381 2.229516227033622e-06
382 8.751920060557574e-07
383 5.28972891201519e-07
384 3.550819899755334e-06
385 5.542600965184977e-08
386 2.8730381454912933e-08
387 7.356664914561819e-07
388 4.1575523649129763e-07
389 7.200570050727726e-07
390 1.0397469607731615e-05
391 4.7412370402684986e-06
392 2.550798965507264e-07
393 3.316639476309264e-06
394 1.748211255457597e-08
396 2.199891680504092e-06
397 2.497967711617142e-08
398 6.172102683356206e-07
399 3.9534565553085394e-07
400 6.7341481876753e-09
404 1.0096101017738311e-07
407 1.3516622605862869e-05
408 3.418104687139524e-06
411 4.7237099153777325e-06
414 2.8553049549751793e-05
415 2.665526197849091e-08
417 1.202988474295276e-06
418 5.444905048697179e-09
419 3.213798960572491e-07
421 1.571120882395731e-08
422 2.8526255675839037e-09
423 1.728725541324141e-06
424 1.1105988333984614e-08
425 1.3533157354081714e-08
426 8.421475539566261e-06
427 3.80004439547776e-09
428 8.19817546445966e-09
429 3.5846952911030934e-06
430 1.8446700377320986e-07
433 4.791746318112307e-07
434 2.7325003219573974e-05
436 5.571985076680063e-07
437 1.42313981477832e-07
438 1.7346025059005813e-06
439 2.4948649216482595e-06
441 1.4816690164656021e-05
442 1.9719328338643094e-07
443 6.0340815263150595e-06
445 1.0388654304465484e-06
448 6.046041801987465e-07
449 1.8870853746305773e-06
450 1.02408571750383e-05
451 2.9948170297534468e-06
452 5.504585908490729e-07
453 3.6856909151877757e-07
454 2.834213865873428e-07
455 4.738622492833932e-05
460 5.482094997992228e-06
461 9.234825058003941e-07
463 1.3113325796746146e-07
465 1.0484583026804592e-07
466 1.6958430266341217e-07
470 1.2130477814662927e-07
471 2.92763034494331e-05
474 7.424370870094393e-08
475 1.729710914680987e-05
476 5.919913249260802e-08
477 7.399804562034712e-08
478 1.5085587316956698e-05
479 2.8765401029332167e-08
480 0.00010620646368454606
481 0.0001805915233582902
482 9.515622673731212e-06
483 1.9973722150193173e-05
487 3.7165836913523983e-06
489 0.0003971511958546251
491 7.822170961333686e-05
493 8.29624234289505e-06
496 8.147448925825874e-06
498 2.5578337841926907e-05
499 0.0004570904821027737
501 0.00011733160918472238
504 2.4695420133805745e-06
508 2.7642336721270408e-05
510 6.537921672702665e-07
514 4.838229371496315e-06
518 1.8039113681988903e-05
523 2.6849128496828778e-05
524 3.077720572442984e-05
532 2.5384600632148636e-07
534 2.1646514702853662e-07
535 2.079412352193129e-06
537 2.5306826107156414e-07
538 3.7956649886045905e-05
540 4.713298453281569e-07
541 1.5673602115330254e-07
550 2.2128302850093445e-05
552 2.807842223241247e-06
553 1.5365759170000992e-05
556 7.2172935788384505e-06
557 2.556508308918022e-06
558 5.627189430225531e-06
559 3.760268484526507e-07
561 1.4080924999449747e-07
564 3.572294044672492e-05
567 2.356708027839591e-05
570 2.0487642461926533e-06
572 9.69648058018529e-07
573 5.055916114998029e-05
575 1.7505113775391512e-06
577 5.466601953380958e-06
581 4.596799331311149e-06
582 4.2253430864047176e-05
584 6.816807950091755e-06
587 2.732328312071345e-05
588 2.7816219776516205e-06
590 9.611511305872184e-06
595 9.786982646742925e-07
599 1.9402968352776004e-07
608 2.4299138837831945e-06
609 1.239958815792194e-05
610 5.275224675407156e-07
612 4.1592914506999056e-07
613 3.245530755146029e-05
614 5.076415297851279e-07
615 4.3352453525491453e-07
616 3.71210444213474e-07
617 4.4923594809185446e-07
618 2.780201036259114e-07
619 3.6801068955602137e-07
620 3.22659457032513e-07
621 2.1459704282762347e-07
622 2.207804188198021e-07
623 2.832439363311723e-07
624 5.710451009080012e-06
625 2.5189226926134443e-07
626 4.147539582171983e-07
627 6.417260125406015e-07
628 1.2947986031905805e-07
629 1.87993483330396e-07
630 2.075554976892718e-07
631 1.4968124733721403e-07
632 3.393354697608627e-07
633 2.8449644128540203e-07
635 2.770075605934106e-07
637 3.669352320493404e-07
638 2.3031749343621074e-07
639 1.666949626351729e-07
640 2.5789377222271494e-07
642 1.0201403239154308e-07
643 9.226525581113824e-08
644 4.331131057793531e-07
645 3.1492170197941053e-07
646 2.09455359194376e-07
647 2.6229684986512707e-07
648 7.765326508804192e-07
649 7.270579452321439e-07
651 4.8864954668386e-07
652 5.575206974173958e-07
653 9.86083599143962e-06
655 6.963971249978076e-05
657 2.6559886072012943e-05
658 6.742944351568613e-06
661 2.2923762424581626e-05
663 1.8831677668513152e-05
664 4.28485175888299e-06
667 1.3424184108982924e-05
668 2.638538349436216e-05
670 4.2091837508155384e-05
672 0.00011506245489343288
674 7.775930133615709e-06
676 1.9564243224119886e-05
680 2.94449490121588e-06
683 2.980015497620177e-06
684 3.0915509828174122e-06
686 4.110059583696037e-06
687 3.706972348244866e-07
689 1.2236834408717093e-05
691 1.4234101748671657e-05
694 1.1702144202000364e-06
696 1.8851991802906797e-05
698 3.912329258318337e-06
699 8.389110610596374e-08
705 5.805427417536497e-06
706 3.966288087424288e-06
707 2.6515414310511523e-06
708 1.2297402409952628e-06
709 6.281311856284597e-10
710 2.0624028969354685e-06
711 2.288619059319195e-07
712 1.7266434947508684e-07
713 1.8548604640529699e-07
714 2.161516938846894e-06
718 3.2407211729631874e-10
720 1.54036018524676e-08
