9 2.296826935466169e-05
41 2.9569066031941993e-05
46 4.403043048686977e-05
87 0.00016574926041843383
122 5.703104357804883e-06
184 3.1032903062942116e-06
191 3.7074173459314245e-06
211 4.8230064660089216e-06
312 2.0326235715461688e-05
327 1.762733947251746e-05
329 2.2890495652297505e-05
417 7.724910866960966e-07
434 2.2398587210454474e-05
471 1.871204071486347e-05
503 3.397010902583907e-05
505 6.6688692121633e-05
523 1.7857354540578335e-05
549 0.00011096845655412137
574 8.084465671452257e-05
657 9.945465499433901e-06
675 3.1695910983378225e-05
686 4.2974778834484585e-06
702 1.0060035270087913e-06
73 5.065895441196584e-05
96 3.088303797369222e-05
123 1.2375090043101715e-06
192 9.98280393185651e-06
277 3.510413486345351e-06
314 8.185919351007823e-06
360 4.0654124742433574e-05
376 5.720077478285764e-05
444 2.376171798422727e-05
558 2.6021629471951316e-06
562 2.323972715905883e-05
591 2.0969027365022553e-06
654 6.058761540931298e-05
672 9.877961257420005e-05
701 1.2423002240747362e-05
705 5.524986379157848e-07
141 1.651630382931764e-06
147 1.2023293396089004e-07
231 2.171544918302964e-06
248 1.0867260904455246e-06
299 4.3686673467151716e-07
304 1.5551885091115704e-06
318 6.615317979098228e-06
321 7.3586302245555804e-06
341 4.1682102167707915e-06
355 8.013283851989139e-06
440 5.037053555249497e-06
478 1.0886441396361331e-05
494 1.1532489241638693e-05
578 7.173321023888233e-05
588 2.1607213599982e-06
608 5.491899888895487e-07
653 2.537838200264607e-06
655 6.182120587129377e-05
693 2.987602415817559e-06
695 1.0540345474251377e-06
32 7.866595532456244e-06
47 5.223993891585646e-06
88 4.41498230287972e-05
162 2.0186182396980104e-06
178 3.4535882128446805e-07
196 1.2417649165706778e-06
206 6.788185050547217e-07
249 3.460276285559839e-07
258 4.997869828697414e-05
426 9.0539080740863e-06
469 1.5179093772859228e-05
508 7.67946152945296e-06
589 1.0952658379640736e-05
683 1.874592931977693e-06
696 9.925905426815457e-06
707 1.6716607647438482e-06
717 1.5496569275875612e-06
49 2.0833295252711152e-06
56 1.5807356840137142e-07
130 1.4273256841566717e-06
229 1.8652959467009777e-07
236 2.725515264126289e-07
333 7.464807016413792e-08
390 7.137615499237619e-06
473 5.742421841304864e-06
496 4.683862109009342e-06
509 4.323851159309856e-06
708 7.862475673367573e-07
129 1.6902545394166836e-06
131 3.268218665843795e-07
228 3.107172339433717e-06
230 2.3716631048746145e-06
284 1.9779821636721064e-06
320 3.4829794560775924e-07
467 4.891751195628602e-05
652 8.885822987585861e-08
658 2.13408770353557e-06
660 5.3978705229491636e-05
44 3.5019905922514026e-06
94 1.8202324876143758e-06
222 2.030551660147157e-06
224 1.0500604325076556e-05
335 4.370469634761186e-06
586 3.457188968252391e-05
704 2.616885687985575e-06
716 5.538539197969724e-07
20 3.3602542298835995e-06
219 4.20768297867626e-06
237 2.1736804409333327e-06
255 6.449573742774541e-07
450 1.943459415205218e-06
475 1.2002158320911986e-05
585 2.739583426683975e-06
656 1.0704766347985366e-06
694 1.4754223360324756e-07
186 1.3582160523562176e-06
227 1.3706990625262288e-06
136 4.852650425713186e-07
381 9.630115720874487e-07
432 6.189807375347934e-07
500 3.5646034874002563e-06
550 3.525786843001894e-06
570 7.351216167667243e-07
698 2.1800825129385474e-06
179 3.9595263749822407e-07
501 9.974046277715369e-05
700 2.6041517696539554e-06
187 4.2752411275516756e-07
223 5.051728295981348e-06
441 6.163803161797451e-06
688 9.050020082138732e-08
584 2.8518335967206936e-06
594 9.018359440361553e-06
689 1.927053059801529e-06
697 1.4661035682789217e-06
678 7.794447855127054e-07
113 6.804952977130688e-07
666 4.355476822530859e-06
51 2.8196666898312176e-06
167 9.76536753137738e-08
572 1.5823738278551773e-07
