19 2.0848416138299042e-06
31 1.9044391781776682e-07
33 6.0442456980039345e-06
36 4.739793614824685e-06
39 1.6725982860256893e-06
115 1.0719357506499285e-06
170 3.62879925658879e-06
293 5.271319380732104e-07
296 6.482572200332352e-07
323 6.441296344697068e-07
325 5.5312622195033e-06
331 3.976173083561843e-06
353 1.2704787886502774e-06
366 2.0045744969167116e-06
373 3.506973320391697e-07
377 6.404653212738018e-07
380 2.2639493141122784e-06
414 7.5363377604235604e-06
464 2.288755069913597e-06
468 6.167364590873513e-06
538 6.467506382559671e-06
543 1.3453206711288331e-05
546 1.522505165785532e-06
557 6.766790995498417e-07
567 4.6270194938378945e-06
571 5.530627839377452e-08
576 3.420979359967787e-06
580 2.7001952508724587e-06
582 1.8495383677673313e-05
590 1.237551670765424e-05
592 4.771419790020183e-06
596 1.2127737213223076e-06
624 5.678732950788765e-07
650 8.301764530661938e-07
661 5.747028296647766e-06
663 1.7421325413261371e-06
671 5.054890788376173e-06
673 1.8723213238109534e-06
677 1.4940514998232543e-06
684 1.47730573555597e-07
691 3.5302717420831016e-06
11 9.822073215071649e-07
30 6.254319168203587e-06
37 1.66827500163567e-05
40 2.4263047629047384e-06
43 1.3851147374784316e-06
59 1.1048490575207088e-07
171 1.0605769318463961e-06
251 5.338672037077345e-06
305 1.84053213305165e-06
317 5.951040097771242e-06
322 1.924339174555147e-06
324 7.487999853044019e-06
330 1.5650100451532926e-06
334 3.0300475270913334e-06
336 4.715949328740215e-07
340 2.1979662308258168e-05
354 1.3643091677875265e-06
358 2.552511628173906e-06
378 7.126553322474633e-07
416 2.244933837591996e-06
460 7.935951832370948e-07
490 5.646682904618738e-06
495 2.8967393398419085e-05
498 8.1007716021411e-06
502 4.505607037896396e-06
521 1.0291302666997245e-06
545 3.6322917079874054e-07
555 2.436517191011248e-07
560 1.0635590800685452e-06
577 3.6094491912531086e-06
579 5.080820209325875e-07
581 8.298182741419889e-07
583 1.1519785941058163e-05
587 1.6717526163432942e-05
604 1.4112881661473975e-06
613 2.3379709856544955e-05
634 3.8166611064980283e-07
662 8.639653969588599e-06
664 3.658383115642859e-07
668 4.449714045151577e-06
670 2.1888389017331455e-05
674 5.981133970154228e-06
676 5.693215434221912e-06
685 1.6958498693563632e-06
690 1.1228036946305444e-06
692 7.049965596317595e-07
703 1.8827286325372665e-06
