0 0.000212679062743323
3 0.00014636339439077275
21 4.236713198396112e-06
42 9.690938553472157e-05
48 5.911118823780206e-06
149 1.552046152005641e-05
158 4.150079032719188e-06
243 4.2333557052906863e-05
352 1.8391404841573226e-05
379 2.3217379769980937e-05
484 0.00010946803241643342
665 1.252380208792995e-05
1 0.00010347145051739658
29 0.00017919349794675527
34 4.501251496981008e-05
145 1.0098565269379909e-05
160 4.241125184626408e-06
165 5.33775660838629e-06
221 7.103033752354281e-05
252 3.715796926461186e-05
283 5.7156431288842555e-06
524 3.221306810256116e-05
544 3.9923752440059895e-05
566 2.2634251760352627e-05
667 1.396465121495172e-05
486 0.00033695418098331496
17 7.255847721233511e-06
60 4.751617892430227e-07
117 7.321134701455782e-07
124 7.402619704843277e-07
135 1.4484739680622367e-07
139 3.519320226216051e-07
177 1.362131281099837e-07
250 1.9433462651382397e-06
306 3.2580152404724557e-06
359 1.1746501757520372e-05
375 2.8168799569056796e-06
419 2.3650367015939993e-07
445 8.819061997302433e-07
559 2.756940449294249e-07
561 7.093428208018964e-08
564 3.259602115350426e-05
682 5.763514907686256e-07
706 3.190696944513492e-06
105 5.408212851513277e-06
497 7.915447554304092e-05
547 5.194713910971051e-06
86 1.1800728081007199e-07
114 2.2507137321584224e-06
116 4.401444461502653e-07
125 5.244583373053003e-06
189 7.900658994237183e-08
226 7.337755852898909e-07
234 2.022375228603972e-06
247 3.522320626913882e-05
326 1.8313459789698424e-06
328 1.4215638071190699e-05
356 2.319578649413594e-06
370 3.4579349700835816e-05
412 1.0811082358096256e-05
420 1.2357244603516732e-08
514 3.7844851339750985e-06
568 3.140810170003648e-07
575 1.5523447083769452e-06
593 6.966804071122967e-06
253 2.7437796480612425e-07
257 1.6129871070138623e-06
435 3.979530719995981e-07
480 8.981242032068539e-05
285 6.2718227187501835e-06
364 2.4539286763090646e-05
65 1.7136578186594307e-06
201 4.7724412746252575e-06
300 3.1610598534400066e-05
25 2.9619180634420205e-07
276 6.118167358996349e-07
485 0.00012685676462121374
679 8.218298028497817e-07
120 4.867503954243725e-06
176 1.4947016924279844e-06
302 1.143413425983185e-06
488 6.753483199214019e-05
565 2.2059514401448818e-06
188 2.6571683268302472e-05
315 5.65560739963255e-06
199 8.151862178684446e-07
431 5.611734066187152e-06
512 1.4576081878072523e-05
183 2.24600715454824e-06
308 0.00010213429168784744
128 1.6093835936488868e-06
659 2.8492415539805254e-05
35 8.690854717135858e-07
342 6.808640390131163e-06
423 1.3491257872073678e-06
472 6.4299777545365435e-06
533 7.761057493553547e-08
595 6.855139737293336e-07
407 6.6140709544175595e-06
163 2.6437961234771214e-05
289 2.1244792101240026e-05
489 0.0003509338120850192
569 1.3409547451277207e-06
6 3.860436458014934e-06
455 4.325086965855377e-05
515 4.208323740431457e-06
350 5.592132246554842e-07
343 1.0476388030642937e-05
518 1.3454927109652843e-05
297 2.5409438083090766e-05
374 3.2608233284397296e-06
493 9.233722025477804e-06
539 2.719770662123461e-07
413 5.8612912144513174e-05
553 1.4110525026103641e-05
80 3.6785420865828925e-06
429 2.8505942406626535e-06
292 5.326802793785073e-06
332 2.2758738814706108e-05
143 3.612464374503577e-08
504 1.8573066757550883e-06
554 8.585416270603545e-06
372 6.982555833556001e-05
245 2.015435413692962e-05
