446 7.030191346740537e-05
609 1.211531229547114e-05
225 5.097644784544702e-05
362 1.0383138045377158e-08
357 3.7033114528128253e-06
185 1.0495404496759438e-07
552 2.4578255581643123e-06
202 1.3231291592840227e-05
339 1.3899596443874294e-10
146 3.102855457292905e-10
428 7.622637159144387e-09
5 6.989272709746091e-05
491 7.38272915209525e-05
573 4.6310188849527124e-05
168 3.8072678217599444e-06
109 6.646027085076229e-07
144 2.2091224092066e-09
161 4.691216261352195e-05
166 5.739574712182934e-07
172 1.005406877959957e-05
174 6.453471017691962e-07
193 2.0138553345645028e-08
278 1.2792076057783404e-08
369 2.9851897203150786e-07
371 1.1992833242412933e-07
421 4.637193243344449e-09
425 2.09422125327771e-09
427 1.4858975298516002e-09
443 5.654863137200199e-06
457 3.850420002638556e-09
481 0.0001373004209156133
499 0.0004654119374050141
669 2.349816935837625e-06
2 6.262405865667715e-08
4 2.662441400741093e-07
7 7.175517581283408e-08
8 8.884224440522872e-08
10 0.00015625208693671868
12 9.640402032177075e-06
13 2.587339189982888e-08
14 2.32060984566707e-08
15 9.283177935657743e-08
16 1.30105029771331e-07
22 1.1175746281290041e-07
23 3.9037452380765906e-08
24 1.3575018390612425e-07
26 1.1555906453172925e-07
27 1.363638444991752e-05
28 3.714287993013598e-05
38 6.24134661986114e-05
50 2.004138215173025e-09
52 3.8011321402390464e-07
53 1.9130574659235646e-08
54 1.1347724145423217e-08
55 3.045040503554336e-07
57 1.3007209961428364e-08
58 4.0101582546490936e-07
61 3.087854697006978e-08
62 2.026098248718505e-07
63 2.3739027159340675e-08
64 1.458810749595815e-07
66 2.3655516537986003e-10
67 6.82656762986365e-08
68 4.21282074060632e-08
69 1.985943812759219e-05
70 1.857037032789641e-07
71 6.644554380103585e-08
72 1.4990988387893935e-07
74 4.3235206359971044e-07
75 1.3211629275261441e-07
76 3.4943592643113724e-09
77 3.494359264311373e-09
78 1.3965473893859384e-07
79 4.1098096162738256e-08
81 3.036091920188783e-07
82 1.2791002266519034e-07
83 3.561812475305778e-10
84 3.490234810626237e-07
85 5.605074064155916e-08
89 7.571211687286913e-07
90 3.7646360815266956e-08
91 1.7147071778427055e-07
92 1.328631890819254e-07
93 7.514707890972592e-08
95 3.1577002109209684e-08
97 1.1208583946101147e-07
98 5.41047302768067e-08
99 1.4268330610164386e-08
100 1.6916561706757307e-10
101 2.374897190116874e-08
102 8.95743877798095e-08
103 1.7812039581909233e-08
104 4.2146909695356075e-08
106 2.077891423376382e-06
107 1.0387833179258238e-09
108 2.9221966971101394e-10
111 2.360436786552337e-08
112 3.4047868530748144e-09
118 1.4367229083486122e-09
119 1.0806133691367752e-08
121 3.4841877603971336e-09
126 2.7041254068569447e-08
127 2.0096274758857438e-07
132 4.81894064434118e-08
133 9.583797650994234e-11
134 8.101262518533525e-10
137 2.145571486116632e-10
138 6.218619450994452e-10
142 1.0147969783824466e-10
148 4.440887999928349e-08
150 3.77870301005554e-09
151 1.506799261718454e-07
152 3.3330654872045595e-06
153 0.00010397147861646704
154 8.197159867817533e-07
155 2.112816678570941e-05
156 4.39355538995606e-08
157 1.3116805016231032e-06
169 3.438452426278002e-06
175 2.9982658442911955e-08
180 2.840635612954694e-09
181 6.760491231850758e-08
182 6.808890991470147e-09
190 7.467576909671337e-07
194 2.5293213577722637e-10
195 5.154925737564116e-08
197 1.6316398577047397e-07
198 1.2646946494754314e-08
200 1.7216254183712015e-08
203 2.2610035934149449e-07
204 1.2074690785435338e-08
205 6.391735027827697e-08
207 1.1565560584817174e-07
208 1.2882476987258833e-07
209 1.80507996388666e-08
210 1.0595341282525844e-08
212 8.315398581163668e-09
213 2.708056611014906e-09
214 6.9279153389282425e-09
215 1.4818338003736094e-10
216 5.257420617066064e-08
217 8.372487353336333e-09
218 3.033642344742974e-10
220 3.067110105349643e-07
232 5.755149006360633e-09
233 5.180863327342957e-10
235 1.4354731650237783e-09
238 2.2203626997495032e-09
239 9.227499687842006e-09
240 2.3935579362612e-10
241 4.8152541322817396e-08
242 4.412905111649096e-09
244 1.7722456431880344e-07
246 1.6908895404273152e-07
254 1.735254904265488e-08
256 1.132994847395101e-06
259 2.4919965449796627e-07
260 1.663603953205428e-08
261 1.2840756461134668e-08
262 1.3596978089016394e-08
263 1.2376978820696e-08
264 1.4516450768356607e-07
265 5.0687914119515326e-08
266 1.1503830107304976e-08
267 1.0191985284235001e-08
268 8.351419513293388e-09
269 2.966999503429358e-06
270 3.3618008016608046e-08
271 6.341710614734855e-09
272 1.601548632049562e-08
273 9.6942089484261e-07
274 5.76619889611582e-09
275 8.256775024100053e-09
279 8.355081186515084e-08
280 5.743844882296368e-08
281 1.2360011638528481e-07
282 8.550393763605946e-09
287 2.208399004435499e-08
288 2.1897592169227365e-10
290 8.033493240778065e-09
291 6.579089035672918e-09
294 5.388189388756861e-09
298 2.0445627374930898e-07
301 1.1537071702327654e-08
303 1.0163147444172074e-08
307 6.422603858709221e-08
309 1.3612301263799426e-06
310 2.4388625021747366e-08
311 1.5932610200401773e-05
313 4.2255261901897035e-05
316 2.4756953316792533e-07
319 9.33105646782817e-08
337 7.2341883114545e-09
338 1.0647877463222453e-07
344 4.4664485015405535e-09
345 9.468299943160387e-09
346 4.610328668119759e-09
347 1.1045591173510976e-08
348 9.645846536593365e-11
349 1.858543362797031e-08
351 1.5235513085144535e-09
361 8.671875698379175e-08
367 4.220770873246252e-08
382 1.0618694005078999e-08
383 4.301712221675587e-09
384 5.141939628861468e-08
385 2.810030232980185e-08
386 1.4409211958427714e-08
387 4.2496327411346814e-08
388 2.298518066983398e-07
389 1.00235468449575e-08
391 9.76459478767221e-08
392 1.1284140322345757e-08
393 1.4580452460472294e-07
395 1.0416850166790248e-10
396 9.491776709469093e-08
397 3.854677575779994e-09
398 9.615656087987462e-08
399 1.5238822019002007e-07
400 2.551128674966183e-10
401 3.633113905788825e-08
402 2.426295327435615e-08
403 5.6095651708699873e-08
404 1.3149773244178324e-08
405 8.590574063631839e-05
406 8.880951107709488e-06
408 1.0828341896111682e-06
409 3.8109788838442325e-05
410 4.8482111125727135e-08
411 3.153302921142557e-08
415 2.7392102767533956e-09
422 2.1344872895841485e-10
424 1.8341631566077451e-09
430 1.3715474878388926e-07
433 3.3102964586529615e-07
436 7.286193625127978e-08
437 4.604004626353833e-08
438 1.6321084867886638e-06
439 2.4001237923763935e-06
442 8.506252706735598e-08
447 6.345484691934192e-08
448 7.454170034718314e-08
449 1.4386894928096882e-06
451 2.3752399153763352e-06
452 1.1339351253016236e-07
453 6.906460229972679e-08
454 9.904210052959165e-08
456 2.842938975132025e-07
458 9.662131538920314e-08
459 8.279487559394424e-09
461 5.782125594880603e-07
462 2.8686207090155917e-07
463 7.01523556085101e-08
465 2.7516524423605718e-08
466 1.476572901794424e-07
470 3.678973823001647e-08
474 5.511015822487187e-08
476 3.2594460093733084e-08
477 7.171675814741951e-08
479 6.356778296273074e-09
487 2.1594596690179665e-07
492 4.0956570323653857e-07
506 4.220605114909771e-06
507 3.051806610674666e-07
510 4.337099304361064e-07
511 1.8715822527671172e-07
513 6.141973145985473e-07
516 2.98901647419982e-06
517 5.30324606519186e-09
519 1.2654976432794887e-07
520 1.2667806364332047e-07
522 4.364391092958365e-08
525 2.1610031012824489e-07
526 1.1490516709665884e-06
527 6.917386837493604e-07
528 4.558468073337016e-06
529 4.472527394843323e-08
530 1.0523604054001262e-06
531 1.2513884690587581e-08
532 1.9941895699673214e-07
534 8.802040518322772e-08
535 1.8020093290937434e-06
536 7.203691886023846e-08
537 6.785498254199306e-08
540 9.473327502610248e-08
541 2.94257295497186e-08
542 1.0613381417330493e-07
551 7.203918164050089e-07
556 7.995736983538037e-06
563 3.35558933164744e-08
597 1.2185084787911727e-06
598 8.314230314000841e-08
599 7.732818393079874e-08
600 1.66542656263564e-08
601 6.109489126483574e-08
602 5.6295355749828935e-08
603 1.0545787014582707e-05
605 7.612373789777317e-08
606 2.643242409676481e-07
607 0.00013731194683926548
610 9.900755372124823e-08
611 8.517447703452199e-07
612 7.432331451734479e-08
614 7.999116980392067e-08
615 4.722650919026726e-08
616 4.299568595639338e-08
617 6.632591825583092e-08
618 3.671539573636045e-08
619 1.2297675504223705e-07
620 3.808526028464382e-08
621 3.3409529026852855e-08
622 1.13009291086865e-07
623 9.194153191183647e-08
625 1.232894851185974e-07
626 1.4139649747412575e-07
627 1.8703274095329274e-07
628 4.555199871223522e-08
629 6.443695295959162e-08
630 9.961600160267906e-08
631 6.389673804649592e-08
632 8.277259533682782e-08
633 6.869023631227246e-08
635 6.78533286321283e-08
636 1.1168617732826948e-07
637 6.786600406021624e-08
638 6.633597363363778e-08
639 6.998926191337208e-08
640 5.5039274439369035e-08
641 1.0252830429264436e-05
642 4.6724480922783246e-08
643 5.2457345170148675e-08
644 3.4076863468799835e-07
645 5.340671980138099e-08
646 1.1538510420053591e-07
647 6.347129072842719e-08
648 2.187934453882378e-07
649 2.9663556654299126e-07
651 5.04105071359627e-08
681 1.598500926153341e-08
687 2.5835512910827413e-08
699 3.607424432974473e-08
710 2.0016002605130908e-06
711 1.7220580552033934e-07
712 1.1885282811623396e-07
713 6.25069665951721e-08
714 2.239156452569095e-06
715 5.7357093320929106e-08
718 5.664294072794497e-11
719 5.355293170145334e-09
720 4.986843436409997e-09
482 1.0834792750971095e-05
18 1.273310579990613e-06
45 4.5080781331675164e-08
110 1.0319431230307497e-06
140 1.6164228964352056e-09
159 2.8047442137127242e-06
164 1.7537353289220456e-06
173 8.72163145301972e-07
286 3.163479270878538e-06
295 3.106167299932746e-07
363 2.1757479227737655e-05
365 8.696281783693629e-06
368 1.608906520359311e-11
394 3.1123531790703652e-09
418 4.3522315660310225e-10
483 1.251708499102736e-05
548 2.1944930233615884e-05
680 3.4494518558764793e-06
709 4.105258574371525e-11
