703 2.0285624842399016e-06
600 1.1590600515010778e-05
606 4.0017537969225096e-06
251 8.066066006323163e-07
567 4.63541118389816e-06
594 5.60277324322775e-06
598 2.5352311616876384e-06
618 7.138458999255281e-07
41 3.0515976781235657e-05
697 3.218282876797985e-06
34 4.8634683128712366e-05
35 1.2762045765894287e-06
42 0.00010334332127800797
47 6.369388212318401e-06
221 6.393358385659305e-05
226 4.577274910132805e-05
420 9.432141898352253e-07
435 2.4163513853352806e-06
437 1.8434164766125338e-05
484 9.390029960259544e-05
496 7.19072330191987e-07
507 4.5217370811308975e-06
554 2.8406111881208313e-06
573 3.56998697346516e-05
716 2.799186308957766e-06
494 0.00022606204065663953
521 2.0125903184485647e-07
432 3.2000730110552758e-06
362 3.558661112748432e-05
1 0.0001169919879091712
17 6.552793905060956e-06
21 5.084318788520106e-06
32 7.0823297237083655e-06
48 5.850000966602964e-06
113 2.2851685832541093e-06
145 1.078099006316731e-05
163 2.531103284349093e-05
247 2.5029148660850256e-05
259 2.0850434922688645e-06
510 8.507075398591648e-06
511 3.473776851887052e-05
669 3.774422595556102e-05
671 4.201214000293746e-06
676 1.482273193591044e-05
73 5.7633730162622376e-05
0 0.00020435584899196503
3 0.00017136619284879214
29 0.0002038381210509841
211 4.983252096854421e-06
253 9.944217889458524e-06
314 1.9033177055134865e-05
426 2.1103529245000506e-06
516 1.2866479585560909e-05
571 2.483635370731393e-05
686 3.356653907957696e-05
728 2.552557678243775e-06
249 4.1252509232476036e-05
254 4.43302424074827e-05
9 1.670862240324236e-05
25 5.147136958725901e-07
36 6.894468174756385e-06
40 5.127534275073344e-06
44 4.433262856523735e-06
123 1.9021654873970929e-06
129 2.9943003241083154e-06
141 2.4256189509874406e-06
143 8.200129281224116e-08
149 1.723777092464866e-05
188 3.473020845148765e-05
291 2.004780483295436e-05
306 1.9970936042340255e-06
310 0.00010237209081157948
325 1.3871852744812244e-06
330 1.1134269449702004e-05
344 7.2227764079232915e-06
355 3.675149046122736e-06
486 1.1978165542709751e-05
527 1.3894027087410856e-05
556 7.263419207136532e-06
558 0.00010997916072353687
563 8.604995469023528e-06
568 4.221644925575592e-07
570 1.6613644016256262e-07
575 2.5424116229280265e-05
577 3.410864623411503e-07
673 1.709060397127527e-05
677 7.127645022856463e-06
717 3.0084444267441073e-06
18 1.2763940549958352e-06
27 1.2980653421190994e-05
28 3.532015440478995e-05
46 4.374363737299359e-05
49 2.2924691540642633e-06
87 0.00015669392121024853
105 5.468129975295537e-06
106 2.402007445649889e-06
114 2.5400341053534954e-06
128 1.8884196167394843e-06
135 1.7684660073425096e-07
147 3.0087721331197524e-07
151 1.0937682659716694e-06
153 0.00010935888141668988
154 1.2176582423266487e-06
161 5.107781143089138e-05
171 2.3882323499960627e-06
176 1.6949924288446919e-06
192 1.2091978520597361e-05
199 8.776786263018473e-07
202 1.5377835532239064e-05
227 1.0749705979844194e-06
230 4.350815131099869e-07
244 6.474645564449313e-06
252 2.0230775858917737e-06
255 3.262829301571198e-07
260 6.09550478290372e-05
287 7.941102317102472e-06
299 2.873111100561236e-05
304 1.3490657081192045e-06
334 1.718081712835154e-05
336 6.8174514835321305e-06
359 3.444971586536339e-06
361 1.1779793098377105e-05
381 2.283777978568929e-05
385 4.659540441491466e-09
422 2.652059676502967e-07
424 1.373883045770836e-08
431 1.7751336573212496e-08
438 5.290452052542709e-07
443 5.853424661552191e-06
448 9.123304776702308e-07
458 2.9436474857360024e-05
498 9.000280791294176e-05
523 3.944071594329441e-06
530 2.366308630116667e-06
542 1.4823179822790695e-07
544 1.893089134577707e-06
552 8.826526703440787e-06
562 1.3958641574415459e-05
564 5.31389824423585e-06
565 7.734295015124039e-06
580 1.6637068144821307e-06
603 7.479774956722842e-06
604 9.097828424097284e-06
704 3.942899183633235e-06
713 1.6355240862272091e-06
715 4.481966511466978e-06
2 7.830856813539983e-08
4 2.956539581245246e-07
5 6.647678187341201e-05
6 3.666412703899287e-06
7 1.7966796449206875e-07
8 1.8787440860815417e-07
10 0.0001575361988099728
12 1.0586678492540981e-05
13 6.961608303563224e-08
14 6.053821294420721e-08
15 1.376798047451789e-07
16 4.212839983205328e-07
20 4.241424146219839e-06
22 1.1863590488208734e-07
23 8.67541232297962e-08
24 1.5401885190218592e-07
26 2.5708634420034363e-07
30 8.739550178921477e-06
31 1.310517545907774e-06
38 5.2672948002055566e-05
43 2.5174196905943964e-06
45 7.006997382757929e-08
50 2.4672889681551786e-08
51 3.959821697275531e-06
52 3.8477863129755446e-07
53 3.6809274213722013e-08
54 3.192297240180004e-08
55 7.09362743860068e-07
56 6.429706423094905e-07
57 7.697881226474954e-08
58 7.76053397576478e-07
59 1.0026891692115396e-06
60 5.947721437625144e-07
61 9.41231911028508e-08
62 2.4120569137848467e-07
63 4.215352089133838e-08
64 1.7059971065920462e-07
65 2.2458753602733455e-06
66 1.006366159043857e-09
67 6.774784360570693e-08
68 9.319764542859471e-08
69 2.174612917582825e-05
70 7.772906070799345e-07
71 1.329700623717424e-07
72 5.436709213363959e-07
74 9.307654021009781e-07
75 2.788969225450313e-07
76 2.8445544206347178e-08
77 2.844554420634723e-08
78 2.2251833060715238e-07
79 7.453161279627024e-08
80 5.327206031087995e-06
81 6.609848590148625e-07
82 1.5050316158244297e-07
83 1.367408342569224e-09
84 6.016735188721769e-07
85 1.9863735212856109e-07
86 1.2461788955288067e-07
88 1.0754008810561642e-05
89 5.276905158733288e-07
90 7.494537755106969e-08
91 1.6850483228888322e-07
92 1.6453827060509417e-07
93 8.362121829415107e-08
94 3.4768441913807292e-06
95 5.8990882469841894e-08
96 2.419272557915545e-05
97 1.324443474627146e-07
98 8.098608908982047e-08
99 3.238353361086106e-08
100 7.332225860256567e-10
101 3.048072273718135e-08
102 1.326341050646123e-07
103 4.714131749333892e-08
104 7.723409722433863e-08
107 2.0347375220443567e-09
108 5.2331431471496065e-09
109 6.695177008121974e-07
110 1.0369235259676338e-06
111 3.186933013624063e-08
112 5.4594195859753165e-09
115 2.7713171981715144e-06
116 4.982323071910879e-07
117 9.80238441045894e-07
118 7.357672766753783e-09
119 1.0540398736838449e-08
120 5.18880066691328e-06
121 2.431741575546125e-08
122 4.588834935249333e-06
124 9.704008450838284e-07
125 5.232049205166744e-06
126 4.256558019202012e-08
127 2.2688933672623571e-07
130 2.4370419354342343e-06
131 8.581598033815085e-07
132 6.686700879794735e-08
133 3.838678922613278e-10
134 2.0197056325376355e-09
137 1.3852303508445329e-09
138 2.557753925591239e-09
139 3.915808048789663e-07
140 7.3812662671354274e-09
142 4.051095101803328e-09
144 2.8823137578114707e-09
146 1.0134148285362408e-09
148 7.432029852059459e-08
150 1.0901398970397561e-08
152 5.40734696548444e-06
155 2.4680100882269533e-05
156 9.496025568631947e-08
157 1.4549182750298718e-06
158 4.6988400482554145e-06
159 3.377666071611175e-06
160 4.390944148961167e-06
162 2.3582268057676823e-06
164 1.8035218197074193e-06
165 6.3986692308380966e-06
166 5.782941062485227e-07
168 4.383203901923637e-06
169 3.478104953356307e-06
170 4.990742632647109e-06
172 1.0089901316024099e-05
173 8.766532535101249e-07
174 6.970936171076076e-07
175 7.783156000689285e-08
177 1.343596791400316e-07
178 8.765875394558943e-07
179 1.2217496737220498e-06
180 2.2992097886897474e-08
181 8.479040332084344e-08
182 1.9548652966866497e-08
183 2.5166090067094875e-06
184 3.1933538250425777e-06
185 1.0726389603569689e-07
186 3.1777004347819573e-06
189 1.229679433384831e-07
190 7.598693669659713e-07
191 3.5441371458721132e-06
193 3.224015069037225e-08
194 1.2447874068511683e-09
195 7.067890932903058e-08
197 1.7409432005006456e-07
198 2.364956854403735e-08
200 2.3628294045944575e-08
201 4.638347033124732e-06
203 2.841444100369995e-07
204 3.027828445752178e-08
205 1.6892361565695303e-07
206 8.924696057034053e-07
207 1.7158726876707532e-07
208 1.977097415472312e-07
209 3.913842328105236e-08
210 3.2613488557265576e-08
212 6.02788540994741e-08
213 3.398397031568045e-08
214 2.5011926964147936e-10
215 7.782989103764493e-09
216 1.0126306467284744e-07
217 4.081290685995109e-08
218 8.779206048323852e-10
219 7.243125766870404e-06
220 4.515189302317136e-07
222 5.024169317419062e-07
223 2.927002540738352e-06
224 7.664231041428854e-06
225 1.4009219514058429e-05
228 3.221693898575914e-06
229 5.353282329102138e-06
231 3.1454781958016167e-06
233 1.2643365539399303e-08
234 6.572924055035716e-09
235 2.414313253063887e-06
236 7.752120564483976e-09
237 7.800041583024351e-07
238 3.764887109210268e-06
239 9.124849980199145e-09
240 2.042627190232338e-08
241 9.87245400475893e-09
242 4.8477791579456015e-08
243 1.4774457012481637e-08
246 1.4974096208287287e-07
248 2.1271401156326134e-07
250 2.1902588898524504e-06
256 3.480557376818536e-08
258 1.1666267812686632e-06
261 2.521402165081091e-07
262 2.902167818201539e-08
263 1.6882476663071074e-08
264 2.051741427686809e-08
265 2.3771349908958008e-08
266 1.7394303578074543e-07
267 1.1560334693122044e-07
268 4.454619162386605e-08
269 2.2843014215200608e-08
270 1.812687595199845e-08
271 3.1984789461825e-06
272 9.129734826467183e-08
273 3.528731774304806e-08
274 5.951147242820678e-08
275 1.038929857444026e-06
276 2.79025238932085e-08
277 2.2751153037934512e-08
278 8.292077117871792e-07
280 6.114379582112772e-09
281 1.1989259281753257e-07
282 6.262757019059504e-08
283 1.5708415991918022e-07
284 3.325113412633154e-08
285 5.718152239791455e-06
288 4.3386089563504965e-06
289 3.831414697940077e-08
290 5.400317199615318e-09
292 1.8318541602860278e-08
293 3.0413442903291596e-08
294 5.915705947564853e-06
295 2.889654822854754e-06
296 2.859356734473094e-08
297 3.4407782926709983e-07
300 2.1361134881717584e-07
301 9.410094069035595e-07
302 2.512388553515377e-05
303 2.449616336981661e-08
305 2.3344378677477874e-08
308 2.75725296749239e-06
309 1.4780500603458532e-07
311 1.5729295916424418e-06
312 8.029562649108686e-08
313 1.7339088777571873e-05
315 3.366588692166064e-05
316 7.96841878448804e-06
317 5.258635934852157e-06
318 3.104253412366466e-07
319 4.661671053361268e-06
320 4.662752888986058e-06
321 8.274612038583152e-08
322 7.50438187737893e-07
323 6.149710178087902e-06
324 4.043062917045066e-06
328 1.9116118156748687e-06
329 7.4607338349514265e-06
331 2.6101012216978e-05
332 3.404808829723675e-06
333 5.100021623642285e-06
335 5.530589495970043e-07
337 3.992949123665057e-06
338 3.2689437649718175e-06
339 2.3738715886851073e-08
340 1.321967878409409e-07
341 2.0375493435791806e-10
342 6.482967389811463e-06
345 1.1402938802591061e-05
346 1.0022707286985404e-08
347 1.1897792457848923e-08
348 1.1028555796973902e-08
349 1.9738734726210318e-08
350 6.518057934143913e-10
351 4.573125426061127e-08
352 5.765824305888987e-07
353 5.242778116926188e-09
354 2.0219493246874335e-05
357 7.879170344167327e-06
358 2.7394780867195627e-06
363 1.0421941283871585e-07
364 9.412830711014964e-09
365 2.3826402565530548e-05
366 2.0589772296434756e-05
367 1.0647794222611346e-05
369 6.551043520315278e-08
370 1.4554393395751598e-10
371 3.224257432345543e-07
372 3.018012244111373e-05
373 1.213116393394866e-07
374 6.814238567004051e-05
375 1.697124733113324e-06
376 2.8658012206893967e-06
377 3.1553888378828315e-06
378 5.464911766145047e-05
380 2.9088008961073926e-06
383 1.663340961034158e-06
384 1.265475721936821e-07
386 2.1862873864582678e-07
387 5.528718776745638e-08
388 4.137800747980327e-08
389 4.05475820454241e-08
390 4.418474827444012e-07
391 8.736991113524882e-08
392 8.539112184333814e-06
393 3.876525743396669e-07
394 2.0979500643105506e-08
395 5.463644869115985e-07
396 1.2044561381524437e-08
397 4.17992085552008e-10
398 5.221319483786823e-07
399 2.3727124134073134e-08
400 2.050015629916192e-07
401 1.907593940323826e-07
402 7.322489201236119e-09
403 2.0785490360192122e-07
404 2.831666226358246e-07
405 1.375638926635481e-07
406 3.803290407157453e-08
407 9.605537469404376e-05
408 9.411589719091802e-06
409 1.0234890413958485e-05
410 1.3467861124312486e-06
411 3.801434146778442e-05
412 2.484065010401464e-07
413 3.3810191756418986e-07
414 1.0529163444310344e-05
415 3.227246967070877e-05
418 3.5176642256956996e-08
419 3.3278900745352733e-06
421 6.070978801431928e-09
423 9.677512236639953e-09
425 5.975703997434853e-09
427 4.872131945635783e-09
428 1.1394079971966156e-08
429 7.339243062643932e-06
430 1.1240773366982398e-08
433 1.9212010971721673e-07
434 6.390894197911797e-06
436 4.6890301398831544e-07
439 2.382913118436062e-07
440 9.705274089781477e-08
441 2.011151790297586e-06
442 2.495568735404355e-06
445 1.744309335527217e-07
446 5.827380238511174e-06
447 6.4848813872191205e-06
449 7.406429112399912e-06
450 1.6865167527907034e-07
451 9.947827557027212e-08
452 1.5191338744131956e-06
454 3.0514426204188647e-06
455 1.4113586763785059e-07
456 1.2699408698821155e-07
457 2.5962737301212194e-07
459 4.235962401627801e-07
460 9.861811937954384e-09
461 1.8921731536563177e-07
462 1.980606319525265e-08
464 6.819603797707435e-07
465 3.2287491479516474e-07
466 2.580917427007501e-07
467 2.2576439561182047e-06
468 5.982735379204694e-08
469 2.4918695342365436e-07
470 2.0745852998996434e-05
471 6.491798261249825e-06
472 1.7585388568506383e-05
473 1.2855188482696068e-07
475 1.4814888037123327e-09
476 5.835607943054789e-06
477 6.628027264985002e-06
478 1.0392125167985023e-07
479 1.5049003563714019e-05
480 7.161597645934338e-08
481 1.0957206739490806e-07
483 2.7130145458887218e-08
485 0.0001558004967534975
487 1.105159446434355e-05
488 0.0001089441330956262
489 8.197852513834593e-05
490 0.00025167093504650345
492 1.7103405271991477e-07
493 7.385793376467206e-05
497 3.841741200170814e-06
499 4.392879682746531e-07
500 7.5262001299826615e-06
501 1.187569422030288e-05
502 3.7032190525723555e-05
503 5.883129972790207e-06
504 8.17275840780262e-05
506 0.0005146590612737122
509 4.456498942678359e-06
512 3.0428483656518045e-06
513 1.32987105425457e-05
514 4.525068708565221e-06
515 5.389259384593406e-07
517 6.251921141710659e-06
518 5.934790268920136e-07
519 6.914243330267041e-07
520 3.3481512406486004e-06
522 1.7083751542897199e-06
524 1.7038763029717206e-06
525 4.0249694227239835e-06
526 9.425143239377021e-09
528 1.241614945585297e-07
529 4.4627658407694637e-07
531 2.8591345684407314e-07
532 2.0724639396981088e-05
533 3.456128297223581e-05
534 5.982389567191871e-07
535 1.4196976434692022e-06
536 1.213212899673283e-06
537 6.949551071924274e-06
538 3.1271618687692706e-07
539 1.151093040820131e-06
540 1.2774620226995957e-07
541 4.334472423810996e-07
543 1.571478747818838e-07
545 5.872007776204069e-07
546 1.8785688312554345e-07
547 5.380455428353405e-06
548 3.7643981250354347e-07
549 2.548200437033442e-07
550 6.256468527896196e-08
551 4.2030999855144283e-07
553 5.4914064030232515e-05
555 3.36335485024319e-06
557 2.277880212406906e-05
559 4.315465292375549e-06
560 8.658972185128432e-07
561 2.473716968313064e-06
569 3.5987938993305078e-06
572 5.415811789247381e-08
574 2.2575665198593966e-06
578 1.5828762846294519e-06
579 1.518797562614901e-06
582 4.098380397826188e-06
584 7.77424423985615e-05
585 1.5816800399043177e-06
586 7.65246202508423e-06
588 7.133652552090373e-05
589 2.090955820750966e-06
590 3.3338885993829595e-06
593 8.074981751846325e-06
595 2.9551401516182696e-06
596 5.428429056183064e-06
597 1.7085233189064365e-05
599 5.303968887329415e-06
601 2.9736429924281517e-06
602 4.7337872832362045e-06
605 7.047642143987604e-07
607 1.212109489853352e-06
608 2.0219400765874995e-07
609 1.6594212705732465e-07
610 1.9600734723816118e-07
611 2.0123612483045004e-07
612 1.5144465571722177e-07
613 1.1073616173221889e-05
614 3.0080729090125517e-06
615 8.847268418445424e-08
616 6.330451273129468e-07
617 0.00013254984652060002
619 1.165413281992499e-05
620 1.7440309280681926e-07
621 1.998570607647742e-06
622 1.69039768685137e-07
624 2.7127707404357413e-07
625 2.205474310549972e-07
626 1.3602579178209746e-07
627 3.905901874097335e-07
628 1.060158034202762e-07
629 4.042378503982304e-07
630 1.464973604706346e-07
631 9.960687374311024e-08
632 1.4961331587829453e-07
633 1.4695726608160895e-07
635 1.6785171270658872e-07
636 2.7251365572905224e-07
637 5.634026612343658e-07
638 7.33943289867561e-08
639 1.1292926496911044e-07
640 2.831701792572574e-07
641 1.4349001304146382e-07
642 4.045520947738532e-07
643 1.624145730420396e-07
644 1.1480576227101883e-06
645 1.195878071569192e-07
646 1.1106380612345737e-07
647 1.9580234978359128e-07
648 1.2756341929917794e-07
649 1.3654287266443882e-07
650 2.426196685093941e-07
651 1.2319064131324749e-05
652 1.1153304554330702e-07
653 6.26808451529685e-08
654 4.498363162013421e-07
655 2.1590212141721236e-07
656 2.2577944515865218e-07
657 2.855430956890273e-07
658 6.672026416330038e-07
659 3.4565347255998605e-07
660 4.218764732483012e-06
661 2.3047144883333154e-07
662 3.2575835974490243e-07
664 1.2791067666761051e-05
665 1.4760539019268496e-05
666 2.3878230367525527e-06
668 3.670735218340608e-06
670 1.0176428583829378e-05
675 2.822816904854055e-06
678 1.3810859846522354e-05
680 3.4006982737012055e-06
682 4.1319637024050844e-06
683 2.8333691233204072e-05
684 4.879843519669916e-06
687 6.5162575541083615e-06
688 3.0674571398461524e-06
689 2.3071233936930605e-06
690 9.166123377608865e-07
691 2.608783536799594e-06
692 5.324362887542754e-08
693 8.430431665694167e-07
694 2.4220140870541117e-06
695 1.8878489146209907e-06
696 4.3409347512204325e-06
698 5.849544896670338e-08
699 4.4686539273346377e-07
701 5.290613893066289e-06
702 6.6321511900491135e-06
705 7.402447145969313e-07
706 1.4182399365613108e-06
708 2.4800773025232883e-06
710 7.325894451237954e-08
711 3.56549165078825e-06
712 1.1882511265799185e-05
714 2.7649007061986134e-06
718 2.2467309318630496e-06
720 1.5690361159337125e-09
721 2.1202890387334154e-06
722 4.7134435579748714e-07
723 2.774920499831889e-07
724 1.0981351694605791e-07
725 2.2405409490089965e-06
726 1.0033130862674766e-07
727 1.1043282384825624e-06
729 2.559727376432882e-09
730 2.0999097932958186e-08
731 1.2119446784193736e-08
