11 3.112590670218953e-06
19 2.770237625349696e-06
33 4.7648704843498525e-06
37 7.250654419105567e-06
136 4.975476760448512e-07
167 8.16949130031611e-08
196 3.6178698222957205e-06
232 2.5036545800956e-06
245 3.2165014794234597e-06
257 2.4666584887012626e-06
279 3.4721239578442667e-06
286 1.8168539935074572e-06
298 1.507929711215365e-06
307 2.546074277353284e-06
326 2.278756267635083e-06
327 2.8173994201016625e-06
343 3.36787396030792e-06
360 3.6960997996733085e-06
368 3.609043829649876e-06
416 1.8572731773122214e-06
417 3.833638210707258e-06
444 3.499493533402121e-06
453 1.7989536879199441e-06
463 6.674685451675061e-07
474 1.5009987250194845e-05
482 1.3306004421912946e-05
491 3.82559320291636e-06
508 6.351793025852297e-06
566 9.179715232442157e-07
576 2.181964597019536e-06
581 5.1552047829703324e-08
583 4.151324086332364e-06
587 2.5953356341433818e-06
591 1.4721556011428793e-06
663 3.2744335450268793e-06
667 3.1165682698747453e-06
672 2.145596661981405e-06
674 1.6079873050472686e-06
679 3.0351696214355503e-06
681 1.1320521885204494e-05
685 5.12903320144163e-06
700 3.59348961754773e-07
709 2.344425265506513e-06
719 7.651080129015023e-07
187 6.860230599261813e-07
356 1.87888227505065e-06
592 1.097966416534345e-05
707 8.166159990357631e-06
39 3.094451757371682e-06
379 1.420804956788706e-06
495 1.10422432699197e-09
505 6.063362105537782e-06
623 1.2722070510639595e-05
382 4.167255685865889e-06
634 3.239121900131907e-06
