11 3.3163327949742917e-06
19 3.1128931711031214e-06
33 5.420329782621521e-06
37 8.000855945332866e-06
136 2.2366116204526847e-07
167 1.3753476145793423e-07
196 3.7325846474666617e-06
232 2.3619359531986166e-06
257 2.777272729649673e-06
279 3.5211887190129152e-06
286 1.8763019641066726e-06
298 1.9642654147508084e-06
307 2.96618467996348e-06
327 3.2728050085759513e-06
343 3.3047196022430663e-06
360 4.201684191379596e-06
368 4.141742424537271e-06
417 4.433485327642557e-06
444 3.332655142733768e-06
453 1.2474887902538517e-06
463 7.657170116243991e-07
474 1.3299217446404923e-05
482 1.3029688387826265e-05
491 4.2129023026313725e-06
508 6.943363382574148e-06
566 9.20036975783355e-07
567 4.202866772763552e-06
576 2.4798926268332084e-06
581 4.515193836073462e-08
591 1.688461904029975e-06
663 2.952463863491523e-06
667 2.86118977735307e-06
672 2.623529896866321e-06
674 1.9649442001953854e-06
679 3.532442895227202e-06
681 1.1797767396764026e-05
685 5.366931632096919e-06
700 1.8077279570291733e-07
709 2.5694552676094226e-06
719 6.740943010452902e-07
41 3.07316674817552e-05
326 2.4537476877935443e-06
356 1.8128502243010562e-06
587 2.6633687343984096e-06
592 1.0212331876895223e-05
707 6.39275325871554e-06
583 5.4420929887073305e-06
187 3.323641458852858e-07
379 1.0926651941107581e-06
382 3.129978047306651e-06
495 1.2290194357448919e-09
503 5.65117836365225e-06
505 5.941016882179287e-06
623 1.1630041961117471e-05
39 2.7587558729064364e-06
479 1.4475737080134516e-05
634 2.2875868547139957e-06
662 2.5269191296216026e-07
383 1.3977221477179084e-06
697 3.129512642977336e-06
179 1.1055156423413948e-06
332 2.6307009587134977e-06
675 2.111940210303017e-06
547 2.33266338274312e-06
687 6.206582439122723e-06
705 7.083642418205963e-07
219 6.469834666975331e-06
559 4.582587583979705e-06
59 1.022238526038254e-06
695 1.8524915557806256e-06
702 7.064485102732138e-06
416 2.8341203625323306e-06
245 3.473205988620613e-06
