306 2.042692333144883e-06
563 9.62327128640927e-06
211 5.23203695045382e-06
548 4.5603602009859227e-07
129 3.2590136215207463e-06
516 1.3477545558640595e-05
438 5.402834633348855e-07
141 2.5795270809843527e-06
334 1.774529157487252e-05
253 1.0133039804559525e-05
728 2.5354710251493166e-06
314 1.92758073926539e-05
227 1.0396677090372883e-06
135 1.7798986425887704e-07
556 7.382442372351271e-06
123 1.653924633967051e-06
344 7.276197544672191e-06
554 2.7439507640331423e-06
703 1.959932651450813e-06
113 2.0876516890069054e-06
163 2.573416134959463e-05
603 7.5961154989153505e-06
304 1.3338060048386124e-06
426 2.021695618758167e-06
594 5.544883766436003e-06
435 2.0856178188173983e-06
717 2.9468500846427514e-06
143 5.748564204535557e-08
606 3.845648867728152e-06
486 1.2013776795351492e-05
420 8.747866940951821e-07
437 1.848294042704811e-05
598 2.505789214692711e-06
458 3.129655367364692e-05
25 4.634147504325975e-07
600 1.1454245925744442e-05
17 6.727692315024709e-06
618 6.920273484150299e-07
510 7.913557447019833e-06
259 2.0136463590306023e-06
523 3.934728185822152e-06
9 1.6817147525385613e-05
716 1.8356807791835132e-06
669 3.2987835493185515e-05
199 1.1701204390270934e-06
493 7.59032425300875e-05
571 2.3176179885391515e-05
686 3.242183127107926e-05
330 1.1011321550310972e-05
489 8.338176653385589e-05
251 6.700548525692495e-07
247 2.47689588818716e-05
511 3.3129406398008955e-05
46 4.396963514253388e-05
414 1.1314334317115956e-05
509 4.5722222162757865e-06
35 1.1681341757111014e-06
47 5.805273655457789e-06
507 4.13407689633016e-06
573 3.492508584828465e-05
32 6.8943441440167275e-06
310 0.00010245410237485885
354 2.0593510113785333e-05
504 8.122149264950302e-05
0 0.0002015490034039133
1 0.00011319520904609653
21 4.999330247728175e-06
34 4.293939983087687e-05
42 9.600931748135888e-05
48 5.441452671340992e-06
145 1.0293025558359887e-05
484 8.863181661576124e-05
671 2.7056709065921937e-06
381 2.2460672075978076e-05
3 0.00016649359680593945
29 0.00019558536533531755
226 4.4457871312302634e-05
676 1.3984065743799956e-05
249 3.8328021404818764e-05
221 6.147825110513493e-05
149 1.4626637172720173e-05
254 4.0101284434711205e-05
533 3.193713698269118e-05
158 4.3810386627860516e-06
160 4.1373299732543305e-06
165 5.820262422847575e-06
222 3.972465183341731e-07
488 0.00010372228568677329
553 5.308797608612531e-05
613 1.1214387032566121e-05
678 1.4016301729685705e-05
475 7.534626081251386e-11
120 5.42829765030553e-06
285 5.6054314266955335e-06
415 3.2992999118517634e-05
490 0.000253922165405371
147 2.5368524579714917e-07
