231 3.227487398004491e-06
392 8.518632838250021e-06
599 5.050862943909633e-06
51 2.726840945893651e-06
170 4.347042981351796e-06
186 1.772697567195569e-06
470 1.8923837012478504e-05
665 1.5226091396427996e-05
696 2.79202491358556e-06
701 3.100932550870346e-06
660 2.5851859365509044e-06
664 1.113114437213837e-05
689 1.2506353053360197e-06
31 6.796076118988335e-07
56 1.8080673841325045e-07
94 2.1981051860298598e-06
130 5.649304138075582e-07
238 2.324993597378333e-06
335 9.333281382523411e-08
419 1.764705392768252e-06
472 1.7753522854093955e-05
477 6.409805265902209e-06
555 1.393644564134546e-06
589 1.2796536174460331e-06
682 2.2406158414741957e-06
178 4.863193121735547e-07
223 9.012354615679879e-07
237 3.7433170550558077e-07
380 1.3637081527427199e-06
497 2.5542273419328365e-06
517 4.318762048746751e-06
590 2.785302961400467e-06
596 3.641858478435134e-06
699 2.1928978275110364e-07
325 1.234145218589604e-06
355 3.3467714144846025e-06
49 2.1794607816995298e-06
230 3.8407120274846276e-07
604 8.747303040132292e-06
20 3.4572210319182988e-06
115 2.9287053215523203e-06
184 4.3606295684677815e-06
228 9.446041544578343e-07
250 1.4314478256210775e-06
316 6.625530825704253e-06
320 2.7613035248202762e-06
329 7.595762073909532e-06
338 1.3501548228638553e-06
342 3.4127512785816e-06
375 7.974439261119159e-07
447 6.818646310259753e-06
501 1.096830107463209e-05
569 1.7047728817950333e-06
582 2.0466823484840947e-06
595 1.0439403927770196e-06
597 1.738346493056463e-05
601 2.7480230229161653e-06
614 1.6704518972661187e-06
684 3.129164762671863e-06
688 1.4611206245868798e-06
711 1.545698461635208e-06
714 6.369622940737178e-07
727 7.45311365600011e-07
171 1.435629625531463e-06
244 6.630352264406774e-06
336 4.49519676194477e-06
443 6.153277372940314e-06
530 1.700390197920258e-06
564 3.303210704764623e-06
580 8.207011523149132e-07
704 3.7288464813697626e-06
715 3.920128863894925e-06
30 6.6395124913413825e-06
43 1.571172399008043e-06
88 9.174469232532437e-06
225 1.2952666958917181e-05
295 1.1318393162024585e-06
301 5.115349057101639e-07
319 4.5057394246547715e-06
322 4.5866249395158095e-07
324 4.4522453762945275e-06
333 4.137433876228698e-06
337 3.3428272449367512e-06
357 6.2390167608147785e-06
467 5.853924713282222e-07
471 5.682549165296336e-06
502 3.125700416957352e-05
513 1.1513961199494101e-05
552 6.417001948591549e-06
586 4.7362817987817124e-06
588 7.017235172975722e-05
593 6.150015682079397e-06
602 2.7792657871163073e-06
644 5.114498041215512e-07
666 1.5630727749508386e-06
670 9.7839083750945e-06
680 3.1893952292336734e-06
708 5.123503079698485e-07
