224 8.277341319490816e-06
694 2.5437963916205836e-06
229 5.759922417679429e-06
73 5.927836942889712e-05
432 3.2536129502707852e-06
362 3.690965096786623e-05
718 2.3560286735459052e-06
374 7.06481451147555e-05
378 5.601077880868494e-05
494 0.00022587529237040875
255 3.291322291120665e-07
188 3.533442278450712e-05
498 9.15329729768245e-05
409 8.521785082288557e-06
558 0.00011587189099958928
28 3.541387834508785e-05
153 0.00010662065800457119
527 1.4331418899711494e-05
562 1.4288286674159811e-05
565 7.303309315461598e-06
60 5.624198528087689e-07
65 2.3812613640148036e-06
117 1.1920455941583534e-06
139 3.947999287435431e-07
159 3.3591004809945494e-06
177 1.1400460140804701e-07
201 4.739909879993194e-06
235 2.5627251681174003e-06
294 6.629455904320739e-06
352 5.747279044071645e-07
367 1.0803689219417832e-05
485 0.0001522281505353138
506 0.0005194928862434627
512 3.0952227317458527e-06
520 3.9871985444268e-06
87 0.0001573398544927454
361 1.2124047289205647e-05
6 4.289743020280563e-06
12 1.0346398861987984e-05
38 5.185223302325432e-05
157 1.4963053212333954e-06
185 1.0328796472774434e-07
308 2.883891231319644e-06
328 1.979436118493591e-06
341 2.2556523767646622e-10
366 2.123212634189816e-05
376 2.9688745208985816e-06
407 9.48987114819869e-05
434 5.990342755913418e-06
500 7.702682372394988e-06
532 1.647601084281962e-05
691 2.6529045318895935e-06
619 1.1533708861198087e-05
18 1.3077762215423078e-06
176 1.9749483611761823e-06
299 3.007220836361389e-05
164 1.7935775429690662e-06
288 4.536875775733708e-06
302 2.5807568350894087e-05
429 7.63534885891772e-06
578 1.5336505762850182e-06
585 1.6180527675894099e-06
27 1.3007697093767407e-05
116 5.713974463331392e-07
317 5.987933194723928e-06
364 1.1731798805674655e-08
372 3.144706404772311e-05
423 1.518022590929408e-08
524 2.3429854090513117e-06
557 2.3220680645323043e-05
161 5.102561184888717e-05
313 1.765645125202769e-05
155 2.3846355965884683e-05
110 1.068969953513685e-06
144 4.282469926021931e-09
315 3.387130922312818e-05
189 1.1969395354395604e-07
373 1.2275374567638007e-07
496 7.124362482858811e-07
152 3.7991457425651064e-06
411 3.6766103330060925e-05
522 8.496749334910035e-07
193 2.455896243759385e-08
271 3.140010367162492e-06
365 2.4415257122438865e-05
690 1.2348342969338709e-06
574 3.824962814165072e-06
542 2.1556692527676138e-07
168 4.2497550676335825e-06
278 1.0512829428988768e-06
323 6.658242553420851e-06
358 2.924461345043432e-06
377 3.4804384479897605e-06
192 1.2233704154816424e-05
124 1.6268505577671524e-06
128 2.1660437026449237e-06
162 2.3381347084816316e-06
169 3.405232662476769e-06
183 2.5216545822602904e-06
487 1.1069629357056411e-05
693 8.675768231619347e-07
413 8.14147776433835e-08
544 1.8673922197158652e-06
105 5.543850774865241e-06
246 1.7345423503519778e-07
448 9.22840596584721e-07
98 6.748139465453323e-08
102 1.024339627939168e-07
109 6.866001176043859e-07
119 1.2262234124863957e-08
133 7.621814250086873e-10
137 8.176353529165688e-11
148 6.990500364776883e-08
173 8.963710078697992e-07
182 9.773149272724873e-09
214 2.3003622691955765e-09
242 5.083050245591637e-08
266 1.4917391971688467e-07
268 2.2028420473333663e-08
274 2.714913207277763e-08
276 8.074642101482086e-09
284 4.995802199135838e-09
300 2.1855209072437855e-07
318 2.790759230496044e-07
340 1.1348139044542566e-07
350 6.314075235664699e-10
363 9.313654616784509e-08
370 1.955029726060457e-10
389 1.2318808994861598e-08
405 6.992715373405691e-08
465 2.9737288999551737e-07
492 1.1433971350227585e-07
499 4.030069367775016e-07
514 4.3613717356996364e-06
528 1.321314051274822e-07
539 1.0793140297216998e-06
610 6.58021930503115e-08
633 8.172022555949449e-08
636 1.3651754659526736e-07
698 3.268924513907105e-08
151 5.689708667148598e-07
4 2.7224778244503007e-07
16 2.516357947411962e-07
58 5.709822335683725e-07
68 4.859760193823159e-08
70 4.3421530461369024e-07
71 5.130373195089506e-08
85 9.088375623924513e-08
104 4.309026546079905e-08
175 4.074915514500157e-08
208 1.6689325855634836e-07
210 1.4837414373284247e-08
212 2.1592650880067955e-08
213 1.2376272008447205e-08
217 1.6748405771625355e-08
220 3.59131446105381e-07
233 6.226588222597207e-09
243 1.2899261874973016e-08
309 6.762861374825055e-08
384 5.546569744975892e-08
386 1.1179841287997041e-07
390 2.898386715458134e-07
393 1.786345379392148e-07
395 2.8591923580458954e-07
398 2.614892971840534e-07
400 1.4661999285883404e-07
403 9.100001846578065e-08
408 8.730258000578747e-06
410 1.2345265539885106e-06
412 1.285114709726886e-07
439 1.4354122846841566e-07
456 6.899554411379083e-08
464 6.096466583910497e-07
466 1.1521225962836499e-07
519 3.041217057082702e-07
534 2.6627537616574633e-07
540 1.6145741106971465e-08
545 1.7604362581795545e-07
551 1.6309095924915762e-07
560 7.271742000352753e-07
622 1.1076111366421926e-07
626 2.7377415940401393e-08
627 1.03939282091366e-07
637 2.665157371490939e-07
642 1.820644611584563e-07
651 1.0939531437673187e-05
106 2.444504495466137e-06
154 9.652406811639464e-07
202 1.585318849038531e-05
53 1.799732787763113e-08
61 4.683682153037904e-08
66 4.937124338580456e-10
83 1.3421944117504738e-10
90 4.685069785453724e-08
92 1.4714440149956014e-07
95 4.304248603100751e-08
97 1.1913383279064403e-07
100 1.873453044689268e-09
103 3.164558437821778e-08
108 1.2936351266139332e-09
112 4.319734205469732e-09
134 2.8558906382541875e-10
138 3.724344762290503e-11
174 6.680578154949675e-07
181 7.482667808607219e-08
190 7.743663691638528e-07
197 1.7006742872216235e-07
203 2.5983626610695123e-07
207 1.377274837861915e-07
218 2.437441515145264e-10
234 3.0785307408091358e-09
239 1.9366301119796273e-09
248 1.9597799591066092e-07
258 1.1673794491421763e-06
264 6.023339789821128e-09
267 6.974514699514413e-08
269 1.4255013743116687e-08
273 1.5032041987492412e-08
275 9.990320911050174e-07
277 4.7720319486385566e-09
280 2.1069990273809187e-08
283 1.425735527611348e-07
293 4.9774951105691865e-09
339 3.5509096352117717e-09
348 1.575412773958857e-09
351 2.5453264148771713e-08
369 4.39153183537847e-08
397 8.227909242714254e-10
607 1.2534893235907854e-06
612 5.199709770064062e-08
726 7.296482165290489e-08
91 1.9246856983898105e-07
166 5.920761464977753e-07
122 4.66392560164605e-06
10 0.00015645374157183056
476 6.413248117512127e-06
107 1.0327727636106738e-10
261 2.4301012767352904e-07
347 3.7540867326939344e-09
394 2.521395700104242e-09
646 4.835634294146265e-08
692 3.7420949467634046e-09
2 5.016979882974453e-08
8 4.564823497177854e-08
13 5.036401108914265e-09
14 5.097133609444066e-09
15 4.392431118287497e-08
22 5.735616863830051e-08
24 7.821875125102453e-08
54 3.8116692220968315e-09
55 4.07753900510856e-07
62 1.9458807272119007e-07
63 5.06903156094654e-09
64 1.339486484380576e-07
69 2.1039926062117923e-05
78 1.1900802653375496e-07
79 4.6783414152551405e-09
93 5.778953344169502e-08
99 1.5728267842303917e-09
198 2.0724963057213693e-09
205 9.470433591792482e-08
216 6.687853936038614e-08
236 2.2861831256963866e-09
240 1.3355645917421175e-08
256 6.152099551686579e-09
262 3.777095747365047e-09
263 1.2717419255877877e-08
270 2.0063314698827606e-09
272 4.396500567656403e-08
281 8.059220433966505e-08
289 4.871853028328103e-09
305 2.568132480752506e-09
311 1.4524572545467683e-06
321 2.1948559919838597e-08
346 1.2586015514900115e-09
349 1.6205507583464974e-09
353 1.1746356769513406e-09
391 2.2638400354109405e-08
401 1.6837191180232392e-07
404 1.299324853397779e-07
427 3.925153109454147e-09
445 5.5205590534334773e-08
450 2.1135174241247328e-08
451 1.5157489094169237e-08
455 6.574968905451046e-08
457 9.296240356910709e-08
462 1.6003800292847443e-09
468 8.751045564161018e-09
480 2.8793743032734055e-08
515 3.76146508963517e-07
526 2.705837008649841e-09
529 1.9833679284441064e-07
531 4.22443091189015e-08
536 7.737571429176863e-07
537 5.0235542848179215e-06
538 5.781582440165097e-08
541 2.880909312575762e-07
543 8.080225028646053e-08
546 3.16461389530084e-08
549 5.963601713716977e-08
550 5.932747163391959e-09
572 1.194596989761921e-08
608 8.292324970165198e-08
611 6.63091655103564e-08
615 2.3047412531537854e-08
616 4.1509876604732683e-07
621 1.0412996681644368e-06
625 5.070198433677189e-08
628 2.7652132934263587e-08
629 1.436599087679358e-07
630 9.221797765329029e-09
631 9.741405609995875e-09
638 7.158817182417843e-09
639 7.831430546648562e-09
641 6.608792913591155e-08
643 2.3289973446118615e-08
645 8.486506297546754e-09
648 1.0433956238734584e-08
649 3.5488112316409034e-08
650 5.629215658190513e-08
657 4.9820211595833366e-08
658 2.6807346760538394e-07
661 6.060349327717967e-08
724 7.57076855797747e-09
730 6.149460834581468e-09
731 2.4311323782908706e-09
331 2.2785440576532613e-05
584 7.873878665693423e-05
359 3.4786445323354257e-06
5 6.492569626497153e-05
191 4.143542089731919e-06
206 9.54598946293528e-07
605 7.235105327205047e-07
44 4.5127661835674994e-06
579 1.6545843928201165e-06
111 2.583072195651467e-08
194 2.2706293583638304e-11
282 4.743012705310244e-08
725 2.219787113087801e-06
7 2.1493568360695354e-08
23 3.5858963995584694e-08
57 2.8014735290950138e-08
67 1.7649262125117724e-08
101 2.0033121400313902e-08
150 1.058119218410239e-09
156 4.658282283944962e-08
180 5.760610438951626e-09
200 1.5923110541632963e-08
204 2.7826252132910534e-09
209 3.6488406257762327e-09
265 2.7089337640270187e-09
292 1.5519170792591133e-09
296 3.828953945460405e-09
303 2.2841323884049093e-09
312 4.940175142931107e-09
387 4.0185557756010325e-09
388 4.149059439452534e-09
399 4.838327249933885e-09
406 9.113174229094696e-09
425 1.990708947665982e-09
440 3.349627467447089e-08
518 4.657822789827303e-07
620 7.474801391647063e-08
624 5.6591289580234255e-08
647 7.971233597596039e-08
652 1.8341659255357673e-08
653 2.3713993208015265e-08
656 5.498990112925702e-08
659 2.710195188461868e-07
118 9.124842463490234e-11
96 2.5807951859766333e-05
713 2.0568521803330897e-06
668 4.351952016669537e-06
260 6.279676495048543e-05
345 1.2261518639095383e-05
683 2.8849706659516603e-05
712 1.2244875196415773e-05
76 3.974057474379861e-09
77 3.974057474379902e-09
121 2.73094230327137e-09
126 3.1326778909193785e-08
132 4.7548651631473494e-08
140 3.5918593714553853e-09
142 8.13918712493937e-10
146 5.950846333358585e-10
290 8.058812594724432e-10
632 9.988329722165063e-08
80 5.690881067014582e-06
449 9.144761199666925e-06
677 7.273292425700917e-06
131 9.99380431933194e-07
706 1.5671076398841115e-06
52 3.7409267411127625e-07
72 3.1943494164478596e-07
461 1.1545031274640638e-07
640 1.7146064469320537e-07
655 1.1844596389000731e-07
710 4.9340855835024126e-08
483 1.371658672753156e-08
50 7.627363826981594e-09
215 2.0139825038461513e-09
402 2.0218445581885503e-09
40 5.3072423135207985e-06
45 5.674763502698179e-08
82 1.2166659047953123e-07
241 3.608425954615178e-09
460 6.08122444316777e-09
478 7.001576017396659e-08
609 1.0803908477681965e-07
720 5.628602216174605e-10
673 2.001517577138493e-05
371 3.1899144595544525e-07
469 1.7519134408895733e-07
75 1.8433449478592596e-07
195 6.268248913216559e-08
396 6.369909615880695e-09
418 1.7057468294350833e-08
433 1.5937205993775257e-07
473 7.848523262445771e-08
481 9.255403258547025e-08
635 1.7603811335754462e-07
654 4.1503737860894846e-07
729 9.34875342880547e-10
36 6.997525044046308e-06
721 2.090420367081211e-06
723 1.8344785517899158e-07
436 4.005860491954474e-07
26 1.800304391464229e-07
127 2.1905503155870106e-07
442 2.5498320596728957e-06
535 1.310598286506164e-06
385 7.527602720793993e-09
172 1.0385288134691502e-05
459 3.2328836707473317e-07
561 2.5462622325936874e-06
421 3.282670004717779e-09
521 8.045604713062614e-08
722 2.875155201461161e-07
575 2.4790117868402774e-05
74 6.264057679208374e-07
84 4.4423478117068363e-07
454 2.9228669517034114e-06
428 8.090000118591672e-09
297 3.414558063246195e-07
89 6.258027300632481e-07
125 5.446586878453783e-06
86 1.3319037121730237e-07
430 7.846006530982245e-09
81 4.5552965294509375e-07
525 3.7870490250809215e-06
424 1.1693365800552188e-08
441 2.050075499249102e-06
446 6.023308125543396e-06
570 1.7721524565316297e-07
452 1.9023577485054513e-06
287 8.501265769627809e-06
568 4.5176431338067915e-07
431 1.608269051374378e-08
252 2.073025192168313e-06
577 3.514004697194537e-07
114 2.737545384223333e-06
617 0.0001343865710444109
291 2.0833958580210436e-05
422 2.685436533971855e-07
