231 2.6864787199864033e-06
483 1.8806555221872902e-05
493 8.94370968338511e-06
698 2.995007189012219e-06
292 7.81756769713053e-06
407 1.2753089293202279e-05
73 5.5340518971459166e-05
558 3.4243920495629644e-06
372 8.027694670789243e-05
284 2.6871475607268947e-06
376 6.627743746192159e-05
478 1.1659607604674461e-05
707 2.1601945467266687e-06
196 4.32571478780751e-06
360 3.7979249469455615e-05
374 3.106704094834043e-06
17 7.614089934318388e-06
19 3.6517645357258523e-06
255 3.515998358385143e-06
277 1.0665512926726204e-05
429 2.947128449187048e-06
21 7.095698368539581e-06
65 2.3446140383808746e-06
221 7.227153734096805e-05
234 2.1782472792439106e-06
253 3.4425791892664664e-07
285 6.222895189551853e-06
434 1.95933251705338e-05
455 4.053899627068113e-05
480 8.762276241386649e-05
482 1.2523660223324142e-05
489 0.000411319774506367
518 1.6245476147614583e-05
564 3.133111110524895e-05
608 1.1963381187858108e-06
6 6.576464936719952e-06
114 2.7397640076436997e-06
163 2.6008830025142777e-05
199 1.8848982934145127e-06
289 2.1871176439767596e-05
308 9.342401295796958e-05
553 1.4729907930048937e-05
559 3.583469572136641e-07
561 1.0030690005736333e-07
568 3.567895211668266e-07
588 2.8653385563775023e-06
245 3.2471170689298844e-05
706 3.940142252940448e-06
249 7.336977507957621e-07
257 2.0485406481949633e-06
423 1.9425308907678316e-06
705 3.92453458536491e-06
211 7.390801485627717e-06
225 4.0624865973329614e-05
250 2.197904770544638e-06
417 1.067649759481297e-06
