20 3.662588981335186e-06
30 1.5885677601134956e-05
43 1.9748725349186026e-06
56 6.619043630823311e-07
130 1.095901392591361e-06
170 5.804863910872819e-06
186 2.6601859753354107e-06
222 1.5506713193831476e-06
227 2.1350100158861725e-06
236 4.81782671620703e-07
248 2.1720631185357163e-06
293 3.498306402838298e-06
299 7.3342726338774e-07
320 4.881955528204586e-07
327 2.1387220668697677e-05
331 4.216533317486235e-06
333 9.384124127111962e-08
335 4.778211435204117e-06
340 3.072363053209507e-05
355 9.310632707474194e-06
373 1.1192588694797453e-06
378 1.98023459675768e-06
416 3.349783442827579e-06
467 5.999447536127758e-05
469 2.297572305770776e-05
473 8.369613213657192e-06
490 1.0459630670460011e-05
509 1.0699882617756573e-05
543 2.7989638358576475e-05
546 1.6248541005803472e-06
560 4.468882262332684e-06
576 7.402926438266867e-06
579 1.3264916769308416e-06
583 1.2118267696492297e-05
586 4.0101240748719816e-05
604 4.8921581824367205e-06
634 5.338091996017429e-07
650 4.7771242060606496e-06
660 7.041638867844693e-05
671 8.525450924386252e-06
678 2.4992731654677e-06
688 2.3854885607288465e-07
697 3.0466808944191847e-06
703 4.250830596948749e-06
716 7.936782263605407e-07
31 6.484178814671041e-07
51 5.615248732276526e-06
88 4.5424322318812425e-05
94 1.7351063847451141e-06
178 5.265018812142205e-07
237 2.083824987311651e-06
314 1.036822596736093e-05
318 1.1112476248109432e-05
336 1.5226248745649043e-06
464 4.6419122861682575e-06
468 1.5012029585399202e-05
521 6.126401949204741e-06
580 4.282341133534674e-06
585 3.0341360372909237e-06
589 1.1446782970490159e-05
654 6.949215925632859e-05
673 4.529940711818366e-06
677 6.866565707987921e-06
685 2.182904914176139e-06
690 4.620964207838674e-06
700 2.1828427468503427e-06
115 9.093604676737164e-06
322 6.179879684994086e-06
