11 1.7734980735365647e-05
33 2.3110666670053395e-05
37 2.395832169216949e-05
39 2.9294255691295623e-06
41 2.6561911227042127e-05
59 4.576442121271181e-06
136 2.532395373892366e-07
167 3.1134431097662915e-07
179 1.1076544865378018e-06
187 2.4071135996854104e-07
219 1.2982978662784876e-05
223 8.938877004877311e-06
228 6.784046264221298e-06
296 2.217520116983972e-06
305 4.133075361909733e-06
317 2.0612618454119133e-05
324 1.1610126640236925e-05
325 1.1010462086534351e-05
330 2.9247595554337726e-06
341 4.096702747926468e-06
354 1.9081180520020293e-06
358 1.607755385863587e-05
366 7.056665384119582e-06
377 1.2935440063714713e-06
380 3.262771267603873e-06
381 1.450267024165504e-06
414 1.8454562420910543e-05
441 7.924285166193148e-06
450 4.638214263509372e-06
460 4.194047463192218e-06
471 2.1940118987341966e-05
475 1.4386670215022068e-05
496 6.304318664339764e-06
498 1.3571399778937532e-05
501 9.582882757034605e-05
538 1.36733901071179e-05
550 1.6022306437753878e-05
557 9.197529491684782e-07
567 8.797198516105629e-06
572 7.85952718674973e-08
577 3.085438027151697e-06
581 1.7259277866609333e-06
582 2.1410472199814392e-05
613 2.337357270440755e-05
624 2.6487244443160592e-06
652 3.226545029538719e-07
653 4.126265618847116e-06
657 1.2649245899089045e-05
661 1.0066460338961725e-05
663 6.147416433509441e-06
664 2.363527788354317e-06
668 1.6682873298940873e-05
670 2.5219230399457864e-05
674 5.0951990597177774e-06
676 1.564826312659037e-05
683 2.6882824124576416e-06
684 2.475761152874782e-06
686 3.124535975835798e-06
689 7.16265368648662e-07
691 1.060539040525091e-05
694 7.420793009024822e-07
696 1.213873276794766e-05
708 8.010903296466536e-07
