96 3.558728295763585e-05
184 4.208020034101213e-06
283 5.915671172046508e-06
135 2.0116982958769738e-07
158 4.018197211615714e-06
252 3.7386330042487254e-05
359 1.2285570771454396e-05
484 0.00010954767438774065
165 5.390277397561376e-06
160 4.127900693992885e-06
431 5.138581899947129e-06
665 1.1889361525877588e-05
497 7.773683249638341e-05
116 5.839112622979333e-07
515 6.162090338410096e-06
124 1.0922878432095803e-06
247 4.295979421080103e-05
300 2.3785619055602404e-05
356 2.3163461434122085e-06
412 9.3867337220301e-06
485 0.00013489097078289914
512 1.342859294841856e-05
80 5.849226576302242e-06
120 7.767021250594544e-06
565 3.6467221552276085e-06
488 8.329109590700879e-05
669 2.4723956440292215e-06
315 5.421273141565801e-06
409 3.426142876240555e-05
413 6.701168208903181e-05
117 1.4853907613325378e-06
362 1.1570619498053413e-08
420 9.70311755963764e-09
607 0.00014983876658504537
682 8.819050082925929e-07
375 3.6219989011285296e-06
343 1.1570590275605508e-05
591 2.8471213682811e-06
226 9.59534788760935e-07
3 0.00014979177503363813
25 3.777677257590639e-07
276 7.925363428147812e-07
370 2.8604648171311097e-05
379 2.1559608612130428e-05
472 5.605990291757576e-06
539 3.489455961745933e-07
352 1.8656041665931355e-05
566 2.2300109138685773e-05
524 3.098594028750692e-05
679 1.3255337539366338e-06
122 7.775058065070838e-06
328 1.1863022385236571e-05
128 1.935049012701013e-06
302 1.2750259293644207e-06
486 0.0004071970839654163
176 2.643331771422209e-06
533 5.886364642436845e-07
297 2.64236893972305e-05
332 1.709421027765254e-05
342 7.168994939153843e-06
435 6.939103865281282e-07
149 1.7112789293638323e-05
143 7.29692280465313e-08
593 9.06755902943706e-06
147 5.019281473502617e-07
505 7.264571235925044e-05
0 0.0002308657054157693
46 4.249240441144384e-05
544 4.1272279013892544e-05
1 0.00011688383635895225
42 8.895642139948455e-05
32 7.5831582482757e-06
48 5.896319078929213e-06
243 5.504249006286622e-05
34 3.981231822043843e-05
29 0.00019084239742432504
667 1.2500984930892113e-05
57 1.6296251123576659e-06
152 4.197698394963927e-06
35 1.3436795790540357e-06
145 1.019641323953393e-05
105 5.482240133051394e-06
547 8.720345405332763e-06
