695 2.14022043393198e-06
494 1.0689330422789479e-05
244 5.005285929446199e-07
203 4.72533407713651e-07
246 4.6282873746982423e-07
513 1.3787328220732422e-06
542 5.045923440230727e-07
286 3.4476019471287285e-06
575 2.3299424993853484e-06
91 3.475021099891127e-07
528 6.087123549552085e-06
97 2.26356224562331e-07
578 7.518673736667057e-05
220 4.822489470507724e-07
511 6.783933812958642e-07
106 2.324241876821162e-06
597 1.2211570786872575e-06
516 3.3943232233673242e-06
536 5.749644690193019e-07
506 4.9426816058573975e-06
525 6.607460146775093e-07
202 1.4811000881179079e-05
278 4.21901318617172e-08
92 2.154287865301249e-07
266 6.005476077829188e-08
272 6.608466869990642e-08
281 1.7352932953321396e-07
298 2.899328549334744e-07
603 1.1001081527380723e-05
95 1.0228491356756514e-07
154 1.6657085474939856e-06
265 9.640438685889419e-08
98 1.1264687751776813e-07
715 1.4596228312121387e-07
641 1.358737307598469e-05
368 4.661742170336249e-10
172 1.1256832110263811e-05
207 2.7681774876104925e-07
365 1.2072636768391151e-05
208 2.775958028916238e-07
212 7.339825619442474e-08
520 3.3651215145254033e-07
239 1.990928236314311e-08
507 4.992695781999169e-07
519 1.58663838731736e-07
233 9.61340994838013e-09
148 2.1561779490346703e-07
151 8.674964082548026e-07
384 3.4973065539388605e-06
61 6.867103606692551e-08
271 3.359721751003782e-08
527 7.668670786803404e-07
530 1.2347447322001078e-06
529 2.7067506558958525e-07
90 7.993594961663663e-08
100 4.245798039732374e-09
102 1.4396517331670853e-07
133 1.7445094338672813e-09
103 5.433223183748416e-08
267 1.984240153197742e-08
166 6.908889303491431e-07
205 1.2284185584693523e-07
18 1.2949281532527206e-06
213 5.1502666094113415e-08
242 2.577056824525476e-08
389 6.508306667049314e-07
217 5.025139651796452e-08
210 3.2354479909213825e-08
424 6.721021981824301e-09
398 5.883004506907251e-07
402 1.7352637078878137e-06
410 1.2276490348591907e-06
421 1.8460259081830997e-08
425 1.2796854378337086e-08
382 8.632076272197574e-07
427 1.3062822432129226e-08
531 5.178312984728862e-08
232 1.3267906304165908e-08
235 7.495652400792277e-09
348 1.823735238212441e-09
719 1.4464962879121954e-08
393 3.320022068421233e-06
396 2.299179113653397e-06
428 2.4160012468248462e-08
401 1.8109291562343702e-06
224 1.3867955588752558e-05
230 3.6539548644553143e-06
426 8.470366529738987e-06
523 2.628465415994583e-05
570 1.9822877259096506e-06
587 2.5597473833575724e-05
672 0.00011442489752418297
216 9.350716830323241e-08
492 4.77949747961189e-07
369 3.02404438519676e-07
388 4.365722937897601e-07
403 1.1998138932148898e-06
443 6.573356914692464e-06
16 5.650958808067258e-07
190 8.662321319571042e-07
273 1.0190288933108602e-06
418 4.90814871806197e-09
532 3.184840625962088e-07
446 7.240963962382285e-05
701 1.422322485307e-05
574 8.783842983876591e-05
38 4.8457102894577584e-05
162 2.260097586401492e-06
306 3.176104343803598e-06
321 7.96451447789853e-06
329 2.3596037559518672e-05
390 1.0560983308356984e-05
655 6.596572012757597e-05
658 6.4617261657612525e-06
499 0.0004971956276519747
595 1.1186687948073936e-06
510 5.226553889338799e-07
157 1.5096561893802868e-06
161 4.604332163289845e-05
183 3.0177162871915063e-06
269 2.9978493625404414e-06
363 2.2151896914707627e-05
5 5.800930511715985e-05
191 5.330807411984084e-06
548 2.36421085465262e-05
10 0.00015858282415810054
139 5.403878358734255e-07
155 2.5697349692187267e-05
164 1.8601456862708774e-06
168 3.989123806470225e-06
169 3.347063780421375e-06
177 2.7800986156245154e-07
185 1.388810133426122e-07
201 5.043086495402205e-06
206 2.7143753058987785e-06
350 7.380390062086148e-07
364 2.0696432480792216e-05
504 3.195859986748974e-06
552 2.919826563678156e-06
609 1.1594375707017017e-05
680 3.950056976466641e-06
13 1.5910042052241887e-08
110 1.077017320024404e-06
238 7.612274712865428e-09
337 1.2400081212610747e-08
349 2.690775878045262e-08
406 9.331930609221852e-06
481 0.00015679753814861212
540 7.985402303746989e-08
611 9.291417953483003e-07
648 1.9459847585788628e-07
7 5.912508367564092e-08
15 2.2796546178819282e-07
24 9.641227377914107e-08
58 5.653157674744923e-07
67 3.371271379085619e-08
71 1.2505326774322156e-07
76 1.2192271041686961e-08
93 6.034623279030838e-08
111 2.5262097106308378e-08
119 1.9982331372120641e-07
132 4.626401199468878e-08
142 6.629819888038781e-10
174 6.772354942424691e-07
182 1.2544734531967188e-08
204 1.02538816692837e-08
256 1.0635133452417947e-06
261 1.4766432242285753e-08
279 7.345163789951762e-08
290 5.398723034249853e-09
301 8.344010280217127e-09
310 7.020843924449145e-09
319 3.962517282402481e-08
345 5.670064840514148e-09
430 1.4129182754782706e-07
437 4.5260084755991044e-08
463 9.796783347661742e-08
474 7.817525859561115e-08
487 3.288295723021444e-06
551 7.726169712490642e-07
602 7.621097991092423e-08
612 7.381731872690402e-08
618 2.19157958191986e-08
622 9.70581929188343e-08
629 2.6112050607207538e-08
633 2.9675511191098415e-08
638 3.8685435101445134e-08
643 4.297882528084849e-08
647 2.0368882274108336e-08
681 7.782672841540566e-09
720 6.791746928699639e-09
53 2.500422127496738e-08
55 3.243226884251133e-07
66 1.6115087077865643e-09
104 4.439175817031853e-08
108 3.2830866496361417e-09
144 5.358520242836118e-09
159 3.241588907407153e-06
218 9.861826893193017e-10
264 1.381157812212401e-07
270 4.762971770927389e-08
275 1.4313925444628954e-08
339 3.492059444471109e-10
351 3.964014294834264e-09
405 9.075546845936798e-05
459 6.03225377072826e-09
522 8.465974042061917e-08
526 2.0549475176192733e-06
534 8.727466781299411e-08
537 5.5036438901634284e-08
606 2.9829552818017497e-07
614 5.022651083092942e-08
627 2.28862854554727e-07
4 2.5932887178873597e-07
8 7.034454687284203e-08
14 8.006513679047168e-09
23 7.733133871872315e-08
26 1.7274717634027403e-07
52 4.0306731751871867e-07
62 1.814977750265024e-07
64 1.2676921566358533e-07
70 3.953526157279039e-07
72 3.941902642520406e-07
75 1.3562748680731318e-07
77 1.219227104168465e-08
79 1.617026344966649e-08
99 6.610029852870915e-09
109 7.144500051132679e-07
112 4.078679323114378e-09
118 2.0024681136782365e-10
121 6.320407942229332e-09
137 1.4959187892449764e-10
140 3.347188555586343e-09
150 3.2149962218646776e-09
156 7.297743991030931e-08
173 1.3812441736624463e-06
175 2.387759170459384e-07
181 7.289325292859128e-08
194 4.4291088843357555e-11
197 1.5559866054987203e-07
200 1.870487989074929e-08
209 1.4873217398909685e-08
214 6.44562354119233e-08
254 1.2990443256777695e-08
260 8.956354208379536e-09
263 8.854426047960317e-09
280 4.415010160987157e-08
288 8.399974727330475e-10
291 5.106206241720576e-09
303 9.185819898848522e-09
311 1.6118655864942428e-05
316 3.0080482056072047e-07
326 2.0379331757003736e-06
344 5.020463021092829e-09
347 4.846302672941319e-09
367 4.157725623831768e-08
371 1.3065408028111282e-07
385 1.6980538070292038e-08
404 2.5084205104025374e-08
436 8.841430686735194e-08
438 1.7052310196643804e-06
442 5.0918019616851376e-08
447 3.3751677544788003e-08
449 1.8371286662270762e-06
452 9.120025573761733e-08
458 2.0907884199205629e-07
462 3.209802024967288e-07
465 1.207696558399241e-08
470 5.961956788370407e-08
476 2.9098764820959737e-08
517 3.683053476368011e-09
541 2.5820490034220865e-08
573 4.730427728228428e-05
599 6.032213498933226e-08
601 2.6674626306294832e-08
610 7.247747208205687e-08
615 3.085134956646285e-08
617 6.909940766431838e-08
619 8.271867946433745e-08
621 1.6158940532434425e-08
623 9.114988785439683e-08
628 2.0431403977604564e-08
630 7.733876983508723e-08
632 1.2940778938821703e-07
635 3.098070679355236e-08
637 4.028760139755419e-08
639 3.7244119495025524e-08
642 1.6863335400521145e-08
644 3.6954348002793884e-07
646 6.002366528417206e-08
649 2.461809509241988e-07
713 2.5292842055377683e-08
131 1.1960404140727558e-06
569 1.52097890985138e-06
54 1.5922019277083963e-08
83 5.706518355320296e-10
107 7.450991981746672e-10
134 1.405660442236768e-09
241 4.806889806875947e-08
262 1.147364906138088e-08
274 2.0902251476825314e-08
282 1.0307101848437976e-08
346 3.5626456844021606e-09
361 1.0555133912331414e-07
395 1.4568336868051862e-09
454 8.078254739186426e-08
598 7.336786439971595e-08
626 1.4084037192949622e-07
687 5.392438111545116e-08
2 5.577124936441432e-08
12 1.0090628225822217e-05
22 9.194525097355111e-08
50 1.469161695829669e-08
63 1.1560320690513125e-08
78 1.360129972297838e-07
101 1.9743493065375315e-08
138 2.823102169718026e-10
146 6.381136780813626e-10
180 5.488722564738283e-09
193 3.358579766283934e-08
198 8.085583644741177e-09
259 2.3302530070077965e-07
268 7.326509353097116e-09
287 1.1078016145984613e-08
294 4.0920869008923715e-09
307 6.569101098531297e-08
313 3.385750054765191e-05
338 1.0998018851560951e-07
386 1.6590773608241333e-08
392 2.1493573181738112e-07
397 1.4452977428493392e-08
433 5.049815004664051e-07
439 2.2970664831366015e-06
448 3.5566728269007046e-08
453 1.3242675561194373e-07
461 6.182676940291522e-07
563 1.960473471622468e-08
600 5.1725718090951995e-08
605 6.036904284924684e-08
616 2.662742158929177e-08
620 2.1088525329169195e-08
625 1.2478947733205929e-07
631 3.32230792006624e-08
636 6.633632979234802e-08
640 2.4138650819775403e-08
645 5.1993423061049655e-08
651 2.4014285268891457e-08
699 6.037726441249347e-08
714 2.6927129821420126e-06
60 8.138914648349789e-07
125 5.638777925368408e-06
153 0.00010703629376487154
81 5.437594164125915e-07
195 8.021180614137723e-08
215 2.825151408217681e-09
394 8.067056351589567e-09
399 4.160722640669769e-07
451 2.7699058692887365e-06
457 5.809554444834017e-09
712 3.404051337363592e-07
45 8.334567793613096e-08
68 1.5643863240119975e-07
82 2.90982358942961e-07
85 1.9223260699653794e-07
127 2.1745358753845947e-07
240 4.928248014941071e-09
309 1.343001213601612e-06
387 6.747312218484582e-07
400 3.6683718706917845e-09
415 3.610502786676864e-08
456 6.480938192691706e-07
479 1.9640216523161263e-08
709 6.518540135505153e-10
711 2.958035264108994e-07
718 1.337356495334923e-09
69 1.8473342318892417e-05
74 5.941730859474125e-07
84 7.668334067961114e-07
126 3.712364039679323e-08
422 3.8064147045055735e-09
466 3.639871199365791e-07
477 1.288535026316567e-07
710 2.178359871349406e-06
357 3.7528761198737505e-06
89 1.4837197514058159e-06
189 1.6563871898738048e-07
411 9.266045123742058e-06
28 3.702833168583247e-05
295 3.5317851761460923e-07
391 4.719547763929971e-06
491 8.501515926629983e-05
86 1.9879063880598015e-07
535 2.629192968540505e-06
556 7.154535199246202e-06
408 6.211273170267188e-06
445 1.2425758267097829e-06
419 3.704424929177205e-07
27 1.3678624663213817e-05
383 5.399344069702254e-07
188 2.884872152401376e-05
514 5.778596131243676e-06
