495 4.447111292835084e-05
571 1.0755874766523867e-06
334 9.965047105405714e-06
49 1.908979943776157e-06
656 1.990749199072073e-06
171 5.7356758208265415e-06
704 3.4499992877517973e-06
192 1.0517239623558637e-05
40 3.962500585883388e-06
47 5.6289901873103985e-06
312 1.877516786772558e-05
440 6.826452369866366e-06
500 3.817865192689584e-06
503 3.7810850915798684e-05
675 3.3183914075459554e-05
693 2.979779453367548e-06
9 2.629308120929225e-05
129 1.5537379017978637e-06
141 1.6548874522349301e-06
229 3.363798784330286e-07
251 6.036708381589205e-06
258 5.1851095276257867e-05
304 1.9468326837386896e-06
323 7.980392047860178e-07
353 2.2595824538958887e-06
444 3.344931701165315e-05
502 6.404343775616609e-06
549 0.0001089468444840576
555 3.421813176993784e-06
562 2.3883626217439423e-05
592 1.2880300246542984e-05
594 9.363328304674032e-06
659 3.280524882359e-05
662 1.2383191630353385e-05
702 1.864869566268829e-06
123 1.5598547926712884e-06
554 1.0398641375058323e-05
44 3.3498376432361333e-06
596 2.7539748445138102e-06
717 1.8465710931507446e-06
584 3.6393630399305975e-06
36 4.716160051633295e-06
666 4.280930906039053e-06
432 2.507579177740625e-06
692 1.4542765079046826e-06
113 2.299592022566042e-06
545 1.7596919217276738e-06
87 0.00016029983727516858
508 1.543288734128815e-05
590 1.1082857075064264e-05
