16
0.0011795682901691378 0.004202773321450252
0.001075283381095065 0.004613398827300147
0.0008791944154734903 0.005190051208946661
0.0008898872307961072 0.00547472296527891
0.0005601514154995792 0.004477952609729748
0.0006424731203741025 0.004831100611102884
0.0006579200558914929 0.0054401265620588725
0.0007499946458375642 0.005746692856462173
-0.0006855458961847088 0.004882490746765947
-0.00032491990465343643 0.005252125548195639
0.000443054079523098 0.00602611254871779
0.0007290486411478087 0.006419640271356362
-0.0013596671534923507 0.0050827251516664266
-0.0007565844038630624 0.005517343287980233
0.0002631462655914218 0.006411055512085684
0.000704144737019683 0.006940898642583944
