16
-0.005927669131871358 -0.016412119732239386
-0.005127399503284569 -0.016857998351430162
-0.004112579381209154 -0.017596245509931538
-0.003733817364946104 -0.01806433970203832
-0.00499453318430929 -0.016258404341963316
-0.004605393942582879 -0.016535756233311695
-0.003976192091448066 -0.017102661947188808
-0.003802586239301572 -0.01739463165878359
-0.0031948598448245965 -0.01576504009005414
-0.003275100918358491 -0.0159477723247916
-0.0035940349329625083 -0.016236667959045662
-0.0038148370476342947 -0.016353828458665023
-0.0021360976714982073 -0.015366435700545416
-0.0024873973663776363 -0.01557221755002608
-0.003124232830014198 -0.015770584851063574
-0.0035517586088547825 -0.01574905654959113
