16
0.004903796204008735 -0.009832605363073761
0.004712513326342789 -0.006648267206246301
0.005292590591262962 -0.0015265975775561927
0.006096646438696644 0.0011366228670605409
0.0025542068216673507 -0.008198651568857322
0.0026500728359299137 -0.005628503882268657
0.003117835269905467 -0.0008008486630293568
0.003466095518600527 0.0015509348348236752
-0.001805756072322601 -0.006542548109523034
-0.0015780034453322669 -0.004127392426809793
-0.001326807337025603 0.0007837991801553715
-0.0013284468938384454 0.003280373891410677
-0.004271563845285265 -0.006179279622447943
-0.0036881640250635986 -0.003456560250370653
-0.003487294407634215 0.001698182037362065
-0.0038719817194892265 0.004775614781464935
