16
0.01269855469039489 -0.004320407572431425
0.012978094070202398 -0.004282352236219889
0.01329996599222216 -0.004292117310622342
0.013500107356161799 -0.004284110206909444
0.012525407818293855 -0.004053973372395992
0.012843823659360702 -0.003933302323250849
0.013150829538274946 -0.0036462194220495494
0.013296305049565967 -0.003388167739163117
0.012250673868766822 -0.004109467322484191
0.012561031185402288 -0.0035941343690320446
0.01292250309155357 -0.0025330494867985775
0.012978420211611707 -0.001716300648170545
0.012053656087123497 -0.00421209121610605
0.012397657875829214 -0.003513266796034714
0.012827400312958988 -0.002106766096804826
0.012920560075379638 -0.0010124177021856643
