16
-0.003960676470871711 0.002446855059815637
-0.0034172311894410203 0.000665296443184135
-0.003351246977205313 -0.002514613598533398
-0.003694551685675906 -0.004408946461344733
-0.002341642983269989 0.0027640670326186164
-0.00196382774416382 0.0011018272668270209
-0.0018290999279905696 -0.002008465960342043
-0.0019078956853238007 -0.0036233031570190198
0.00026987315904234007 0.0038835876379590163
0.0006498312208077261 0.002149360164183231
0.0013672323235608382 -0.0012740492936985858
0.0014514670789544327 -0.0030480598409746104
0.0016276445679083349 0.004863970264920814
0.0018762497688324831 0.0027023126802222033
0.002779879279047392 -0.0010178826892590933
0.0032668884183838704 -0.003162254703516999
