16
-0.004502005464469253 0.01712543037701723
-0.004997688861671249 0.01709734348779547
-0.00608099409880318 0.016716899959804247
-0.006697386244321089 0.016475640168911395
-0.0057187654224757425 0.016797624729901282
-0.005659442211606908 0.01686839226898199
-0.006066650655467241 0.016741449615731742
-0.006356539920715018 0.01661910928587142
-0.006839273610079906 0.016812495010414284
-0.0061805398628338466 0.017010381090558448
-0.005289567382905341 0.017249758379870278
-0.00509745400916709 0.017224743542584197
-0.007184754178059155 0.017163709764671825
-0.006128577697480394 0.017410682062583765
-0.004346795688968912 0.01788151126183878
-0.0036640501521183707 0.018007879998391714
