88 4.430046502900641e-05
130 1.3063140152578364e-06
192 1.0014862656033786e-05
211 4.952167341918129e-06
224 1.0400419280153359e-05
434 2.290704602264314e-05
508 7.554970756851856e-06
655 6.164802636140239e-05
686 4.379217996476761e-06
96 3.1344444998532736e-05
219 4.020568931359195e-06
228 3.019524223981179e-06
327 1.798967824913066e-05
523 1.7664641850956935e-05
574 8.208760701492512e-05
578 7.241763410718871e-05
696 9.670445896296449e-06
701 1.2621606614687859e-05
20 3.3332976077910756e-06
248 1.1720710184212486e-06
314 8.407128396462988e-06
360 4.148492088900091e-05
376 5.81700798793396e-05
417 8.084255268547458e-07
440 5.068883733480049e-06
469 1.5461376066049273e-05
558 2.823752379214721e-06
695 1.0743053925893057e-06
702 1.0882793669339787e-06
704 2.4964274280692127e-06
717 1.5915687837857496e-06
123 1.4647579059588227e-06
147 1.22227308690359e-07
162 2.0345653883159905e-06
206 6.933669875501013e-07
230 2.336697748895743e-06
249 3.6165765677912985e-07
258 5.0654590087148415e-05
304 1.5815098793279893e-06
321 7.5269030209626405e-06
341 4.229548501519333e-06
390 7.093459758576948e-06
426 9.20703165211766e-06
478 1.1097631802406403e-05
494 1.158185671723958e-05
496 4.742440451501659e-06
588 2.210794338130597e-06
705 6.798646776563616e-07
707 1.714333327324035e-06
122 5.964128960734174e-06
87 0.00016828212583024367
329 2.2918393279072516e-05
654 6.175423227584348e-05
73 5.190774578308831e-05
141 1.696289310500061e-06
229 1.8770871459197828e-07
231 2.2166808124654782e-06
255 5.552517188374476e-07
589 1.1486186963451736e-05
653 2.6519535246968033e-06
657 1.0353491356074564e-05
693 3.057348244456821e-06
708 7.931401353918088e-07
44 3.5085195132405903e-06
49 2.1003899022096994e-06
129 1.7021297555596514e-06
131 3.27287309024557e-07
178 3.5438579584568027e-07
196 1.2616228662518918e-06
277 3.4961082784979923e-06
284 2.004952292290836e-06
299 4.470751024772523e-07
318 6.70307941396678e-06
333 7.256631060607104e-08
335 4.384246653939033e-06
355 8.11956159644175e-06
444 2.4916299862192382e-05
471 1.9235930322683827e-05
473 5.8249016016685725e-06
509 4.297311868513102e-06
608 5.638192152682602e-07
652 8.829596779228222e-08
658 2.0470166001171846e-06
672 9.991413969710437e-05
683 1.895569126938121e-06
94 1.8444262009962639e-06
222 1.9688367748190494e-06
236 2.697042064063619e-07
320 3.5048821673905943e-07
450 1.9457098217598087e-06
467 4.961885221041579e-05
475 1.2203140030069056e-05
570 7.074816861894569e-07
585 2.74905167658063e-06
56 1.5795400681410616e-07
237 2.1704340637374637e-06
432 5.844143249942285e-07
586 3.4991755631303904e-05
656 1.0526148788808347e-06
660 5.475805717579368e-05
694 1.3865583165996656e-07
698 2.160338666142465e-06
716 5.563246471643445e-07
227 1.3058025671245513e-06
381 9.792698244467602e-07
550 3.4683154482393508e-06
700 2.5832327093565213e-06
136 4.439199796122808e-07
186 1.3418114106309973e-06
441 6.292377119924457e-06
501 0.00010150643352430702
179 3.908331405272101e-07
187 4.11216500758563e-07
500 3.66221772398201e-06
689 1.8367331136453363e-06
697 1.373128307668497e-06
223 5.009524451547542e-06
678 7.120601303285995e-07
688 8.229263269138548e-08
113 6.407118397068934e-07
666 4.400153603651396e-06
584 2.8741440994435727e-06
594 9.136897941412254e-06
51 2.9032050972037205e-06
167 9.314165065688807e-08
331 3.945794293534501e-06
572 1.4563808481213322e-07
