317 5.985743414389592e-06
324 7.50119952369893e-06
340 2.2128184750125645e-05
495 2.896507683676837e-05
613 2.3721483113895977e-05
334 3.0566430438838277e-06
498 8.127162368888032e-06
583 1.1657802074799776e-05
587 1.699532593908257e-05
663 1.7395714373819855e-06
293 5.163750929262213e-07
380 2.2927911791901853e-06
464 2.34056731265797e-06
543 1.363394867710546e-05
567 4.657834276098793e-06
582 1.8762421987669106e-05
662 8.780037835669192e-06
668 4.469544919101645e-06
670 2.2236768773782e-05
30 6.282240013402372e-06
37 1.7023993676683904e-05
40 2.449851456229133e-06
43 1.39740703858681e-06
59 1.1416436624239196e-07
115 1.1056299966594285e-06
170 3.6843270421989927e-06
305 1.8689328993953584e-06
322 1.9601823774284676e-06
330 1.5952562608920633e-06
336 4.739957541443883e-07
354 1.3776506755673806e-06
358 2.624181568622215e-06
378 7.24597193808382e-07
414 7.735533468287194e-06
460 8.127602599938688e-07
502 4.590720590016054e-06
521 1.03665514167032e-06
545 3.676353919160528e-07
555 2.5388541754765196e-07
560 1.0694757541432204e-06
577 3.656314982269982e-06
579 5.150589178381992e-07
581 8.411520714487126e-07
604 1.4246745884257552e-06
634 3.881982938755428e-07
650 8.434012276425641e-07
661 5.812242459062814e-06
671 5.141850287320307e-06
673 1.8935317886145021e-06
677 1.4917712453568118e-06
684 1.4956827851602418e-07
691 3.5906799822963847e-06
11 9.90857549638182e-07
19 2.1014082838075917e-06
31 1.9294574352769984e-07
33 6.195347732919743e-06
36 4.810235880710512e-06
39 1.690577930938499e-06
171 1.085663549414474e-06
251 5.4906540059186705e-06
296 6.524146891854396e-07
323 6.545893190987064e-07
325 5.604565399010731e-06
353 1.293599949382769e-06
366 2.0465724500442247e-06
373 3.57468335923054e-07
377 6.514155057377398e-07
416 2.2716699340765885e-06
468 6.2543305810475705e-06
490 5.741819988558859e-06
538 6.727731975916222e-06
546 1.5567159616906682e-06
557 6.906150063639634e-07
571 5.587250658112283e-08
576 3.4629518427518905e-06
580 2.7394966778040315e-06
590 1.2573965905251161e-05
592 4.847813861993537e-06
596 1.227830510247938e-06
624 5.757033510729633e-07
664 3.734957868856812e-07
674 6.051080996233395e-06
676 5.835739236795152e-06
685 1.7270471839715041e-06
690 1.1282928220426272e-06
692 7.136360189123434e-07
703 1.95104043835936e-06
