0 0.00021233090736476483
3 0.00014639372693554646
21 4.229084994049466e-06
42 9.592490108297053e-05
48 5.887903425456717e-06
149 1.5203585573375806e-05
158 4.120619732540743e-06
243 4.08453401461051e-05
379 2.31383067178255e-05
484 0.0001103431367857702
486 0.0003395167948495196
665 1.260458216671745e-05
1 0.00010317388568688406
9 2.328781847372375e-05
29 0.00017823058332044534
34 4.41962784970203e-05
145 1.0031855546668821e-05
160 4.154391458477461e-06
165 5.242963111518691e-06
221 7.123255306969967e-05
252 3.7467957490687775e-05
283 5.722319084518295e-06
524 3.295324658226921e-05
544 3.978666090181006e-05
564 3.1700913988060595e-05
566 2.365296214494146e-05
667 1.4144759951281293e-05
117 7.785489673618263e-07
135 1.6285644339172032e-07
139 3.7201460439661204e-07
250 1.9931299863018764e-06
326 1.8984969132388004e-06
328 1.4352697077608654e-05
356 2.384545382779191e-06
370 3.514194037788159e-05
485 0.0001232050128825945
575 1.5779245641096377e-06
593 7.0343830932385324e-06
659 2.6240793896268335e-05
497 8.196586803157814e-05
114 2.3043180440354813e-06
116 4.621028396359526e-07
125 5.518354322528989e-06
247 3.5254968976856135e-05
359 1.2067081692680359e-05
412 1.0715290892727725e-05
480 8.755603989706894e-05
234 2.043050053225552e-06
253 2.8286362980460466e-07
257 1.6208088594738045e-06
276 6.133737565807041e-07
292 5.00168239473138e-06
533 6.393244669911529e-08
568 3.20486030136972e-07
679 7.948598124405443e-07
682 5.896772843430725e-07
706 3.2359702576071393e-06
17 7.3600705427769724e-06
120 4.740303546109557e-06
176 1.452207717704936e-06
226 7.487056461703927e-07
302 1.1408509699331507e-06
306 3.293538157241097e-06
375 2.8749955005678502e-06
435 3.994106215760093e-07
559 2.841846509782325e-07
561 7.775988744526423e-08
124 8.573298682892707e-07
285 6.411711734298968e-06
297 2.562663781115661e-05
300 3.2265767761139404e-05
413 5.9498702943717e-05
60 5.381189043561597e-07
364 2.491335471553178e-05
514 3.976700603058743e-06
352 1.8641397548605008e-05
547 5.262434442424758e-06
35 8.535106418856127e-07
245 2.0010200442310312e-05
562 2.2433226227122715e-05
25 2.9937514321517774e-07
46 4.358741152578647e-05
312 1.789783931652336e-05
423 1.3534971312151295e-06
472 6.4668082474857256e-06
342 6.737772404052927e-06
188 2.6946988751171964e-05
163 2.6796745890010135e-05
308 0.00010431971733137751
565 2.159219223813236e-06
65 1.9429704151897127e-06
343 1.0612186227669535e-05
488 6.852609270475202e-05
47 5.261352018302118e-06
675 3.1225582976340006e-05
503 3.3337439010290634e-05
505 6.787069088358478e-05
128 1.6014849130282814e-06
539 2.607823180684269e-07
183 2.339907964180301e-06
289 2.1722722247431187e-05
407 7.380567874793067e-06
332 2.2960596049290498e-05
429 2.8780322765101235e-06
493 9.35696838380806e-06
80 3.6947382165048847e-06
374 3.286765005751477e-06
595 6.977024637226864e-07
554 8.262331655182497e-06
143 3.3857261983472886e-08
372 7.035033709370031e-05
549 0.0001118655131313124
591 2.1251871465318865e-06
489 0.0003566790930372844
184 3.1021436333286824e-06
191 3.6933779118584693e-06
32 7.996658344125908e-06
504 1.8876956888670627e-06
41 3.0090529484366093e-05
518 1.3797269930778659e-05
