419 2.5445197092869164e-07
189 1.0873628493204562e-07
225 5.196518793309412e-05
201 5.147717653616169e-06
357 3.7453911936647835e-06
177 1.382198276312194e-07
420 1.2640033897488481e-08
5 7.028806383008773e-05
86 1.0940489861259713e-07
185 9.983618979769275e-08
202 1.3375910594167775e-05
362 1.0430232086151303e-08
445 8.933180001308656e-07
105 5.49823111667138e-06
168 3.836738213181479e-06
164 1.7706654110390728e-06
573 4.7030658627786745e-05
552 2.4928077846632822e-06
146 3.1378396006449195e-10
339 1.4116875480175748e-10
428 7.315486086023339e-09
491 7.471551985050114e-05
350 5.663875900181667e-07
15 9.330292463455554e-08
18 1.2890473326006347e-06
45 4.1907503339261985e-08
63 2.4484638622800136e-08
99 1.4979596491275975e-08
107 1.0693226888710883e-09
110 1.0451035203513309e-06
119 1.0978079462019562e-08
133 1.215229242392768e-10
137 2.421868060080659e-10
150 3.935258819128335e-09
161 4.739639589617002e-05
166 5.809745470295354e-07
172 1.0196169930178429e-05
174 6.481543896272744e-07
194 2.6861659071983817e-10
197 1.6562733208176183e-07
218 3.297842032018395e-10
238 2.476496912191635e-09
241 4.884122698008506e-08
259 2.5293761061725165e-07
261 1.3006476532068226e-08
268 8.628966607910906e-09
278 1.154896723914586e-08
287 2.2595386861371166e-08
295 3.129167355528491e-07
301 1.196661372014517e-08
303 1.060990672025188e-08
344 4.630384714937774e-09
346 4.820779951038152e-09
348 1.2950613909285578e-10
351 1.6196143537449472e-09
363 2.2048279179595748e-05
365 8.808283559329494e-06
368 1.8397571629597776e-11
394 3.1055047090417226e-09
400 3.2407755956784897e-10
421 4.547336503502878e-09
425 2.0831719754327467e-09
427 1.407714835068131e-09
443 5.709162734251062e-06
457 3.9039074972699235e-09
479 5.594181113279583e-09
481 0.00013909800474771843
510 4.3432220428416525e-07
548 2.222866342704509e-05
628 4.660094749933028e-08
636 1.1178544582754675e-07
669 2.3774618952547808e-06
713 6.464187839718611e-08
720 5.26405224011872e-09
4 2.697777001376951e-07
6 3.946697936634398e-06
7 7.822440227666587e-08
8 9.18779434137583e-08
10 0.00015810708709058265
12 9.794075361301805e-06
13 2.8192176284327935e-08
14 2.519627308007231e-08
16 1.203446820214977e-07
22 1.1274223427986119e-07
23 5.38734136683667e-08
24 1.3860096580341082e-07
26 1.326537892924236e-07
27 1.3893377777768854e-05
28 3.736161838628321e-05
38 6.327014129951748e-05
50 2.4250563908838116e-09
52 4.061295196608577e-07
53 1.9341275815156933e-08
54 1.2341972700415301e-08
55 3.274439592489013e-07
57 1.501343761880058e-08
58 4.085095605757337e-07
61 3.181003862766399e-08
62 2.0707972118460301e-07
64 1.4845932310605302e-07
67 7.417378999178508e-08
68 3.1448526156171614e-08
69 2.029096492060359e-05
70 1.8908894240178506e-07
71 6.042675689497233e-08
72 1.4201653089924788e-07
74 4.767773469153405e-07
75 1.6022890609244796e-07
76 4.498688161503132e-09
77 4.498688161503128e-09
78 1.4469379030568216e-07
81 3.353572365367221e-07
82 1.0988783143374038e-07
84 3.3221605488288343e-07
85 5.526880709002226e-08
89 6.520541340096433e-07
90 3.6592914037517876e-08
91 1.5249726056727804e-07
92 1.2576531974933943e-07
95 2.786094704356257e-08
97 9.833342147579153e-08
98 5.105849289051003e-08
101 2.4255697418750767e-08
102 8.518923358583794e-08
103 1.7084394252237077e-08
104 4.403519854311564e-08
106 2.094653858793511e-06
108 4.5524462810646557e-10
111 2.428147560307908e-08
121 4.20044150206255e-09
126 2.906642181437381e-08
127 2.0434890919639178e-07
132 5.0341930040488485e-08
148 4.132497082146667e-08
151 1.4764845566297098e-07
152 3.372990897301393e-06
153 0.00010485403647443827
154 7.421425995671601e-07
155 2.14046589442522e-05
156 4.5964582264842156e-08
157 1.3331373657104871e-06
169 3.4766732079785374e-06
175 2.900608365624152e-08
180 3.303234065164486e-09
181 6.818123571634103e-08
190 7.588280884386535e-07
195 5.1146261543877375e-08
199 1.1261542406666074e-06
200 1.8187968099671624e-08
203 2.198441910594195e-07
204 1.289915611599094e-08
205 6.777921800229307e-08
207 1.1600606273229181e-07
208 1.2936786499377045e-07
209 1.9242909214984956e-08
210 1.1830067752396738e-08
212 9.798665387249944e-09
213 4.109960912687025e-09
214 7.399487106904247e-09
216 5.356401630760615e-08
217 9.93333923352721e-09
220 3.066543051245101e-07
232 6.1302693848951055e-09
239 9.463164276531565e-09
244 1.566114306894337e-07
246 1.572814767136387e-07
263 1.286120556618136e-08
264 1.4843111039574397e-07
265 5.0480691439544797e-08
266 1.0716743119210535e-08
267 1.0774507954470647e-08
269 2.9986205735898157e-06
270 3.616852773623517e-08
271 6.95971294481508e-09
272 1.6017021282682318e-08
273 9.865868236858444e-07
274 6.372658009935825e-09
279 8.539260029222027e-08
280 5.9517736639856026e-08
281 1.2327733577162245e-07
282 9.665117174761907e-09
291 7.3185852569275774e-09
294 6.251842400969279e-09
298 2.0455317332251313e-07
307 6.765440130951857e-08
309 1.3974341430912869e-06
310 2.80144731430206e-08
311 1.616493414955644e-05
313 4.286304432812385e-05
316 2.4636544467333417e-07
319 1.000136097480756e-07
337 7.729675719635532e-09
338 1.0666030934435055e-07
349 1.9424245255119496e-08
361 8.780655253655251e-08
367 4.3399288512499094e-08
382 1.6558203519194907e-08
383 3.1840048769871257e-09
384 6.095119645634239e-08
385 3.0944482507829945e-08
386 1.662364606226787e-08
387 5.875650695365218e-08
388 2.3671805197621848e-07
389 1.221879311520706e-08
391 1.1752826534991475e-07
392 1.2323962698227525e-08
393 1.5837704632057314e-07
396 9.949006695989159e-08
397 4.502417334330239e-09
398 1.012261521335786e-07
399 1.576845557109375e-07
401 4.03102681111081e-08
402 3.1697716856127685e-08
403 7.081174204368822e-08
404 1.4647158633122252e-08
405 8.72189436821619e-05
406 8.997523298498803e-06
408 1.0869919694898615e-06
409 3.883924990536653e-05
410 5.186081413136831e-08
411 6.13285298312956e-08
415 2.7877488951105595e-09
430 1.6071172176750083e-07
431 6.098811606407174e-06
433 3.3602966615953694e-07
436 8.324241738933953e-08
437 5.059532823293406e-08
438 1.6851817349761695e-06
439 2.4496086671206357e-06
442 9.080482919186415e-08
446 6.930944808740354e-05
447 6.900883829523139e-08
449 1.432108900510851e-06
451 2.422099631847295e-06
453 6.821107444309763e-08
454 1.0425913909898008e-07
455 4.537672570643119e-05
456 2.676899818143524e-07
458 9.078068935737255e-08
461 5.853532534319372e-07
462 2.8825386852033335e-07
463 7.598469512630646e-08
465 2.9328903841851812e-08
466 1.317528378404461e-07
470 5.468386007076304e-08
474 5.961867355091997e-08
476 4.086471887781989e-08
477 7.08126793081063e-08
487 2.4526600045650255e-07
506 4.267259681104977e-06
507 3.0477766248786683e-07
511 1.8781935572376132e-07
512 1.6034067826015708e-05
513 5.973665404199365e-07
515 5.570571773828893e-06
516 3.0636599891957883e-06
517 5.529026435167401e-09
520 1.2829888085954518e-07
522 5.5347414521536435e-08
525 2.047894153887996e-07
526 1.1685280410837418e-06
527 7.171308093351608e-07
528 4.695069880951928e-06
529 5.401616510455317e-08
530 1.0601342430342608e-06
531 1.7489680783519916e-08
532 2.1862303816358167e-07
534 9.177660611612028e-08
535 1.715527495603284e-06
536 7.703063856081724e-08
537 7.284003106230674e-08
540 1.0473763491794729e-07
541 3.085384704603322e-08
542 9.730862363356837e-08
551 7.376428893897351e-07
553 1.4085697230013885e-05
556 8.0657390246755e-06
597 1.2347673539157827e-06
598 9.054917261672568e-08
599 9.02043581540942e-08
600 2.225027799616044e-08
601 7.563670680420589e-08
602 5.455098330444098e-08
603 1.0790737411030352e-05
605 8.011634547391785e-08
606 2.813149141197771e-07
607 0.00013932699342927428
609 1.2028129273428592e-05
610 1.0164899225477385e-07
611 8.836305550894781e-07
612 8.53048958661084e-08
614 9.121142576510103e-08
615 5.684416314689695e-08
616 4.77219283688444e-08
617 8.017403360600169e-08
618 4.0391039223802877e-08
619 1.4359970366587764e-07
620 4.286558765269799e-08
621 3.690908774665474e-08
622 1.2119737957449996e-07
623 9.389652067265612e-08
625 1.26920170316655e-07
626 1.462215119884625e-07
627 1.967594228741637e-07
630 1.155311936016295e-07
631 7.714930846779351e-08
632 9.22268432880771e-08
633 7.399186697644257e-08
637 7.86189150182342e-08
639 7.448986696080014e-08
640 6.802425551527915e-08
641 1.0363074593690893e-05
642 5.605873326620001e-08
643 6.01294901913948e-08
644 3.6031606053519135e-07
645 6.637135265087723e-08
646 1.2014964272101234e-07
647 7.87228328545447e-08
648 2.4213821526067905e-07
649 3.064563841732602e-07
651 6.253111523778786e-08
681 1.7584556081556087e-08
687 2.3215052413605966e-08
699 3.573521248969644e-08
710 2.0024587333627038e-06
711 2.0166735190223134e-07
712 1.0615695372480501e-07
714 2.2908380951527175e-06
715 4.9399098651149606e-08
719 5.783148344774781e-09
482 1.0994435649938231e-05
2 6.282657614125873e-08
66 2.7626088920241464e-10
79 4.2539041316889734e-08
83 3.9486867493369526e-10
93 7.630201018539051e-08
100 1.9780256842815687e-10
109 6.739983914359228e-07
112 3.4670477480160255e-09
118 1.5892265526154264e-09
134 8.581558419790793e-10
138 6.734905623731023e-10
140 1.5835203662703513e-09
142 1.3223316537956144e-10
144 2.1007822426887637e-09
159 2.826197836557487e-06
173 8.83829159650044e-07
182 6.1733590790617504e-09
193 1.880934529483834e-08
198 1.2955996058343605e-08
215 2.0717092092745027e-10
233 6.800234948919218e-10
235 1.6128158241486313e-09
240 2.634069932760059e-10
242 4.194623199191143e-09
254 1.8164554905448873e-08
256 1.1481860381397385e-06
260 1.7048404714899174e-08
262 1.3658965650450305e-08
275 8.5722660837856e-09
286 3.2012470621340317e-06
288 2.719165462342595e-10
290 8.331177086576715e-09
315 5.878414451902342e-06
345 9.397067675359469e-09
347 1.1213452314370279e-08
369 3.0195049638652027e-07
371 1.1880705320260812e-07
395 1.2413233141200633e-10
418 4.4133110909977546e-10
422 2.6996788827472335e-10
424 1.8662922877092886e-09
448 7.67870560390447e-08
452 1.1535760401372651e-07
459 8.655594035668676e-09
483 1.2677771726632592e-05
492 4.2015081356384177e-07
519 1.2810707325701052e-07
563 3.48625044343803e-08
569 1.3925706886645873e-06
629 6.662849983468914e-08
635 6.936991861874727e-08
638 6.698124811722642e-08
680 3.491872166724547e-06
709 4.717169297591631e-11
718 7.0184092580314e-11
499 0.0004722882060723851
