515 1.32864419743791e-05
423 1.836819907225968e-06
707 3.1259185652069783e-06
304 2.2935270540015342e-06
559 7.070040066640478e-07
524 3.531322206915864e-05
439 2.5014216596195692e-06
360 4.318935001164475e-05
155 2.8955831392114743e-05
356 2.60828768118349e-06
549 0.00013745159123258199
547 5.798989167366509e-06
257 2.07059816991908e-06
561 2.9568589708958127e-07
38 5.79649556601328e-05
176 3.381680991512217e-06
669 2.9777393541388026e-06
332 1.9242197357222934e-05
455 5.403099431273186e-05
139 5.00092092308879e-07
147 6.302693604073927e-07
499 0.0005274805500262024
131 1.2420389915735506e-06
491 8.430365039468052e-05
3 0.00017178286250594678
472 7.007263718486213e-06
494 1.213058931363257e-05
321 7.592065483827111e-06
591 2.993502680016764e-06
153 0.00012425056889924676
27 1.4656933342939272e-05
225 5.006853801601235e-05
226 1.1070240359112611e-06
289 2.3198624760928183e-05
32 9.274348499413114e-06
552 3.4001570702396137e-06
1 0.000138087081202892
259 2.4193362486241624e-07
10 0.0001895897579240764
60 9.855448136286574e-07
230 4.6404406544710485e-06
343 1.3404011524947003e-05
445 1.1206434912700756e-06
574 8.75677833567931e-05
285 9.260391219002865e-06
514 6.009974822840598e-06
143 1.2087310667469971e-07
189 1.7078049317866097e-07
573 5.40140684794379e-05
154 1.3332824663480117e-06
161 4.843781870685423e-05
199 2.418729450209447e-06
564 3.717898206820429e-05
244 3.804710975620635e-07
151 5.380825049165042e-07
250 2.274173086623581e-06
419 3.294089153060025e-07
506 5.104652982545851e-06
239 1.8143728745077887e-08
566 2.5686756692919347e-05
525 4.267602227512608e-07
258 5.475886288960573e-05
124 2.841362096532377e-06
128 3.0964823533739356e-06
234 3.018400052909084e-06
306 3.227439261793629e-06
412 1.1917311412764034e-05
488 9.767082174203396e-05
539 5.342465168427792e-07
565 5.983027268838316e-06
682 7.436764715211031e-07
400 1.6110030256237521e-09
404 3.6300556282036838e-09
302 1.743676848169434e-06
489 0.0004240787663424392
276 1.5723072377983733e-06
609 1.296243782392003e-05
57 3.545472897643879e-06
362 1.5996006074462853e-08
511 3.544403987392052e-07
568 4.1227839956621516e-07
28 3.963849096019125e-05
82 4.601385117121174e-07
138 1.6432131604695035e-10
202 1.4964050141373393e-05
272 6.204564902209562e-08
479 6.630610677412861e-08
510 4.424571499100626e-07
556 7.728690764184091e-06
578 9.057095406311518e-05
632 1.42299006842703e-07
635 3.262504491857994e-08
699 1.8741480288336027e-07
710 2.4310779144496238e-06
393 3.3617537326189977e-06
401 3.5435295954482256e-06
410 2.2385547620324304e-06
52 4.1420014602427114e-07
103 6.862361672845083e-08
165 6.382591019942452e-06
242 2.4182999649564327e-08
273 1.0628163758646824e-06
361 1.2261091827565873e-07
383 5.557006051872753e-07
396 2.289612415949454e-06
398 4.881156613319564e-07
408 3.7544124283753366e-06
428 3.70317200676365e-08
430 1.1824916411701455e-07
714 2.8100890897724438e-06
105 6.027856386836165e-06
190 7.833228302916923e-07
388 3.888582079080715e-07
421 1.2548693898964956e-08
597 1.4013307314325977e-06
379 2.5484248030900796e-05
435 8.489419191260885e-07
6 7.567223078740975e-06
102 1.8291909717346682e-07
117 1.4766104234117895e-06
183 3.297151121647217e-06
195 9.920195139534954e-08
201 5.52898063282347e-06
269 3.303059489889277e-06
300 2.5837195025054757e-05
315 6.98606450417225e-06
409 3.9663133847295175e-05
481 0.00016596322110165845
482 9.832039408965047e-06
595 1.2031900969113006e-06
641 1.2542550215715523e-05
665 1.37247410499299e-05
715 1.5759369427598957e-07
370 3.5026242122508085e-05
65 3.7414498985125352e-06
513 1.034488244297901e-06
72 3.503972099943067e-07
100 7.027169013224261e-09
116 8.655972535324183e-07
175 2.850687395744155e-07
182 1.0199409202354613e-08
185 1.8647932926947343e-07
74 6.2102541420398e-07
135 2.535358849064266e-07
208 1.9682297536964502e-07
348 5.847105245872951e-09
492 4.4193726668454025e-07
12 1.3936296117773189e-05
16 3.1258663322288935e-07
22 7.438455833834174e-08
50 7.068848393959556e-09
66 5.311868457643015e-10
104 4.194278184633697e-08
109 8.171282242888102e-07
118 8.299030727202411e-10
127 2.136663793629565e-07
166 6.506580306871356e-07
197 2.0013810401971802e-07
204 3.753494825250275e-09
209 6.249329397417882e-08
216 7.07971596050968e-08
238 3.3564272492527976e-08
240 1.520291249194244e-08
246 3.253563310933625e-07
279 9.502546089385971e-08
287 3.361615018203826e-09
298 2.6476941888765465e-07
347 1.6726101009036211e-09
384 3.6397359273316588e-06
391 4.962328814341368e-06
397 7.503317027131514e-09
399 4.802488611782115e-07
403 1.2161696746471734e-06
411 4.943969998341754e-06
427 5.511367552558499e-09
443 6.719130934784375e-06
454 1.0550268930841968e-07
463 1.3915153827473253e-07
519 1.5547328162175248e-07
617 6.532623724970223e-08
630 1.0126662531459319e-07
54 3.665180017513117e-10
207 1.7734431400791452e-07
359 1.2722060747298579e-05
365 1.0643326822076465e-05
420 1.911481504501456e-08
15 2.2218886630329597e-07
18 1.3600980295834882e-06
26 2.608751923542845e-07
55 2.9783337361706326e-07
62 1.8752986511796932e-07
85 2.211278626506688e-07
140 8.064216751360807e-09
198 1.2528348968804005e-08
203 4.310540126757198e-07
213 3.285910782076756e-09
217 4.119867127447592e-08
235 1.5950208501783643e-09
280 5.180426006366698e-08
349 3.220743433785151e-08
367 4.426364350259975e-08
369 3.205182496374263e-07
402 1.7385041325212104e-06
425 7.106830384856063e-09
436 2.3995025412041293e-07
442 5.008013451675995e-08
451 3.1704431186684e-06
520 2.90994984380352e-07
631 3.334278744672465e-08
633 2.973732782633143e-08
711 2.653864007246829e-07
141 4.507889540219291e-06
149 2.1546830247363552e-05
252 4.087493205100027e-05
311 1.7095914222733116e-05
313 3.5502836907283465e-05
342 9.485298116843033e-06
45 9.769260323426973e-08
58 6.082228416666796e-07
70 4.552027183732973e-07
86 2.0237234757574888e-07
91 4.623515956040799e-07
92 1.909650576489312e-07
95 8.971566003951037e-08
97 2.553370231047428e-07
98 1.6072470882858235e-07
108 5.655230448849079e-09
111 3.2610160621846886e-08
112 8.102757707175392e-09
133 1.6049927258597747e-09
137 1.3675626708835882e-09
144 1.1995119781397318e-08
146 1.0517032621606578e-09
158 4.833978992339665e-06
160 5.059459364214862e-06
174 7.747370669274183e-07
181 9.126876418391351e-08
194 2.364176226608046e-10
218 8.374903582721816e-10
266 3.4200809256286095e-08
267 1.890788834362848e-08
270 5.554083951585752e-08
271 2.28428655800606e-08
274 2.5048489443628924e-08
278 3.496912730735568e-08
281 1.6943464312628585e-07
294 1.621535481539346e-08
307 1.0740600548184134e-07
339 5.323922679063201e-10
371 1.743658115398622e-07
395 4.1551266828345e-09
449 1.7443668439420288e-06
462 3.656051650976494e-07
466 3.019883914855678e-07
497 8.411153696801104e-05
517 2.3904804438737126e-09
528 7.570653019314508e-06
542 2.7447984269985967e-07
569 1.8210798092940197e-06
601 4.265466017865674e-08
602 1.3984568452145356e-07
607 0.0001521282510570702
611 9.822733315557517e-07
614 1.0019415701583102e-07
644 3.6131737902766354e-07
645 1.265241465332035e-07
687 1.586207495981254e-07
712 2.67128089770772e-07
719 7.313642663021103e-09
7 3.918405051648002e-08
89 1.27259206020674e-06
110 1.1294065627402196e-06
406 9.101157908510188e-06
598 2.410087695943792e-07
600 3.5829840947706216e-07
681 1.6080849501376449e-07
4 2.936165016488404e-07
14 5.982944524410958e-09
24 1.0431514992291424e-07
53 3.9631114424095853e-08
61 6.89879670863717e-08
63 1.7764166756569378e-08
69 2.0270606763913365e-05
75 1.799440054494319e-07
77 9.975956371121243e-10
79 4.852999334751671e-08
84 8.295887179299991e-07
93 6.291063092254701e-08
101 2.676968348603327e-08
121 1.4845016858718065e-08
134 6.302689762872717e-10
142 8.458820780283813e-10
150 1.9111785345591117e-09
152 3.969147790116459e-06
157 1.909828734025392e-06
173 9.654652667693318e-07
180 7.451649260044114e-09
212 8.370015346641727e-09
214 7.544260966109137e-08
220 3.12912599919519e-07
233 5.927462426694629e-09
254 5.427182868708868e-09
261 1.3809204844087824e-08
263 3.705229579840735e-09
265 1.5784947763237165e-07
275 2.8798682774237212e-08
282 5.3450142013936716e-09
291 5.2777577087845415e-08
309 1.433627354711323e-06
316 4.5562353159646075e-07
338 1.3167371553071727e-07
345 7.125972289857127e-09
351 1.499488743086717e-09
363 2.7353761557614453e-05
368 1.9793434515910563e-10
375 4.113078895413062e-06
382 8.623647419800114e-07
386 3.028016046193786e-09
394 8.006106318587172e-09
418 4.5787847862323745e-09
424 3.6278468087217492e-09
433 5.787923791067181e-07
437 5.262235624397605e-08
448 2.4256496569839015e-08
452 8.549366100213451e-08
457 6.773329300446848e-09
459 2.9396745718624467e-09
470 9.889512116457882e-08
476 2.711703311977418e-08
522 1.936736815065826e-08
527 7.899742320378135e-07
530 1.4434168195652356e-06
532 2.0700463562474296e-07
535 2.7640276249247143e-06
537 1.988630088967277e-08
541 2.493507479245043e-08
551 7.144786245448508e-07
605 2.2063192013022654e-08
610 1.0403862365926326e-07
615 3.855467917327564e-08
619 9.291312042833234e-08
621 1.3748462002772217e-08
623 1.0971886397803998e-07
626 2.086128925338806e-07
628 1.0196138475234831e-08
638 2.0105493901577133e-08
640 2.610666603197419e-08
643 2.0253191806923787e-08
647 5.734307717946995e-08
649 2.7382256125674566e-07
667 1.35865755701931e-05
713 3.520331316437016e-09
718 3.456703024553565e-10
67 8.90584595840743e-08
90 9.663247161264026e-08
106 2.478471653190522e-06
125 5.599956826175648e-06
253 3.626820889272522e-07
303 6.566562877491752e-10
319 2.035266005884445e-08
357 3.594978668313588e-06
484 0.00012612181728625853
599 1.8526359212224677e-07
636 9.450779538119423e-08
2 6.468289347889565e-08
8 8.433148019166934e-08
13 2.7442544504330143e-08
23 4.509426758908905e-08
64 1.3099789737136674e-07
68 1.1779997886846874e-07
71 1.1623626727060671e-07
76 5.154201064075677e-09
78 1.6431394046670445e-07
81 5.21839148763521e-07
83 9.622031956118607e-10
99 1.259112956079556e-08
107 1.6931359203590883e-10
119 2.2287020443295473e-07
126 3.121467992633357e-08
132 9.245371251137211e-08
148 1.4741996671536955e-07
156 4.031549509207725e-08
159 3.7356736412240276e-06
172 1.032861555732576e-05
177 3.639949257607319e-07
188 2.77118083901529e-05
193 7.234612504036711e-08
200 1.5304374221590935e-08
205 9.252171540950876e-08
210 3.7253614465635935e-08
215 3.4824336359592777e-09
232 8.287863184763698e-09
256 1.1816915914413922e-06
260 3.098862078015356e-09
262 1.8283756259804234e-08
264 1.6406019390645979e-07
268 2.4522138689322933e-09
286 3.3203061314271207e-06
288 2.7504694836727887e-09
290 5.576125566646291e-08
295 3.283478464976627e-07
301 3.5404907932253764e-08
310 3.8641724390150404e-08
337 2.2764578306875987e-08
344 8.994031938722291e-09
346 1.4357260052670297e-09
385 4.3231291142509735e-09
387 7.833265928235185e-07
389 6.412042907470494e-07
392 2.1629102692215683e-07
405 0.00010148421629525756
415 3.6144161228751993e-09
422 3.4632547708675176e-09
438 1.7171200754237468e-06
447 1.7863649377548665e-08
453 3.19868197045726e-07
456 5.485346021870328e-07
458 2.5857520224346606e-07
461 8.904204997129206e-07
465 9.32470544464035e-09
474 5.4253516774943186e-08
477 9.502253500632608e-08
487 3.5011063324054704e-06
507 4.924046075984309e-07
516 2.9989511768443266e-06
526 1.9418586389737e-06
529 3.10885720591614e-07
531 6.406050782286454e-08
534 1.38024414544489e-07
536 3.808956205694736e-07
540 7.92319098677241e-08
553 1.7041821278807767e-05
563 1.91613880387968e-08
575 2.2633212984869533e-06
603 1.0478870641779036e-05
606 5.00056818721424e-07
612 1.8864440961983672e-07
616 6.133198369309952e-08
618 1.378168133301409e-08
620 2.4179320214106765e-08
622 1.2803498711722666e-07
625 1.4650479080347e-07
627 3.505771068082782e-07
629 1.1383145671729043e-08
637 7.600706765793477e-08
639 4.025771061060092e-08
642 1.4805782390010592e-08
646 5.913396288767042e-08
648 2.016014220804807e-07
651 2.3676592719732425e-08
709 2.482764388981351e-09
720 3.3467460511821584e-09
