20 4.210189091284581e-06
29 0.00020397492306792632
31 8.081597555895111e-07
34 3.6638629580367946e-05
39 3.560479913629958e-06
41 2.4346729287863677e-05
42 0.00010725919187521416
43 1.9344397849749637e-06
46 4.234479511810695e-05
49 2.5463371771786703e-06
56 9.282850408536967e-07
120 6.093596246871362e-06
122 8.244910632433152e-06
184 2.864247902162896e-06
187 2.674128465284693e-07
222 2.344641756734179e-06
231 2.5673383444158353e-06
237 2.4849549872243212e-06
243 4.0795791014337844e-05
297 3.180109579528123e-05
314 9.174708174758739e-06
320 4.4819185972680637e-07
323 1.2117920308165316e-06
327 2.228459314764296e-05
333 7.736943520203283e-08
341 4.72359440212195e-06
352 2.0085201456747705e-05
354 2.1633703438002517e-06
377 1.2769094997023373e-06
416 7.4198429786084165e-06
440 7.828453485839475e-06
444 4.998522690378458e-05
450 4.956847133335983e-06
460 3.762397447407864e-06
467 6.0357709062016294e-05
471 2.0135846609999976e-05
473 5.338503838650277e-06
478 1.3572301027489414e-05
485 0.00014038522491039427
486 0.0003976861625988354
490 1.5540444426020454e-05
496 6.726128444635336e-06
509 1.1270621244872386e-05
512 1.7586634396693483e-05
533 4.674322344756275e-07
544 4.373531082498734e-05
546 2.412288691363344e-06
555 5.389404190528107e-06
557 9.124071356498298e-07
560 3.8780572492936e-06
571 8.652360268796819e-07
577 3.58794887934443e-06
579 1.3510743882449176e-06
580 4.7802604697866466e-06
581 2.4612411677904988e-06
583 1.2496049139391246e-05
634 5.043800712873704e-07
652 3.893078593779603e-07
657 1.4543054451519541e-05
661 1.3510338177493552e-05
663 8.85716214252206e-06
664 2.201689773852358e-06
671 2.1270293090348708e-05
674 6.089022833527934e-06
677 8.195780456609869e-06
678 2.1464964974730052e-06
690 5.277607813972888e-06
695 1.4789736949397145e-06
697 1.5992589978183333e-06
700 6.481063744010622e-06
704 6.854063013550866e-06
708 6.693579912992084e-07
51 4.696895831570808e-06
236 1.0051292692435602e-06
501 0.00012310896845077335
613 2.8213143016228836e-05
650 8.09813499933581e-06
683 2.237543522943899e-06
376 5.678014705833627e-05
372 7.166017836207182e-05
223 8.316475309768998e-06
308 9.1173170355322e-05
114 2.9357997789427063e-06
299 9.908520307477496e-07
686 3.186486701847044e-06
219 1.3587637606567872e-05
550 1.7667654486034733e-05
706 3.7082622223507823e-06
684 2.46770367760667e-06
247 4.624834059718585e-05
538 2.9228829259566596e-05
696 1.3900364409643614e-05
429 3.3611872211604965e-06
228 7.5092798968751826e-06
413 7.210181750497918e-05
407 1.221451210227886e-05
498 2.682778519915664e-05
292 8.347436331544345e-06
25 6.404928312598728e-07
241 5.235025684896903e-08
163 2.857590806504893e-05
689 9.916750000570625e-06
431 7.315051116014391e-06
