585 8.44801258626669e-06
318 1.8192822404476823e-05
331 4.789852411479821e-06
679 8.063544906985167e-07
688 3.5898689270741435e-07
592 1.7297817608535753e-05
293 8.542804518275457e-06
543 4.1822438130025024e-05
9 3.323291103766233e-05
171 4.232434632559516e-06
334 1.2686182053200841e-05
373 1.157609418453312e-06
505 7.627477008338836e-05
521 1.1218375195862246e-05
5 6.59232625179678e-05
30 2.6253281542431703e-05
59 4.038288254722772e-06
73 6.029527617182208e-05
80 4.507143129448074e-06
88 4.355010548108835e-05
94 1.8519939477792868e-06
96 3.417999700518327e-05
115 5.523712832892875e-06
129 3.4400106909108545e-06
130 1.56472320607996e-06
168 3.8234466327939615e-06
169 3.910315975882592e-06
170 6.412224805909565e-06
178 5.909794345593781e-07
179 7.342432332606798e-07
186 2.7301547735020507e-06
191 3.6554200933774774e-06
206 1.7191545576951288e-06
227 2.3431393067900206e-06
229 3.4474832533364143e-07
317 1.8781393941327345e-05
322 5.9875255154740566e-06
329 2.670956066268798e-05
330 3.051956188398266e-06
335 4.0831252105900665e-06
336 1.5304793084037625e-06
340 3.582192300239982e-05
353 3.5700908364597857e-06
355 8.533975821119484e-06
374 3.391518133198285e-06
378 2.3976785972419475e-06
380 6.74396434122124e-06
381 1.8762633667562651e-06
390 7.342826485373023e-06
426 7.653640371787828e-06
441 1.4383807886997016e-05
446 7.558163523733494e-05
464 6.800740944692329e-06
468 1.796900764805492e-05
469 1.9429972759926327e-05
475 1.4839889935352498e-05
495 4.990076562112717e-05
523 1.8339369466361105e-05
576 7.09931731298387e-06
586 4.342940731238933e-05
587 2.601309982260545e-05
589 1.4649972172289409e-05
604 5.371111176348011e-06
624 5.065220146782996e-06
654 7.864679014952623e-05
655 6.844715979656425e-05
656 1.452888127741338e-06
660 5.823835462376578e-05
672 0.00012533715668500904
673 5.546432440524969e-06
676 1.6699059496975076e-05
685 2.799394082028371e-06
691 9.117883130605441e-06
694 2.0496065171509116e-07
703 4.110909979820514e-06
716 5.689235626568322e-07
248 1.2883367288520364e-06
702 2.4766871873940373e-06
548 2.0320080702507907e-05
594 1.0193128477194426e-05
162 1.8119448148747175e-06
364 2.2998549321152414e-05
164 1.69267184489882e-06
504 2.64714197130529e-06
224 1.0305446419541492e-05
680 3.093524510680222e-06
326 2.082426163672138e-06
350 5.540400054566405e-07
570 1.1168075688328657e-06
658 3.6612624638016873e-06
701 1.283436326899063e-05
493 1.0035939927538403e-05
283 6.204876164724909e-06
