249 4.201338306317095e-07
366 3.257413449998924e-06
545 1.5010485911704087e-06
692 9.573606452195266e-07
698 2.6349078522068383e-06
19 2.517057480129085e-06
255 1.0353566714317718e-06
325 1.9912090765986505e-05
432 2.1179913983826745e-06
296 3.664650278810194e-06
324 2.313835643058997e-05
558 5.105141712195924e-06
305 3.963766352933351e-06
434 1.890695417034721e-05
483 2.6106518359473086e-05
608 8.517484480400253e-07
653 5.0518125606256705e-06
11 8.423237597636009e-06
47 6.675935360406611e-06
48 6.219837744973254e-06
113 2.2377400351271196e-06
211 5.239692982194956e-06
567 1.6893148958319403e-05
662 2.879606230778496e-05
693 4.323990070939483e-06
582 4.627124241348742e-05
590 1.1579525315753188e-05
36 5.34126079563666e-06
40 4.874439445504959e-06
500 5.134288736400515e-06
675 4.193636661175538e-05
17 7.665545732700724e-06
572 5.228602919735489e-07
668 1.7214021752421582e-05
0 0.0002808040398162139
33 1.345786471608162e-05
44 4.814474036833658e-06
312 3.264042036807744e-05
480 0.00010881173403341974
562 2.848277901891895e-05
659 3.247916699997304e-05
221 8.407229670244159e-05
245 2.451768250806994e-05
414 1.3293311247571104e-05
584 3.918106267207072e-06
596 3.615687848964985e-06
670 3.3585073061421365e-05
123 3.844995380905285e-06
192 1.2961223333387494e-05
251 1.2828256868179035e-05
502 8.457703718603303e-06
503 3.8298013533713204e-05
508 1.688490675446263e-05
518 2.267140918915096e-05
666 5.8547078098909905e-06
35 1.114142399614299e-06
328 1.1123468221506253e-05
554 9.676695946936902e-06
37 2.4812273866622206e-05
196 2.2838963295488735e-06
284 2.399142174485545e-06
358 1.0109162833629307e-05
593 1.0797164733181164e-05
705 1.8779905075484204e-06
717 2.216238869256193e-06
167 1.3533789104119737e-07
588 2.5757267197887382e-06
136 3.2694563039263125e-06
277 5.198229657826357e-06
87 0.0001829740613076029
145 1.0824452271781529e-05
417 9.585841049070767e-07
21 7.145477891553178e-06
