16
-0.00015973992537039717 -0.00012629626469917333
7.639031090573476e-05 0.0003661994694870643
-0.0007636836088869449 -3.671217727827348e-05
-2.9761428649230008e-05 -0.0005719744966800447
-0.00029356265474425505 8.243347592086934e-05
-3.804619495736599e-05 0.0002869971639521025
8.122833601537617e-05 -9.465858423705129e-05
0.0005617778990775515 -0.0005078837396336044
-0.00041124714116487363 5.698265881986595e-05
0.00011167125843669462 -0.00011170737635163506
0.0001216630860980469 -0.00013434195213985584
0.00036209237306545245 0.00017070629489503495
0.0007769041420921602 0.000752820595205315
0.0007665968224159728 -0.00023409153316008866
-7.720139600077474e-05 0.00021475707271859467
-0.000204345823503826 0.00019440043121585605
