16
0.004123797259106993 -0.021838094225183402
0.004721493153165496 -0.011721717819723927
0.0034437245799285986 0.002985863031586782
0.003779517571830171 0.013703921075756935
0.0006517060504089293 -0.01809293891969588
0.000628529349215574 -0.00943838857053945
-0.0015767997681744906 0.0038284638993051293
-0.0026051329267468538 0.012523189373768596
-0.003566545742661614 -0.014717151934552732
-0.0038207657705594976 -0.006383018180042071
-0.006288135062635251 0.0074533092220591375
-0.008402579702273096 0.015838664673175063
-0.007668509831104616 -0.013276825092592051
-0.006878589291016392 -0.00462222936699688
-0.007994571918585507 0.011953074429051707
-0.008217497485582094 0.023315355398116883
