16
-0.015864038840923383 0.005338706898137346
-0.012927109069161264 -0.001030848272260873
-0.006581675184758597 -0.012390354673247646
-0.0016768107568352136 -0.01965591645350409
-0.013429921910346988 0.003404605240947496
-0.010276866474492627 -0.0020874127030279604
-0.0046350945650780895 -0.011603289889937213
-0.0007271946571924152 -0.016983935085328083
-0.010339183003772439 0.005066110109305812
-0.0067247948912095646 -0.0018432985003465742
-0.0013627432763815284 -0.011555411572789318
0.0019236567971755093 -0.016196448199990335
-0.00910702424649391 0.008207868186712661
-0.004484789983982451 -0.0006891554117943508
0.0012697378657604353 -0.01183937407871738
0.00439461192675487 -0.01636783656732093
