16
0.006351834357001476 0.013496691851925601
0.008741224907219418 0.012218567336768783
0.010831253443340697 0.010555733387424694
0.012597438629096304 0.008404668006400091
0.005366325306242346 0.010044336031425578
0.007799356107808307 0.01005393174265857
0.00983495152846353 0.00948122364620977
0.011201908526570721 0.007693977031570254
0.00451027755308284 0.0016873773241737225
0.007298967853125416 0.005755628313006169
0.00962458398226343 0.008048208132235292
0.010521743832680931 0.007164222075537727
0.004888019028223615 -0.0028305295963934347
0.007543781609284893 0.0036755976376274114
0.009372069424230824 0.008690995301457843
0.009737523692399665 0.010437945605055074
