11 1.4937845436894958e-06
19 1.818285343943784e-06
20 3.333751748981348e-06
30 6.085175070332464e-06
31 3.460585275841139e-07
33 6.1311447208280374e-06
36 4.6605281199750075e-06
37 1.5743354541216137e-05
39 2.209402723896933e-06
40 2.4657289867290936e-06
43 1.5353516042119856e-06
44 3.4950699246277848e-06
47 5.2478011207214914e-06
49 2.1108029023537014e-06
51 2.352223056653868e-06
56 2.6454729308718976e-07
59 1.368784183891749e-07
94 1.8143572209453095e-06
113 3.0272974043553436e-07
115 6.352725166316848e-07
129 1.8960842940286718e-06
130 2.14346821734981e-06
131 4.6665154170039655e-07
136 3.147931081579736e-07
141 2.364079036076983e-06
167 4.201856336773348e-08
170 3.5124435208275587e-06
171 6.945842883414535e-07
178 6.363613293014848e-07
179 2.8004710168622765e-07
186 9.576463569839704e-07
187 2.720080186223748e-07
196 2.5998052720522667e-06
206 8.334084888290244e-07
219 4.070496661147424e-06
222 2.3931288052188075e-06
223 4.3246865005911155e-06
224 1.0517159883346508e-05
227 1.0829546318092558e-06
228 3.5742635221422527e-06
229 2.594861347906053e-07
230 2.5914257861629514e-06
231 2.760911675989275e-06
236 3.307590523712231e-07
237 2.170887482872089e-06
249 6.074120272544634e-07
251 4.201693401366384e-06
255 9.740099896302396e-07
284 2.0348616094827166e-06
293 1.5605617950288982e-06
296 1.1249623798714985e-06
299 6.276652655100818e-07
304 1.8206072197996146e-06
305 1.9238978111380805e-06
317 7.576091417453772e-06
318 1.0315273189829007e-05
320 3.658484600542562e-07
321 8.340093700745591e-06
322 1.7446427028361061e-06
323 5.603093445819549e-07
324 8.677308862793108e-06
325 6.885647251062983e-06
330 1.5308776119648694e-06
331 3.348677712631952e-06
333 1.7015277326398525e-07
334 3.990859034282743e-06
335 4.3960564489240745e-06
336 7.715934740540806e-07
340 2.1165573369600278e-05
341 4.653213415070426e-06
353 1.4117189962694512e-06
354 1.6216454933716762e-06
355 9.244503120410857e-06
358 2.668734902147067e-06
366 1.7802238025515036e-06
373 4.07086412179795e-07
377 7.306912604111302e-07
378 1.2492438897408878e-06
380 2.175293327476299e-06
381 9.108134921578343e-07
390 7.893199349208994e-06
414 5.522896354720928e-06
416 3.057074577186858e-06
432 5.466268160150129e-07
440 5.898324938921175e-06
441 5.613989057078529e-06
450 2.2253819362055245e-06
460 6.657375860010714e-07
464 1.6413678608944212e-06
467 4.8565342294774644e-05
468 7.431463624010676e-06
473 5.878351096944518e-06
475 1.1864524046249786e-05
490 5.436092759519731e-06
495 2.7884563573572805e-05
496 5.107881220899931e-06
498 1.035366215201281e-05
500 3.417478258854221e-06
501 9.505356864151522e-05
502 4.702497784353026e-06
508 1.3083747937924118e-05
509 5.0150713330890695e-06
521 1.0264184690313015e-06
538 3.866122472006216e-06
543 1.509997685381644e-05
545 5.755050924102347e-07
546 1.1965273012929488e-06
550 2.517649980226231e-06
555 5.668410497269882e-07
557 7.722105773005408e-07
560 1.6563433075053703e-06
567 4.676351222697397e-06
570 7.000852418772923e-07
571 2.3161498963079635e-07
572 2.963698118071141e-08
576 4.20063172785594e-06
577 3.907939288819397e-06
579 6.97196685179934e-07
580 2.779626567615595e-06
581 1.3211654171048677e-06
582 1.808117716765059e-05
583 1.2250322146905956e-05
584 2.642938227103526e-06
585 2.6252055545472365e-06
586 3.3890599286670726e-05
587 1.595403125745474e-05
589 1.384420117137546e-05
590 1.1836492967108593e-05
592 5.798484930664371e-06
594 8.54763378922136e-06
596 1.6509862383861411e-06
604 2.3009639589290715e-06
608 6.425245885056385e-07
613 2.165283534168909e-05
624 1.1013941432149645e-06
634 3.9751679658493517e-07
650 1.5289536073388465e-06
652 1.5195038235186137e-07
653 3.890678049182057e-06
656 1.0371600157695736e-06
658 2.4761028248630766e-06
660 5.406173155341315e-05
661 7.633389297099844e-06
662 9.099231339778408e-06
663 3.3804973641817197e-06
664 4.6639173540037027e-07
666 4.059547957981355e-06
668 6.980587130904545e-06
670 2.1160368534218446e-05
671 5.91021708157083e-06
673 2.6519805279885086e-06
674 6.150378669882057e-06
676 5.043445736802529e-06
677 3.0924847612431503e-06
678 3.059185939422936e-07
683 2.1106528979609768e-06
684 2.9085929117218827e-07
685 1.7733408828160346e-06
688 3.159640030470936e-08
689 7.567795880460814e-07
690 1.7441693015586755e-06
691 3.6399056343143665e-06
692 7.114700936616489e-07
693 3.002417193140715e-06
694 1.641746603494228e-07
695 1.4885236644667538e-06
696 1.397733495957863e-05
697 6.524428085765544e-07
698 2.077506175173317e-06
700 2.135523199456434e-06
703 7.988082194793214e-07
704 2.7164539405454964e-06
708 9.064478189764093e-07
716 5.602682832679665e-07
