0 0.00021004655003383564
3 0.00014395216647114514
42 9.704153986185938e-05
48 5.840954417197603e-06
149 1.5676406590821704e-05
158 4.0775844167529055e-06
243 4.6346971300730214e-05
484 0.00010630521369308031
665 1.2189569031010048e-05
1 0.00010323851462310283
6 3.115837575506534e-06
21 4.1921759824722876e-06
27 1.3938853674538892e-05
34 4.5862977195346995e-05
38 6.108113584413399e-05
69 2.0405955129156178e-05
70 6.000194778239044e-07
74 9.202862173136428e-07
151 5.309958614218113e-07
152 3.8722079386370236e-06
153 0.00010241038488240031
160 4.449871418005739e-06
165 5.412750218216739e-06
221 7.20432699316601e-05
225 5.015681424765357e-05
283 5.734551235892931e-06
379 2.2984322872425592e-05
393 3.8570785433913196e-07
405 8.45747893837045e-05
408 1.2523123729302036e-06
409 3.823049327036689e-05
411 3.9554602180216237e-07
431 5.550789087351399e-06
446 6.831825265294439e-05
455 4.16156311555532e-05
497 7.738213677869389e-05
512 1.693627001795695e-05
515 4.084142304047511e-06
524 3.1026260706319486e-05
528 5.309632275054951e-06
544 4.00736396535602e-05
556 8.240785155380359e-06
566 2.3007312334587167e-05
607 0.00013339743920650165
609 1.1322671215538042e-05
641 1.006344975551267e-05
667 1.3740359979372961e-05
12 1.013945522421357e-05
16 3.472465024039732e-07
23 3.178242556832274e-07
26 4.2262492251018464e-07
28 3.61934672682905e-05
29 0.00017698755530875076
45 1.9233877202187578e-08
52 7.410637018336405e-07
55 6.233723457714355e-07
57 4.5644504606124386e-08
58 7.2243759749457e-07
60 4.829519568651036e-07
61 6.861377668856906e-08
65 1.9639430471136485e-06
68 6.288661727021303e-08
72 4.0631776805859107e-07
75 4.985602010467404e-07
81 7.315782331382838e-07
82 1.9444917332285454e-07
84 5.090072425318063e-07
85 2.778284760776187e-07
86 4.166077647420988e-08
89 4.174230091652104e-07
90 5.594426398079105e-08
91 8.943180616349527e-08
92 1.0977272031259468e-07
95 3.61199438276574e-08
97 6.356020870252282e-08
98 5.8262506254936216e-08
102 9.246152790814405e-08
103 3.300005379415512e-08
105 5.121445383801717e-06
106 1.9542102451407833e-06
117 8.422866972423502e-07
124 1.003459930353917e-06
125 5.043169961676039e-06
145 1.0096594993452031e-05
148 4.673927298082727e-08
154 6.512514727906564e-07
155 2.104129314381114e-05
157 1.3065067179992886e-06
175 2.484980171808524e-08
177 7.6830801845929e-08
181 6.485075163156036e-08
185 5.977178921255303e-08
189 6.759757520132062e-08
190 7.43485631334837e-07
193 5.02395854146889e-09
195 3.457207014662648e-08
199 7.266156431526758e-07
201 4.522161970429076e-06
202 1.251357499752635e-05
203 2.096197926848856e-07
207 1.72846619634851e-07
208 1.69534129869699e-07
220 3.3368496455519575e-07
244 1.0629495276363943e-07
246 1.3797648346644818e-07
252 3.668734911396018e-05
265 6.907034206768518e-08
266 2.8375166345124316e-08
269 2.891946692496297e-06
272 4.0748189266966904e-08
273 1.0261089045671137e-06
281 1.3624129978878216e-07
285 6.287964281805411e-06
295 2.8076308577754607e-07
297 2.520843360057423e-05
298 1.9563909383903078e-07
300 3.077090581604439e-05
308 9.800020349923138e-05
309 1.628275572656157e-06
311 1.545229271098406e-05
313 4.094712076405262e-05
315 5.019059618281463e-06
316 3.3642843854936995e-07
326 1.8125848041067242e-06
338 1.3083730536244258e-07
359 1.134990773482897e-05
362 8.551296506937576e-09
370 3.363903141617779e-05
382 1.6842343188818345e-07
383 1.596518126817337e-09
384 2.4384575324087224e-07
387 2.5760121142888124e-07
388 3.823554788148211e-07
389 1.1526577913993888e-07
391 4.343905812457272e-07
396 3.4559122918543486e-07
398 2.2892502139365643e-07
399 2.398153533508648e-07
401 2.0299940059984393e-07
402 2.741878352329748e-07
403 2.942478658341786e-07
406 8.79287708304206e-06
407 6.539358626645674e-06
410 2.2335765399663526e-07
413 5.773403393680656e-05
419 2.2900467222645387e-07
430 4.772381114831754e-07
433 5.576176661738585e-07
436 3.3084696991792637e-07
438 1.8660597980560461e-06
439 2.6507276623957216e-06
445 8.297808034895557e-07
449 1.0462585727749042e-06
451 2.6802667361861203e-06
453 2.371074838433216e-07
456 4.405629151109349e-07
458 2.5016010042982137e-07
461 7.705731429756176e-07
463 2.8950797386843637e-07
466 2.95762191670067e-07
470 3.4409655036078383e-07
476 1.7475217815568594e-07
477 6.282462815148305e-08
479 1.2384743450156837e-09
487 6.099492746890073e-07
489 0.0003388651600272811
506 4.177746336003849e-06
511 4.3447020760188203e-07
513 9.540333229523488e-07
516 3.0376225885504644e-06
520 2.861821535900492e-07
525 3.744575372747134e-07
527 9.329099719832765e-07
529 2.560944427461437e-07
532 5.489627656669462e-07
535 1.7479518649017158e-06
536 3.5560783780751127e-07
542 2.254815986745887e-07
549 0.00010743283489840488
551 8.363715223404626e-07
553 1.3122496843494788e-05
569 1.3167487658469976e-06
597 1.181993147370004e-06
600 2.339440901822528e-07
601 3.411751833757554e-07
603 9.937187177804094e-06
606 5.56167811737335e-07
611 1.1657928935152678e-06
612 3.3564045995070764e-07
617 3.264571234596519e-07
619 4.291093536743922e-07
627 4.217477085687045e-07
630 4.2500818686446007e-07
631 3.324343756597932e-07
632 3.247217740057904e-07
644 6.020365668724236e-07
645 3.372320192580653e-07
648 5.290840178940414e-07
651 2.8657437335853013e-07
654 6.678502611630934e-05
687 2.860070996254554e-08
699 4.4233247898392955e-08
710 2.0525799597362625e-06
711 5.892780717412566e-07
712 2.7195867910718517e-07
714 2.44593125094043e-06
715 4.155105095814313e-08
552 2.364413820517512e-06
482 1.0480730666552862e-05
2 1.0901398027807955e-07
4 3.0259405177731434e-07
7 2.986818301378964e-07
8 3.1057762319062135e-07
10 0.00015478198192022852
13 1.224985982293734e-07
14 1.2240172950103188e-07
15 2.7025556411577505e-07
18 1.2357310159442317e-06
22 3.3219342932607254e-07
24 3.474897412665208e-07
50 1.9942907783012896e-08
53 4.690509599506669e-08
54 6.183342437012902e-08
62 2.6272835398762975e-07
63 8.503297457452996e-08
64 2.032639639148463e-07
66 2.8347875560875773e-09
67 3.093119873270767e-07
71 1.7386958715113537e-07
76 4.401616546665223e-08
77 4.40161654666522e-08
78 2.938357038344911e-07
79 1.7465655053910096e-07
83 3.2328521968281825e-09
87 0.00016355467001861963
93 1.2690202995652949e-07
99 6.881501689303135e-08
100 2.0724777875223113e-09
101 3.8918663477910575e-08
104 8.461603375187954e-08
107 5.073636027573732e-09
108 9.104779863821867e-09
109 6.50731226241361e-07
110 9.911937798798018e-07
111 2.985847568637138e-08
112 4.733844126708387e-09
118 1.1545027563219997e-08
119 1.705206806263522e-08
121 3.6043537277950165e-08
126 5.99820274319484e-08
127 2.1156486422464705e-07
132 9.412073581893483e-08
133 1.2724570242690257e-09
134 5.154424487850597e-09
137 2.1841725237065152e-09
138 4.698578810985154e-09
140 3.0763627005244745e-10
142 1.7130667054337455e-09
144 1.4829970265416477e-10
146 6.699266057259611e-11
150 1.8944732274929864e-08
156 1.4560009608206763e-07
163 2.574988191309328e-05
166 5.552603659366183e-07
169 3.4429357795063537e-06
172 9.708592916781183e-06
173 8.570298326782316e-07
174 6.164571058501938e-07
180 1.9005633603520385e-08
182 6.976077243576156e-09
194 1.8153607696471609e-09
197 1.651423885954238e-07
198 5.293834227593113e-08
200 3.864825614057208e-08
204 6.456190659643241e-08
205 1.512198266676915e-07
209 9.217645600745745e-08
210 4.3802318177967736e-08
212 6.669891102759211e-08
213 4.96982201525068e-08
214 1.4902644925876567e-08
215 3.291253562617822e-09
216 1.0371696695783465e-07
217 5.6394632690447814e-08
218 2.462749611924551e-09
232 2.011857562768058e-08
233 9.327452861512653e-09
235 1.2520155365661659e-08
238 1.7727248896978133e-08
239 1.6360901875096682e-08
240 1.924779187698221e-09
241 4.6470682981595656e-08
242 6.537258493219223e-09
247 3.412970280229645e-05
254 6.532362899587715e-08
256 1.1238165136957243e-06
259 2.812323873728357e-07
260 6.237971644377713e-08
261 1.9353546492546995e-08
262 5.0058629952286025e-08
263 5.6382615623301035e-08
264 1.7964721731408555e-07
267 2.2952992545844242e-08
268 3.772732821737547e-08
270 7.855526857152468e-08
271 3.2130619282136265e-08
274 3.6660124388998774e-08
275 4.621563017284165e-08
278 4.957629652802666e-09
279 1.2795900350412214e-07
280 1.1921600307255188e-07
282 5.150264140376966e-08
286 3.026992688572099e-06
287 7.920938860426843e-08
288 3.4484140343886717e-09
289 2.0519535963067958e-05
290 3.7260032117975173e-08
291 3.9468284901510954e-08
294 5.116755657767746e-08
301 5.2561434308104174e-08
303 4.843646007521456e-08
307 1.4742253694535412e-07
310 1.65150797411096e-07
319 3.1930629475227973e-07
337 4.940662636278697e-08
339 4.176907961188269e-11
343 1.0433536054252587e-05
344 2.139747118222442e-08
345 2.8488415491047863e-08
346 2.3912110400634856e-08
347 4.718213311319782e-08
348 2.0698900480218606e-09
349 4.329028134077541e-08
351 9.523424451323429e-09
361 1.065050715783846e-07
367 6.304192427512881e-08
368 3.926260793576265e-11
369 2.8572663696055583e-07
371 1.0639043252791566e-07
385 1.5815775508768235e-07
386 1.0322435041654691e-07
392 8.669187423835676e-08
394 5.349388543239872e-09
395 9.281550175755612e-10
397 3.4828769654931244e-08
400 4.371664582190821e-09
404 8.0069612600407e-08
415 2.0356396532309158e-08
418 4.882571431943069e-10
421 2.0590978032936775e-09
422 3.6811740492748158e-09
424 2.78943654619928e-09
425 1.7274624082753978e-09
427 4.452407621496819e-10
428 1.7770188367054804e-09
437 1.8332343729863296e-07
442 2.60619056623488e-07
443 5.190814388904249e-06
447 2.76824784365415e-07
448 2.540042664657991e-07
452 2.8025510124429453e-07
454 2.867477605526552e-07
457 2.5792555702666147e-09
459 4.220621579609711e-08
462 3.914731273168868e-07
465 1.166105951182686e-07
474 1.6978935202300186e-07
481 0.00013516455365554706
492 5.429640065968704e-07
507 4.17828002975888e-07
510 5.701526646838531e-07
517 1.733984162879769e-08
519 1.4291892282045313e-07
522 2.963079157187642e-07
526 1.3599792958311027e-06
530 1.1184057348170385e-06
531 1.3293514299535784e-07
534 1.8976582964526234e-07
537 2.865662122136264e-07
540 3.381165277310734e-07
541 1.3477067303379763e-07
563 1.0775402051940335e-07
598 2.3063258680190846e-07
599 3.84428533940989e-07
602 1.9827690649965147e-07
605 3.1843332684433173e-07
610 3.057536945884682e-07
614 3.2977189531026834e-07
615 2.9582343226534924e-07
616 2.4167661912203854e-07
618 2.507734853953978e-07
620 2.388458323033629e-07
621 1.9675478721514138e-07
622 3.245621767989105e-07
623 2.6388119898581263e-07
625 3.7781473123535496e-07
626 3.244171128667134e-07
628 1.7424314275053458e-07
629 2.6850510219868543e-07
633 2.939590645842308e-07
635 2.691678429625437e-07
636 2.7128320174485033e-07
637 3.500570327528594e-07
638 2.7009153917515554e-07
639 2.776253106295779e-07
640 3.2477375080943883e-07
642 2.7446208787083403e-07
643 2.448254807198194e-07
646 3.469270999876588e-07
647 3.195046969500288e-07
649 5.22412442027869e-07
659 2.9614869270858387e-05
681 9.691532332397732e-08
709 1.542194733611348e-10
713 2.608601499271268e-07
718 5.982037280977826e-10
719 2.8305198390850772e-08
720 2.3064077609457618e-08
116 4.747331194324208e-07
356 2.2756737485260013e-06
420 8.487365801865778e-09
352 1.7748767651690807e-05
164 1.7311329248907634e-06
168 3.8055469059134984e-06
547 5.02327346204336e-06
17 7.016166729824486e-06
25 3.2791925014501455e-07
41 2.9129918926806025e-05
114 2.293587763794987e-06
122 4.999923854049738e-06
128 1.7658137320895118e-06
135 1.5659748450582215e-07
139 3.5184202525589394e-07
159 2.7733973462205486e-06
161 4.559448358989654e-05
176 1.6986014781121361e-06
183 2.274933077249823e-06
188 2.566938188718059e-05
226 8.178245750190348e-07
234 2.1848413716674485e-06
250 1.8924978252347841e-06
253 2.8967103127090433e-07
257 1.6409671393226187e-06
276 7.816681960313855e-07
302 1.2329309450008148e-06
306 3.2815498616765254e-06
328 1.4019748035964682e-05
329 2.2405393815451166e-05
350 5.415681560571858e-07
363 2.0972224658147847e-05
364 2.3859545585735325e-05
365 8.3805368794367e-06
375 2.795992397455671e-06
412 1.1003130723767016e-05
423 1.444475907757331e-06
435 4.424181762016434e-07
472 6.465633592109663e-06
480 8.922748245734636e-05
483 1.2289792913701601e-05
485 0.00012624114016893915
486 0.00032857188642403123
488 6.508829895931763e-05
491 7.08140645717631e-05
499 0.00045123152067318834
514 3.4676827796727663e-06
533 1.5522642430830654e-07
548 2.1304968353031043e-05
554 8.930921686629254e-06
559 3.382501470495215e-07
561 1.1593879240221818e-07
564 3.304316579692686e-05
565 2.3918996598492823e-06
568 3.1397301475312714e-07
575 1.4962471160202231e-06
593 6.7981940397918035e-06
669 2.2730760818370433e-06
679 1.008140595168735e-06
680 3.3332340089991044e-06
682 5.645118380787485e-07
706 3.2711861057978995e-06
573 4.602808056057483e-05
35 9.164334200872613e-07
5 6.867541402972851e-05
73 5.104827415417401e-05
80 3.689544853797267e-06
96 2.9827116974005475e-05
120 5.008870020359887e-06
143 6.563054445261785e-08
184 3.5812434928639502e-06
191 3.850153594278728e-06
211 5.445056329707676e-06
292 5.73074185736817e-06
312 2.085796200222754e-05
332 2.2370335319909546e-05
342 6.9107921151587995e-06
357 3.6001420698523465e-06
360 4.13987855504445e-05
372 6.765032973222403e-05
374 3.2379413468661554e-06
429 2.8879970206491346e-06
434 2.355289247153695e-05
493 9.05375588296178e-06
504 1.81647796632177e-06
518 1.2921459106840792e-05
523 1.8467245352082948e-05
539 3.6049827169435574e-07
574 7.860323841152337e-05
595 6.685312299532439e-07
701 1.2099763096473262e-05
9 2.3170363238765364e-05
32 7.834224643935129e-06
46 4.3861070739441376e-05
123 2.2659546037803504e-06
245 1.9974707632721434e-05
327 2.0283031868883318e-05
376 5.875457004202341e-05
417 8.822930493264575e-07
562 2.3938549666531214e-05
591 2.068805687063954e-06
702 1.6768031528919305e-06
707 2.233850191715711e-06
192 1.1628760397782252e-05
505 6.68177706631828e-05
558 3.873343624570598e-06
578 7.197900121496275e-05
588 2.2727302889942672e-06
655 6.728612066620192e-05
705 2.844228672886242e-06
426 9.765962912907456e-06
494 1.1804040809507267e-05
672 0.00010032448947313379
88 4.943597648237962e-05
471 2.253554320068843e-05
248 2.358892407294151e-06
444 2.9766134528543395e-05
258 5.0931756033539203e-05
314 9.916487892332805e-06
469 1.617927978542524e-05
478 1.197470188378304e-05
686 4.386740051486835e-06
717 1.8306939705552867e-06
147 2.5634205315212194e-07
162 2.3798268915924596e-06
277 1.0007255434124294e-05
503 3.43317274418422e-05
657 1.593733913927554e-05
675 3.2188050084209835e-05
