221 6.828832705110413e-05
283 5.42038478152558e-06
306 3.0812854475022735e-06
407 5.83794727988684e-06
564 3.246352365799384e-05
17 6.8078926413491855e-06
412 1.0612848903286847e-05
486 0.000321158550415892
565 2.2687322605794596e-06
176 1.3954911021029701e-06
357 3.4200699966021452e-06
488 6.370633122369465e-05
276 5.029621834293479e-07
302 1.0902742460279128e-06
679 7.383753173573683e-07
595 6.393100772875921e-07
128 1.2290797371024443e-06
472 5.832886634393315e-06
480 8.803944222551166e-05
533 5.499226153671875e-08
120 4.679638711661786e-06
342 6.2937525291887145e-06
423 1.2100833635359433e-06
297 2.3172684141929995e-05
343 9.266727856820633e-06
374 2.992829148767467e-06
485 0.00012351430842198172
493 8.546565386861829e-06
539 1.9299831817014876e-07
518 1.209904265362262e-05
143 7.166124731648169e-09
429 2.480554270888774e-06
659 2.7441797396445593e-05
413 5.448803853209214e-05
80 3.3293702930607195e-06
504 1.7052249779362658e-06
35 8.196299626524377e-07
292 4.238001831802899e-06
332 2.1033779270986454e-05
446 6.046712488836845e-05
122 3.0485982393304377e-06
372 6.402255901756868e-05
554 6.42105436154078e-06
701 1.0611676578408615e-05
329 2.0196909949681707e-05
574 7.474968347980152e-05
191 2.8560531093633493e-06
591 1.931712087717715e-06
96 2.747871643937468e-05
184 2.1824325764865608e-06
549 0.0001012683030471813
32 7.26825917328985e-06
41 2.7394361534189304e-05
417 6.66891926076407e-07
245 1.8785029109769337e-05
211 4.162240421255545e-06
73 4.688373396136217e-05
87 0.0001537283904387924
123 9.203678036007276e-07
360 3.746469894509204e-05
523 1.587506667963287e-05
312 1.850964099838409e-05
434 2.055947422974899e-05
562 2.158287647439674e-05
702 8.8933751820999e-07
588 2.013849168953332e-06
707 1.5399791114609024e-06
494 1.0848882081555847e-05
327 1.682037335990385e-05
9 2.1533493816786875e-05
376 5.399187743603837e-05
147 1.19713211921126e-07
162 1.9330232264298317e-06
46 4.141325397922023e-05
192 9.603443671888754e-06
558 2.5450803774970947e-06
578 6.762559608291013e-05
717 1.4824092761650185e-06
426 8.592101237833805e-06
705 8.902301213390012e-07
248 1.207979208563643e-06
686 4.05679915365421e-06
