328 1.355397161275735e-05
435 3.9188655589880714e-07
593 6.606795903669365e-06
234 1.9854104388417915e-06
25 2.874161135199836e-07
547 4.8891136214474e-06
257 1.5467553887971208e-06
5 6.529251395809545e-05
515 3.497125768473113e-06
253 2.542200994803111e-07
706 3.0523345107166348e-06
455 4.033455271550861e-05
163 2.4866157704234663e-05
289 1.979098546165383e-05
559 2.6784979543965336e-07
489 0.00033058279605545636
124 8.445104983384951e-07
285 6.065664666836671e-06
65 1.677021306445763e-06
226 7.099463271426352e-07
183 2.0231802855548776e-06
364 2.3203259326824434e-05
561 6.742508791463483e-08
308 9.718469983236212e-05
114 2.1822596469427436e-06
375 2.6578615433405762e-06
682 5.36678597503787e-07
117 7.472364387234154e-07
512 1.2660956032744086e-05
116 4.1187554649732904e-07
326 1.6781314351703977e-06
370 3.267482469819851e-05
300 2.9607862308908943e-05
568 2.9617115377924616e-07
139 3.1486792375172337e-07
356 2.157745285492821e-06
497 7.469170222927642e-05
199 5.317719485177555e-07
135 1.2694390207738656e-07
250 1.8057829408164812e-06
553 1.265009004229075e-05
569 1.138546639910533e-06
431 4.872525730740805e-06
201 4.2763915430037724e-06
6 2.9179475379003473e-06
188 2.5004775163346312e-05
359 1.0936752531892964e-05
350 5.057716400558929e-07
60 3.862719849511268e-07
514 3.559178963318232e-06
315 5.092364200287955e-06
125 4.879249530292707e-06
575 1.45610221449152e-06
38 5.829749536563782e-05
168 3.6284184992898777e-06
153 9.748795366627953e-05
164 1.6464149107459867e-06
86 4.934706181398711e-08
161 4.429966923502679e-05
185 9.648557438563212e-08
189 4.101692063157496e-08
362 8.152220355121963e-09
420 7.896778421648149e-09
445 7.906418437354683e-07
548 2.0755135267004605e-05
680 3.260511715464115e-06
27 1.2850380851041981e-05
154 6.296395949698651e-07
313 3.960647598019765e-05
409 3.5323414563051484e-05
481 0.00013157229498075967
556 7.435355168810908e-06
573 4.361714802397034e-05
641 9.565263790661973e-06
10 0.00014798892163443966
28 3.5101519854392296e-05
89 5.087404251764396e-07
105 4.9032046738578735e-06
155 2.0289459526799887e-05
169 3.340776235496563e-06
405 8.174215886674801e-05
609 1.07402612301357e-05
177 7.47950616671818e-08
419 2.0572185025754636e-07
483 1.1821122851357374e-05
491 6.929086932937145e-05
499 0.0004389030539737948
