160 4.309225527617917e-06
243 4.3050581674547026e-05
21 4.102288048813515e-06
667 1.3309602926899193e-05
145 9.776844997721108e-06
544 3.8549638327255284e-05
48 5.661659167984741e-06
1 9.965179095432279e-05
42 9.32856721829099e-05
3 0.00013942965533588394
252 3.5628954649838834e-05
34 4.362343795038612e-05
0 0.00020226894765214794
379 2.2171012644749e-05
149 1.5062682338819999e-05
247 3.379854707299325e-05
29 0.00017118126644526934
352 1.7283671482573846e-05
158 3.82095945695869e-06
552 2.301180651043888e-06
665 1.1627955037476927e-05
484 0.00010060809528704609
482 1.0159480718463953e-05
2 6.082598609084242e-08
8 8.679738477443761e-08
14 2.14099081283291e-08
22 1.1349823724503361e-07
24 1.304932251790649e-07
50 8.275261280776947e-10
53 1.8836356090817005e-08
55 2.645502608797133e-07
62 1.8959487595359252e-07
64 1.3761663773301142e-07
67 6.265758309137848e-08
69 1.835843458222039e-05
76 2.661522514478701e-09
78 1.3524012034900693e-07
83 3.4030293762552674e-10
104 3.8009261815631146e-08
108 1.7414921048994095e-10
111 2.0823082016648774e-08
118 1.3509020940263297e-09
121 2.9140264000413104e-09
127 1.8595624325351448e-07
133 6.842391842499437e-11
137 2.02413196155216e-10
156 3.8934591232944426e-08
165 5.140652653210647e-06
172 9.399052364727581e-06
190 6.991228135716917e-07
194 2.514679819382778e-10
200 1.5457100844177453e-08
204 1.1463598922398205e-08
209 1.71188463253358e-08
212 7.933403772862638e-09
214 5.833978831861403e-09
216 4.8367224796004596e-08
218 2.948699352292849e-10
225 4.743503635478012e-05
233 4.072611101798958e-10
238 2.055339363465393e-09
260 1.646365014280376e-08
262 1.3532783868042676e-08
264 1.3493564934741626e-07
268 8.2349261221583e-09
270 2.8265169776434938e-08
274 5.896570548220299e-09
280 5.537141370007887e-08
282 7.623789985909288e-09
288 1.8785606767441384e-10
291 5.873492825235002e-09
301 1.1314592130071478e-08
307 6.329911664063333e-08
310 2.1373358182962158e-08
319 8.475763488424768e-08
345 9.100159222349196e-09
347 1.0945424872242821e-08
349 1.654697069295231e-08
385 2.5512240665390733e-08
387 2.285887518453528e-08
389 1.0733783200179163e-08
392 1.2460205945812885e-08
398 8.801186519913539e-08
400 2.1303396610522305e-10
402 2.0354376921830667e-08
404 1.1382312193376471e-08
411 2.370300122921657e-08
415 1.534035293194996e-09
436 6.115979318283802e-08
438 1.2782208379220294e-06
442 7.721022793042595e-08
447 5.730839085847258e-08
452 1.0829078034596752e-07
454 9.200372658562907e-08
474 4.3037284688037393e-08
517 5.095432129801074e-09
520 1.0508331966898486e-07
524 2.8766275130709524e-05
526 1.0748693512889843e-06
532 1.6930592860051512e-07
537 6.236182059723971e-08
541 2.8375103244023e-08
598 7.321671479337077e-08
600 4.791974896839728e-09
605 7.3779299276045e-08
607 0.00012847851814054654
610 9.436293240847568e-08
612 5.973558548745985e-08
615 3.7124441579428406e-08
617 5.679285896928598e-08
619 9.490763204503078e-08
621 3.072968619360178e-08
623 8.467758944792319e-08
626 1.332194831005562e-07
628 4.498547057122228e-08
630 7.756954321017648e-08
632 7.007675948642369e-08
635 6.728109590257829e-08
637 5.454837544343289e-08
639 6.514726610802042e-08
643 4.372729164684198e-08
645 3.0793121076488e-08
647 4.718206396977371e-08
649 2.7505229493081343e-07
681 1.4699836829860358e-08
714 2.0662590860304924e-06
718 4.088076920283199e-11
720 4.756928003139865e-09
7 6.275075611894564e-08
13 2.344586444611083e-08
15 9.369289474170068e-08
23 2.5434393711531757e-08
26 9.753593969342862e-08
52 3.3020290307264644e-07
54 1.049985950912748e-08
57 9.820143599393669e-09
61 2.9585933637651402e-08
63 2.3022416382555406e-08
66 2.15837635636501e-10
75 1.035184567868385e-07
77 2.6615225144786945e-09
79 4.0193295171511194e-08
93 7.121600019262799e-08
99 1.3796087476232902e-08
101 2.2398983466038248e-08
107 1.0382774932501531e-09
112 2.781048075951661e-09
119 9.49047089769363e-09
126 2.3853581897527187e-08
132 4.424932354103838e-08
134 7.955733818282914e-10
138 6.016337490258603e-10
142 7.635684284825349e-11
150 3.7156534828491482e-09
157 1.2306019403666384e-06
180 2.814801384255289e-09
198 1.2556541130888592e-08
205 5.226248383410015e-08
210 9.694025132608496e-09
213 3.117806820129293e-09
215 1.0012658715565644e-10
217 7.477621493492123e-09
232 4.9970818622832496e-09
235 1.3289355653337814e-09
239 7.502581743460112e-09
241 4.481732628898705e-08
254 1.705163400724239e-08
259 2.350101097343826e-07
261 1.2400527049710057e-08
263 1.2152358924956546e-08
267 9.526760317720281e-09
271 5.740205201095917e-09
275 8.135358585209185e-09
279 7.969747120329241e-08
287 2.1692704225004852e-08
290 7.893787167633698e-09
294 4.503844978471295e-09
303 9.905406898716056e-09
309 1.2829717785615747e-06
337 6.8713611013264835e-09
344 4.404715276395372e-09
346 4.187269341923318e-09
348 7.596901530991722e-11
351 1.4837822431290399e-09
367 3.946928681728203e-08
382 8.049717391760206e-09
384 3.714547623683305e-08
386 1.2410276747964958e-08
391 8.698868530912655e-08
397 3.3460981927150937e-09
399 1.4261323627406039e-07
403 4.062468576181763e-08
422 1.8053881582466942e-10
430 1.0761155285169904e-07
433 2.9855822977558723e-07
437 4.1225847066528954e-08
439 2.2355239390344846e-06
448 7.145269407127159e-08
459 7.981529881505585e-09
462 2.6713093950272417e-07
465 2.5605164603878603e-08
470 1.9783383693774898e-08
476 2.68271869739446e-08
487 1.7045623014310385e-07
507 2.794400307675008e-07
516 2.5730167723438107e-06
519 1.2111692734857442e-07
522 3.170878709387639e-08
527 6.438114751028502e-07
529 3.347022765862419e-08
531 8.794930678042902e-09
534 8.10209133448977e-08
540 8.177764320412162e-08
551 6.843644239140842e-07
563 3.16893798637665e-08
599 6.125040117913399e-08
601 4.5032818314350515e-08
603 9.247100472152814e-06
606 2.1707458782749675e-07
614 6.539447138926452e-08
616 3.826408901447495e-08
618 3.2302723424795105e-08
620 3.3916870949880154e-08
622 1.0003350287583217e-07
625 1.1416056953195547e-07
627 1.7206224385904316e-07
629 6.301512455153309e-08
631 4.769759127024402e-08
633 6.292612140227183e-08
636 1.0333855735671857e-07
638 6.794672414092914e-08
640 4.087052480551468e-08
642 3.753548092362733e-08
644 2.808465925705012e-07
646 1.0838723882929682e-07
648 1.9071493197145138e-07
651 3.7025403248576544e-08
711 1.3574669275512307e-07
713 6.112203459463853e-08
719 4.69199586641588e-09
12 9.325687022251893e-06
71 7.753276604790098e-08
85 9.853338814163173e-08
90 4.1654994316004616e-08
100 1.2750424394320564e-10
197 1.5371719924675873e-07
207 1.2509260004085774e-07
240 1.950422065222924e-10
242 5.3910280730367674e-09
256 1.066320749589852e-06
266 1.6238573135304878e-08
272 2.0236636091175428e-08
338 1.012232864083126e-07
361 8.247419326536531e-08
368 1.1830760037520241e-11
394 3.322255300428515e-09
424 1.8982680934305305e-09
458 1.102949837231959e-07
461 5.938535762852914e-07
463 7.770240626582043e-08
492 3.955014939643793e-07
510 4.1448019303267636e-07
530 1.0026567133508154e-06
602 5.984331509184256e-08
4 2.580746293101207e-07
82 1.4491358439713907e-07
103 1.7242610170627133e-08
109 6.260373194813394e-07
173 8.226038706852412e-07
182 7.291312836001306e-09
208 1.2668383348376524e-07
273 9.454709972759503e-07
281 1.1763718438223394e-07
316 2.3895542779234225e-07
395 7.457200090623606e-11
401 4.486338577629041e-08
410 5.016288035012245e-08
418 3.900845241860111e-10
425 1.7142552330138932e-09
453 7.928429983097301e-08
611 8.156555927943104e-07
709 3.000975703504181e-11
365 8.197984113920105e-06
220 2.9524155084328557e-07
18 1.207972929952859e-06
81 2.3731406076079714e-07
451 2.2396329830886784e-06
511 1.89146612849434e-07
536 1.1676360812319196e-07
98 5.6258133617207246e-08
371 1.1589099354672823e-07
265 5.0595560108256214e-08
528 4.260803250306423e-06
393 1.4529787126196126e-07
457 3.348126500310012e-09
95 3.6987893810411685e-08
396 1.0090832349643113e-07
427 1.4636433169332748e-09
506 4.044831003148239e-06
699 3.657547156766872e-08
369 2.820628087684956e-07
388 2.633805488466659e-07
525 2.4147676682724566e-07
597 1.1511342225416845e-06
669 2.2229816203055552e-06
443 5.240724463886772e-06
449 9.827912324843615e-07
16 1.7743128913800203e-07
58 4.495114742477697e-07
74 4.3353565818864263e-07
102 9.383008964858802e-08
144 2.179716312115772e-09
181 6.40069575339381e-08
278 1.3716546933244706e-08
466 1.7074561918075586e-07
477 6.684517774180612e-08
712 1.1683117723896105e-07
68 6.992748871538118e-08
298 2.013349078726799e-07
542 1.2737853207030425e-07
687 3.16931507877016e-08
110 9.75918192292224e-07
166 5.44004288740706e-07
92 1.4023325588493535e-07
140 1.541005242222944e-09
148 5.121711300267476e-08
151 2.0361118852328904e-07
175 3.346760259554547e-08
421 4.42953750379971e-09
456 2.647279599298285e-07
710 1.899472418010707e-06
70 2.669364128096623e-07
72 1.8275157671540465e-07
203 2.1935309345572364e-07
311 1.4939183081563494e-05
408 1.0236648873214133e-06
479 6.9521030663674846e-09
715 6.563325700745027e-08
286 2.995857286150194e-06
84 2.6966032927930437e-07
383 5.611701013473813e-09
406 8.381107003396373e-06
174 6.289016024196872e-07
566 2.1094768587956058e-05
202 1.2369166465391293e-05
295 2.914400988375866e-07
193 1.9694174304603484e-08
195 4.6617948559964095e-08
513 7.840748482153019e-07
146 2.85514470843948e-10
339 1.2752968252590174e-10
97 1.3145632706468188e-07
45 4.820719129234214e-08
159 2.7708007862045135e-06
428 7.559147571952976e-09
106 1.977330465357087e-06
246 1.9022483527837649e-07
91 1.9141990961705018e-07
269 2.875805531516088e-06
535 2.0740113951219633e-06
152 3.368907471746972e-06
363 2.055305833665407e-05
244 2.119815506440099e-07
