277 3.463090576948125e-06
657 9.29531222240924e-06
672 9.375796990822866e-05
314 7.91965184492793e-06
444 2.2320518231141278e-05
471 1.799086429163812e-05
505 6.286675324982673e-05
654 5.835248921894034e-05
88 4.22363196026547e-05
178 3.573970256984452e-07
229 1.8106461970263364e-07
231 2.0790875679486147e-06
258 4.7405783672702e-05
304 1.4939548841840847e-06
321 7.0430639674900185e-06
341 3.972242741558173e-06
355 7.5355302525315565e-06
440 4.811726490735464e-06
469 1.4475319234363854e-05
508 7.268177143408495e-06
608 5.283426411310054e-07
655 5.9409552422232124e-05
683 1.774445184203611e-06
696 9.6402377994787e-06
47 4.89293744170645e-06
141 1.5937029525018274e-06
206 6.551578978894124e-07
249 3.5653741164543367e-07
299 4.156736988729366e-07
390 6.711315087251828e-06
473 5.404072075631145e-06
478 1.0443912214506994e-05
496 4.48066980130212e-06
503 3.209667158987861e-05
675 2.9971228183309295e-05
693 2.8122393101789404e-06
695 1.0563064084055049e-06
44 3.2439973610437025e-06
49 1.938282611232981e-06
56 1.309790776030667e-07
130 1.0859136518637556e-06
236 2.3188721650336014e-07
318 5.757863279786844e-06
333 5.4393424734513195e-08
335 4.0288619348572785e-06
467 4.534307292662474e-05
653 2.2498397509648455e-06
20 3.1586156758983194e-06
129 1.5298301184726786e-06
131 2.997030371001e-07
196 1.071563768961525e-06
228 2.8050105216688255e-06
230 2.2032324709884842e-06
284 1.8454836091607915e-06
320 3.217722083790651e-07
509 4.067694045304944e-06
589 1.0190364494209631e-05
652 8.451555686523746e-08
658 1.8475194574009113e-06
660 5.018689210435867e-05
708 7.323927704313144e-07
222 1.6531229766903206e-06
224 9.62410947181082e-06
255 3.833260510052589e-07
381 8.457107394225135e-07
475 1.1036946172670336e-05
586 3.2091707712179145e-05
694 1.0090265347806064e-07
698 1.9322741242321873e-06
716 4.925044072472333e-07
94 1.5988649657154778e-06
219 3.773993679151564e-06
237 1.954541188236333e-06
432 4.010072612549406e-07
450 1.5458218332302096e-06
570 6.284027213530508e-07
585 2.2577583297057937e-06
656 9.131964656351669e-07
704 2.3660677400436213e-06
187 2.8363512158131157e-07
227 9.66254192641669e-07
500 3.2879617743542624e-06
550 2.1603122128967094e-06
136 2.6853836625815494e-07
179 2.8163194865302247e-07
186 8.96716870283276e-07
441 5.374754047731435e-06
501 9.219123478575124e-05
700 2.0959328121689e-06
584 2.609267019998138e-06
594 8.356183239353925e-06
678 4.334844136707359e-07
688 4.349458073952086e-08
223 4.347609797540281e-06
689 1.0792815716004857e-06
697 8.495842428425212e-07
113 4.4171741801073436e-07
167 6.082489317960011e-08
666 3.981278728505112e-06
51 2.457100759487584e-06
572 8.220963660522732e-08
331 3.4826868081587667e-06
538 4.857064581369461e-06
171 9.327258398410156e-07
19 1.9970165171478566e-06
