11 8.961904684263525e-07
31 1.7135906443374976e-07
33 5.665788582855913e-06
36 4.455453906063954e-06
39 1.5393094216757171e-06
115 1.0635720292589843e-06
293 4.6970384428611185e-07
323 6.14706530948417e-07
325 5.124587487983445e-06
353 1.183927067146389e-06
366 1.9157490745052798e-06
378 6.448352887671303e-07
414 7.227762293336251e-06
460 7.62371496938428e-07
490 5.338494116608796e-06
495 2.779663678438341e-05
498 7.5627247793018425e-06
502 4.1918109861766674e-06
521 9.844156251421045e-07
545 3.352563631321671e-07
557 6.289948047986213e-07
567 4.453416496547111e-06
571 4.557220741219682e-08
576 3.178182187580727e-06
580 2.5279223763020327e-06
582 1.7400212223191077e-05
590 1.1622479537144073e-05
592 4.394912241490769e-06
596 1.1091929856353767e-06
624 5.052873878587448e-07
650 7.589111917326225e-07
661 5.290980883039235e-06
663 1.575532448410809e-06
668 4.057682920996445e-06
670 2.0608432067047552e-05
674 5.62672279545265e-06
676 5.369270336022775e-06
685 1.5900000722648296e-06
690 1.0443336996061608e-06
692 6.722548225996263e-07
703 1.8818927087703754e-06
30 5.966590207569568e-06
37 1.5599049307972088e-05
40 2.3001352840828384e-06
43 1.3020710714366751e-06
59 1.0734151438916151e-07
170 3.40139065645428e-06
251 5.0626368125490185e-06
296 5.93757341125647e-07
305 1.7366021729567911e-06
317 5.580820941979175e-06
322 1.833619623071699e-06
324 7.147859707228607e-06
330 1.4785097967758598e-06
334 2.8165386686713313e-06
336 4.379106228357279e-07
340 2.1044749348131306e-05
354 1.2829960146619382e-06
358 2.4160799437273953e-06
373 3.2978685794989464e-07
377 6.012362419631566e-07
380 2.1815430867114056e-06
416 2.069884426921759e-06
464 2.253883473229707e-06
468 5.713102701226947e-06
543 1.257897582364117e-05
546 1.4770177003313972e-06
555 2.3075682673576483e-07
560 9.835459520089902e-07
577 3.3743374552530533e-06
579 4.677399278552512e-07
581 7.474079698924965e-07
583 1.0794191391014586e-05
587 1.573492885931891e-05
604 1.2695443243439048e-06
613 2.2157816761304618e-05
634 3.6068924859873276e-07
662 8.121787295077576e-06
664 3.5331180173757056e-07
671 4.704822273579486e-06
673 1.7086425375693866e-06
677 1.3296456752305445e-06
684 1.4010625060250576e-07
691 3.333037441558859e-06
