1 0.00015918505485565637
2 1.0572555402191737e-07
3 0.00018091827790385533
4 4.3010326759845256e-07
5 7.334071648936546e-05
6 1.04158260126258e-05
7 1.6538459099890327e-07
8 3.1002207495685715e-07
9 3.797120131437625e-05
10 0.00021544038253639664
11 2.086698267402962e-05
12 1.4539873909561782e-05
13 2.967791110720958e-07
14 2.1035514559723716e-07
15 3.830004576071452e-07
16 6.489198378835024e-07
17 9.264144971584743e-06
18 2.039154721032516e-06
19 5.524282207085781e-06
20 4.9826708023989105e-06
21 1.2059077495720427e-05
22 1.8905826590013363e-07
23 1.5171697446125464e-07
24 1.2109494926268158e-07
25 6.268169610079871e-07
26 3.6604658017703164e-07
27 1.5403541119183127e-05
28 4.7016104455883876e-05
29 0.00023490679407794034
30 2.8397163772514138e-05
31 1.7050626462515483e-06
32 9.640989485842032e-06
33 4.057119731484444e-05
34 5.811483960577835e-05
35 1.5096965492352185e-06
36 9.451151029621416e-06
37 4.547829242246137e-05
38 6.441994725596156e-05
39 8.542920131780431e-06
40 6.9709646145809575e-06
41 3.7379739924966765e-05
42 0.00012489404139370887
43 3.261177104869046e-06
44 5.4556335885447525e-06
45 3.161602132229924e-07
46 5.9364103726676814e-05
47 8.170472548642043e-06
48 8.808822688113821e-06
49 3.4120492176899484e-06
50 1.5420391873957015e-08
51 9.433325995803646e-06
52 7.464199694195869e-07
53 5.579525243307864e-08
54 1.7266567591873837e-08
55 1.3493748273435015e-06
56 2.3484358864023718e-06
57 5.4764888798610115e-06
58 2.093088668508324e-06
59 8.9120480787499e-06
60 1.1176750961482896e-06
61 7.820222991933987e-07
62 2.8311889486833765e-07
63 6.790171836173523e-08
64 1.5838047477753801e-07
65 3.558314921959118e-06
66 4.0418546991224126e-09
67 1.0411940472667468e-06
68 1.3168130336153396e-06
69 2.092909137943917e-05
70 3.064693733005887e-07
71 1.879176897847805e-07
72 7.435838711662958e-07
73 7.6646458685243e-05
74 6.797140064632332e-07
75 2.0513678643008186e-07
76 1.992579133005354e-07
77 3.3767020912286345e-07
78 1.216145086102452e-07
79 1.6301924621699473e-07
80 6.090362331673946e-06
81 2.7722156281068014e-07
82 1.0685379436917535e-06
83 2.0975889657849008e-09
84 8.75179700550638e-07
85 6.628780951068065e-07
86 7.251480980909272e-07
87 0.00022521504397150194
88 6.681723507743778e-05
89 9.469465944273163e-07
90 3.8487211899943285e-07
91 5.479918811063333e-07
92 2.5667759814082004e-07
93 1.0992918388217341e-07
94 5.074172759547801e-06
95 4.717989125003313e-07
96 4.174785618906655e-05
97 4.7186557470031566e-07
98 5.923497857652822e-07
99 1.562925134087866e-08
100 7.451260892695258e-09
101 4.0816269906013297e-08
102 1.0313178616811615e-07
103 1.6578222339528524e-08
104 8.916757072834727e-08
105 6.7644240343556985e-06
106 2.4543182883633515e-06
107 2.9579677629907434e-10
108 8.677358216989658e-09
109 9.886404912641476e-07
110 1.1781100667243801e-06
111 3.3140203282816174e-08
112 7.910739961828279e-09
113 7.671036000397853e-06
114 3.735159195319139e-06
115 1.1306109941086125e-05
116 7.985684117221384e-07
117 1.7234607835685184e-06
118 2.0738221045239616e-07
119 2.227191910079997e-07
120 1.1918281274877113e-05
121 2.6258873926376406e-08
122 1.0889208079238727e-05
123 5.178431651687458e-06
124 3.174758184641034e-06
125 6.033438593941335e-06
126 6.263143826236037e-08
127 3.379279315585803e-07
128 3.8070054765412114e-06
129 5.0474366847063025e-06
130 1.1862531502247053e-05
131 1.4476910533414902e-06
132 1.2232981918199479e-07
133 2.11222095406346e-08
134 1.4988933975576579e-09
135 2.0496306408037522e-07
136 5.0763117446733305e-06
137 8.31117829167078e-09
138 2.6539576700290324e-08
139 4.84638115362827e-07
140 2.8207161031990273e-09
141 4.829623521596739e-06
142 1.745681464113226e-09
143 1.1161838204377385e-07
144 1.9818271573854372e-08
145 1.4842880392411491e-05
146 2.5540557591348864e-09
147 7.2647311542717e-07
148 2.1134830910490853e-07
149 2.26452281201818e-05
150 2.1237227868168143e-08
151 2.6374145286504024e-06
152 4.639071800985627e-06
153 0.00014196399726304867
154 2.5479588527550213e-06
155 4.304853050246237e-05
156 6.018909039997157e-07
157 1.9627654979350144e-06
158 4.682642052984474e-06
159 4.07894658091804e-06
160 5.132832429825575e-06
161 5.505544849278582e-05
162 2.654737245767696e-06
163 3.2673748833953176e-05
164 1.8911045878367625e-06
165 6.47911500950541e-06
166 6.596905183497146e-07
167 6.700147333910752e-07
168 4.555914979160594e-06
169 4.0217617837803445e-06
170 7.028512854307965e-06
171 7.213625642742915e-06
172 1.2124438314057063e-05
173 1.0207860352214969e-06
174 7.843899186090684e-07
175 2.813914012009308e-07
176 3.5677532251070527e-06
177 3.4573808849785724e-07
178 1.289353812045031e-06
179 2.3521765890603106e-06
180 1.565515697818857e-08
181 1.1950070539239325e-07
182 6.206564413307323e-08
183 3.891975853908431e-06
184 7.281375724176554e-06
185 1.7433566154623627e-07
186 8.721787997407705e-06
187 2.4289242637344654e-06
188 3.354593431042868e-05
189 2.4544193815359396e-07
190 8.726612444465621e-07
191 6.1130502313067584e-06
192 1.6187256406870128e-05
193 9.187562548793481e-08
194 2.1341792628082146e-10
195 1.2253254344094038e-07
196 1.0764767222807223e-05
197 2.445589971150368e-07
198 4.1706461461815805e-11
199 2.743591657915545e-06
200 2.4576443134326406e-08
201 5.946825539887162e-06
202 1.582472515132674e-05
203 3.694684608949788e-07
204 4.071719244448915e-08
205 9.44658980961418e-08
206 2.502397879890588e-06
207 2.2377430938443494e-07
208 3.776461195104614e-07
209 3.311299005731395e-07
210 4.868489867893533e-08
211 8.009581168115396e-06
212 8.420952687686514e-08
213 6.847554219728074e-08
214 1.05844821202186e-07
215 6.080607309412991e-08
216 3.3853559175608576e-07
217 1.0518877730446087e-08
218 1.5786044971399315e-08
219 1.657704079890254e-05
220 9.579859392611486e-07
221 9.279711295527708e-05
222 8.897799475033394e-06
223 1.3258387946147469e-05
224 1.567601159661588e-05
225 6.0456466390638354e-05
226 1.141169839966715e-06
227 9.467506425989514e-06
228 1.0803357504154349e-05
229 6.536080988021481e-07
230 5.118620295448863e-06
231 4.5671816281776575e-06
232 6.325938751143435e-08
233 6.624892155507503e-09
234 3.912751632491734e-06
235 4.970296895281366e-08
236 1.2453696167861798e-06
237 4.916733171657204e-06
238 6.192429562315563e-08
239 1.0761543116569664e-07
240 9.086767330911494e-09
241 5.1657012406157123e-08
242 9.757340549576136e-09
243 6.920784167698157e-05
244 7.123538283953579e-07
245 5.143827876429173e-05
246 6.018369568854854e-07
247 7.217596443911332e-05
248 4.500191546130535e-06
249 1.0254309477868537e-06
250 2.3690324751521096e-06
251 2.3667983800796937e-05
252 4.762422508087947e-05
253 4.222455255306928e-07
254 8.67620323801829e-08
255 7.750955874433634e-06
256 1.2438297013319674e-06
257 2.1831119524984925e-06
258 7.148375334318772e-05
259 2.4843664984912357e-07
260 1.1020579993226347e-08
261 1.8458776337151537e-08
262 6.472930282341021e-08
263 4.4495706733319174e-08
264 3.272670679417129e-07
265 1.4032884646083355e-07
266 1.1729646455926116e-08
267 3.1290660752479006e-08
268 9.427518830813415e-09
269 3.504680309717617e-06
270 4.19755227408609e-07
271 2.058419994193458e-07
272 1.6547026183366394e-07
273 1.123510462762465e-06
274 2.5621004001647555e-08
275 2.1488306568214704e-08
276 1.7827810861150935e-06
277 2.585184530185493e-05
278 3.3019500264992585e-07
279 1.3401346969437906e-07
280 8.585294712906307e-08
281 2.806119909411423e-07
282 6.20859725684984e-08
283 6.94507436467414e-06
284 3.7517008086048505e-06
285 9.809548995124653e-06
286 3.827530829849257e-06
287 2.782889319888669e-07
288 3.403276834300045e-09
289 2.5292599510492672e-05
290 1.6908024672347143e-07
291 5.178823082882744e-07
292 1.007931018525253e-05
293 1.4853362202998578e-05
294 3.379550403076117e-08
295 4.361334839308674e-07
296 7.750662567460066e-06
297 3.602281187479912e-05
298 4.0283125342259676e-07
299 1.6929335253940925e-06
300 3.0172619441548465e-05
301 1.250590435148469e-07
302 1.9630785958127834e-06
303 9.82481167436559e-08
304 2.3420415420178312e-06
305 9.616706987165018e-06
306 3.1977936269872314e-06
307 2.4229473037114886e-07
308 0.0001114301492452119
309 1.831246943209385e-06
310 5.3477792796583444e-08
311 2.065655441692536e-05
312 4.6273375733236336e-05
313 3.667012283199846e-05
314 1.489040794721148e-05
315 1.0637601234085697e-05
316 4.958265045232608e-07
317 2.981895507688212e-05
318 2.733836875334678e-05
319 1.1814913490517881e-06
320 7.951594513836922e-07
321 9.319719446772741e-06
322 7.873567015925766e-06
323 2.0032821779478337e-06
324 3.973665925802878e-05
325 3.886916789110882e-05
326 2.425416409164791e-06
327 3.4339828953865834e-05
328 1.4605258765630456e-05
329 3.1475542150258714e-05
330 6.925052228674715e-06
331 6.0821897232983e-06
332 2.122240679607548e-05
333 9.94638770527963e-07
334 2.0249946683283487e-05
335 5.291127942420109e-06
336 5.934478367893317e-06
337 2.864417411105462e-08
338 1.6786007467941328e-07
339 3.3148814068795376e-10
340 6.317145576074556e-05
341 6.920400009881685e-06
342 1.0212756804371443e-05
343 1.6939632927617596e-05
344 9.289379784920069e-08
345 3.043059402994446e-08
346 4.183313275025785e-09
347 2.254528417905359e-08
348 1.3778910367838005e-08
349 2.1925906782633628e-08
350 6.43672641098965e-07
351 3.332336792773685e-08
352 2.4290143761568604e-05
353 5.706063658070736e-06
354 6.474670994095616e-06
355 1.5232719842596745e-05
356 2.7533434126737896e-06
357 4.393280786330658e-06
358 3.24740527916379e-05
359 1.328003400859423e-05
360 4.644196412871787e-05
361 1.0214812359592199e-07
362 1.1485793617818026e-08
363 2.7964222602740764e-05
364 2.5318176567523837e-05
365 1.0969034741681563e-05
366 9.297281109053169e-06
367 9.094551020692298e-08
368 3.779265323177173e-12
369 3.693382050849979e-07
370 3.7348508872552625e-05
371 1.6566694574703e-07
372 9.043169977908317e-05
373 3.270838067425394e-06
374 4.373499171465272e-06
375 4.30857696148106e-06
376 7.315026343323978e-05
377 4.0167778087086966e-06
378 9.394570340122293e-06
379 2.8972520250498907e-05
380 1.1523584478864876e-05
381 2.8563370495451e-06
382 1.0482156758999655e-06
383 5.684695852718408e-07
384 3.7288995206748294e-06
385 3.621818597587583e-08
386 3.912922929299896e-08
387 7.193254660639363e-07
388 8.911930084862027e-07
389 8.422683446627946e-07
390 1.2099346676359852e-05
391 5.076832276613552e-06
392 2.4577795041392663e-07
393 7.498862703537955e-06
394 2.380305919264025e-08
395 5.419470817457246e-08
396 2.7664642632552527e-06
397 3.58974809016888e-08
398 6.651377470162494e-07
399 5.372366317362835e-07
400 1.4539763069529509e-08
401 3.761453181622862e-06
402 1.771238221518299e-06
403 1.3001802091008776e-06
404 3.7388235030576466e-07
405 0.00011547849519700892
406 9.077017593291368e-06
407 1.775656063415334e-05
408 3.796026564552283e-06
409 4.423335013411475e-05
410 2.743038035612039e-06
411 5.086689401917831e-06
412 1.5000824367947585e-05
413 8.719131393107611e-05
414 3.597287911911649e-05
415 1.5321903746083954e-07
416 1.187219733930232e-05
417 1.4206700277813068e-06
418 4.027927053508337e-08
419 3.8335033559732716e-07
420 1.54553680800293e-08
421 1.644389649945299e-08
422 1.0667558356528505e-09
423 1.9426041231146083e-06
424 8.844396655357172e-09
425 3.0018529840893328e-09
426 1.0205341333164151e-05
427 6.7525443666846e-09
428 3.92973505100202e-08
429 4.127531914623777e-06
430 1.3432962841700238e-06
431 7.883793038272313e-06
432 6.526562491749484e-06
433 6.453396792039116e-07
434 2.953123290980622e-05
435 1.105823163990138e-06
436 6.164921923261967e-07
437 2.948548676940347e-07
438 1.530912251004597e-06
439 2.6551526258244447e-06
440 1.0906364793881897e-05
441 1.785569526501815e-05
442 5.4927286933793266e-08
443 7.99508648625454e-06
444 6.246535471709982e-05
445 1.1860732690718605e-06
446 9.641211216561737e-05
447 2.0711695173576974e-07
448 2.4018268729031986e-08
449 1.8802988878914062e-06
450 1.3388064943314669e-05
451 4.452691790567193e-06
452 2.6567952036149327e-07
453 8.333202706072179e-07
454 1.0181542935321345e-07
455 7.554891066431441e-05
456 4.071655085121675e-07
457 1.4390573752731971e-08
458 4.3060361092661653e-07
459 8.649176695067595e-09
460 9.212037064896389e-06
461 1.1837822387656396e-06
462 5.080563488064356e-07
463 3.6101320242464636e-07
464 2.0896242033307937e-05
465 3.483069481323605e-08
466 3.031401682629056e-07
467 9.179779039653596e-05
468 2.5373475932290685e-05
469 2.3850559138238873e-05
470 2.715877129141006e-07
471 3.3922639743611233e-05
472 6.972157529820287e-06
473 8.41481863715476e-06
474 4.66766688743502e-07
475 2.1347743686392437e-05
476 4.671558145053801e-07
477 1.1721437199268173e-07
478 1.9579384880799686e-05
479 8.415675678892149e-08
480 0.00013485789194172664
481 0.00020787988433831566
482 1.3966464240609662e-05
483 3.2031688361854936e-05
484 0.00013789557320674167
485 0.00020441684505255976
486 0.0005240372638563273
487 3.5946581749845595e-06
488 0.00010399908686233174
489 0.00046943671042733393
490 2.395164678939818e-05
491 9.287969165926602e-05
492 2.8660875477435897e-06
493 1.0431569836534256e-05
494 1.3094767653124304e-05
495 7.059769994804259e-05
496 1.1451408553962816e-05
497 9.556962841810853e-05
498 3.9032894414919964e-05
499 0.0005818553396797122
500 6.489444303264643e-06
501 0.00016728526170137878
502 1.4917068705540858e-05
503 5.337967438505938e-05
504 2.9764356183616884e-06
505 0.00010229517983612563
506 6.424616857007898e-06
507 3.2809981507815737e-07
508 3.8505280978735136e-05
509 1.4235827197100022e-05
510 1.0446952572288482e-06
511 4.350700845317106e-07
512 2.2014686240939894e-05
513 1.2063636797665098e-06
514 5.716184414990516e-06
515 1.3668971381860945e-05
516 3.559863321003261e-06
517 3.80425875324151e-09
518 3.061461932773666e-05
519 3.4869205019758585e-07
520 8.135361057850816e-07
521 1.4841684851919231e-05
522 2.1778017650041585e-08
523 3.115543247385773e-05
524 3.656256607035654e-05
525 8.16233803222638e-07
526 1.967375586445558e-06
527 8.102685585484951e-07
528 7.455280183241284e-06
529 3.7288595578373904e-07
530 1.8517918573389398e-06
531 1.4221160652747947e-07
532 3.8081949412342965e-07
533 7.987354858049556e-07
534 9.48729514639245e-08
535 3.1111993912851075e-06
536 6.020135349102166e-07
537 1.1490527604709958e-07
538 5.603182732300255e-05
539 8.018178127544451e-07
540 1.7519835409843313e-07
541 4.931337882488008e-08
542 2.2271343159577946e-07
543 5.7709612069400465e-05
544 5.3452039966223604e-05
545 4.465443880612217e-06
546 6.69510554295243e-06
547 6.299431835724443e-06
548 2.653988189286502e-05
549 0.00015396952837509392
550 2.842515741981966e-05
551 7.870964937139388e-07
552 3.7540085252699107e-06
553 1.8830795245439817e-05
554 1.5524407599593396e-05
555 1.1792211615347143e-05
556 8.879361368506586e-06
557 3.022359121094581e-06
558 7.847042533726986e-06
559 4.977840277018379e-07
560 1.1619096542221546e-05
561 1.5262226255147853e-07
562 3.435275360134758e-05
563 1.947713727688099e-07
564 3.969485416726855e-05
565 7.614111924746584e-06
566 2.856013262620039e-05
567 3.318215600992015e-05
568 4.0928454528007223e-07
569 2.1248015020860307e-06
570 2.3801324806260014e-06
571 3.1558188559122323e-06
572 1.1468681196908806e-06
573 5.918641144295697e-05
574 0.00011175575436814075
575 2.3236231924292813e-06
576 1.6431289910236973e-05
577 7.832294484028489e-06
578 0.0001054062045544534
579 2.4231527470717926e-06
580 5.678472780302586e-06
581 6.341018793523925e-06
582 5.546606835767445e-05
583 2.1753020714758674e-05
584 7.328312457588728e-06
585 1.083444463948153e-05
586 6.193072623362082e-05
587 3.2044679454893573e-05
588 3.3826352833077044e-06
589 2.9818117942131577e-05
590 1.6486911962095193e-05
591 3.0578784418324767e-06
592 2.3048482930757545e-05
593 1.285721404539421e-05
594 1.2638822693015102e-05
595 1.2490103037984364e-06
596 6.08376660971892e-06
597 2.382526968048538e-06
598 3.663494937299857e-07
599 3.926447829244667e-07
600 2.9043064534385244e-07
601 8.805968927428764e-08
602 4.155205491199096e-07
603 1.1539161005272056e-05
604 1.3780641002398438e-05
605 5.9532211372091394e-08
606 8.180937682216183e-07
607 0.00015796921500906935
608 2.4996317907484566e-06
609 1.3476150154627489e-05
610 1.549964742435541e-07
611 1.2144225440090417e-06
612 2.412800158841834e-07
613 4.580115593774634e-05
614 7.052543795677042e-07
615 1.3663831861988605e-07
616 2.7130217065350284e-07
617 1.0636641504519606e-07
618 2.581705037863655e-07
619 1.32529383248025e-07
620 2.6079198491296654e-08
621 6.288800403760441e-08
622 2.5649918885598187e-07
623 1.4227773334318277e-07
624 8.883901717896899e-06
625 1.4758667597461834e-07
626 2.1938556658786587e-07
627 4.93843175700269e-07
628 2.2017614344957568e-08
629 3.0687271785296904e-08
630 4.3387494594644507e-07
631 2.3116595543291644e-07
632 1.702409007994999e-07
633 1.6634029024018166e-07
634 1.950297549902576e-06
635 1.2466572608945693e-06
636 2.1288196421187643e-06
637 2.7052242632613667e-07
638 2.520355115533601e-08
639 2.6874033843118113e-07
640 8.911768996925464e-08
641 1.2868371371145139e-05
642 1.6586833930538568e-07
643 1.4755188342812663e-07
644 4.166404987649958e-07
645 3.6332393878425684e-07
646 9.599366880614403e-08
647 2.4574951854114114e-08
648 2.9667377341543504e-07
649 4.1168283323052007e-07
650 1.239800433768206e-05
651 1.2164486392970708e-07
652 6.756120946612182e-07
653 1.3765030310995495e-05
654 0.00010586426264362586
655 8.903692435184248e-05
656 4.189587261754605e-06
657 3.175441094081995e-05
658 7.78120561308958e-06
659 5.15724896065467e-05
660 8.103131143063157e-05
661 3.031775261431106e-05
662 4.287551638467865e-05
663 2.461838244620699e-05
664 5.9297321355400965e-06
665 1.6297780094494152e-05
666 7.949981318036628e-06
667 1.561862338975615e-05
668 3.69299446731423e-05
669 2.966848631417235e-06
670 5.337761069310411e-05
671 3.322589773472555e-05
672 0.00015703587750418656
673 1.3237320364202752e-05
674 1.0262464726700352e-05
675 5.660148496008826e-05
676 2.401550947533352e-05
677 2.3994132077261042e-05
678 5.097965088540432e-06
679 1.8601288037840124e-06
680 3.14798467745844e-06
681 2.9806833126624406e-07
682 8.399156870280258e-07
683 3.3124442436559443e-06
684 4.171045139547592e-06
685 6.031810690885028e-06
686 4.795064588415973e-06
687 8.529699510421049e-07
688 8.346165465536959e-07
689 1.560154840094163e-05
690 9.444719048291696e-06
691 1.7313951491578515e-05
692 2.8227007162057195e-06
693 4.780851623683568e-06
694 1.6462950118454168e-06
695 2.6249367646313254e-06
696 2.389895107897868e-05
697 1.1468998724742224e-05
698 4.828700230615458e-06
699 2.2358757641845582e-07
700 8.842597480568812e-06
701 1.678332060671132e-05
702 3.6578179466827946e-06
703 1.7889012057231415e-05
704 8.425040028738755e-06
705 6.9554612817415276e-06
706 4.981797493257348e-06
707 3.3577776565345385e-06
708 1.6693214896210725e-06
709 3.5356294855121234e-09
710 2.4714742275921673e-06
711 3.3673747063487396e-06
712 2.173776832785293e-07
713 8.701209903342137e-08
714 3.6040636344313638e-06
715 1.1356443049704822e-07
716 1.6321759609704226e-06
717 2.4460174738576663e-06
718 2.412699663538624e-09
719 1.1690107797563699e-07
720 1.5769536424794245e-08
