49
0.0012647440925234552 -0.0006099743676738303
0.0018098718256366125 -0.0014898735167197398
4.561290166626972e-05 9.844043795979503e-05
0.000174732796056963 -0.0012696220676958847
-0.0008316731738012922 -0.0014817092936922835
0.00013305079773032782 -0.0007271220847035433
0.0008957696641542237 -0.0002123724042156019
-0.003145798471163899 -0.0013884120387637133
-0.0003392649896217322 0.00027115492083008505
-0.0007880812384550738 0.00126696728569165
0.0006873284597570049 0.0001862543602002617
0.00017520911084232028 0.000658177608625868
7.51437652903705e-05 -0.0006328878682694655
0.001097085665702348 0.0015236322085412355
-0.0008285838478562748 -0.0016422353373036712
0.0006959021467778424 -0.0002662951374493089
0.0004265407515073601 0.0004673547581980725
-0.0001534075175761469 -0.0010134151962857484
-0.000994618614888211 1.9766101518055745e-05
0.0008807712755941889 -0.0011227424930882164
0.0007293547144225882 0.001652507720557567
-0.0005764820122910717 -0.0023895532512929365
-0.0016875002498690757 -0.00021389542653828776
-0.0004849821643599107 0.00010212659411355881
0.0005461277521028421 -0.00018057411851839635
-8.536416508223879e-06 0.00026726408571261785
-0.0006753784558780101 -0.0011081628358468715
0.0014282821008668003 0.002552725352824403
-0.0037967177195907392 -0.0008738812993572798
-0.0004001776099149422 -3.6707211433498284e-06
0.000797106876542396 -0.001085053004816392
-0.0008132728306097517 -0.00014108405340285487
0.0004479457512995849 0.0005405810084605985
-0.00020405981504656247 -0.000856187641522123
-0.0007414061905394843 0.0029820514391280134
-0.0014151787138710521 0.00037862610133550744
0.00015744524177891648 -0.0010833833010349299
-0.001508368801453827 -0.0035016092866357127
0.001962431946680657 0.0012715232947608146
-0.00030072327930142414 -0.0011331476740290493
-4.134278691463982e-05 0.0017063875581650766
0.0004102267650273178 0.0010278566724819208
-0.0018144455244101586 0.000491314588321978
0.0009345388431675595 -0.00020193662246996565
0.0015829755419350961 0.0019292147530394772
-0.0005702584476936337 0.001182784544923666
-0.0009878970927375103 0.002034245579469039
-0.0005746091927530402 0.00208309355258544
0.0006098740674943229 -2.0156811627421102e-05
