49
0.11426571851206342 -0.0669259959702686
0.10521596861514212 -0.045323135565077374
0.09566330210466487 -0.00788707082710541
0.08604291154125868 0.03378726864225384
0.0781848399164889 0.06998815498071438
0.0738015656365383 0.095132097498636
0.07427960740985336 0.1068529316707795
0.10181112838105101 -0.06272626961807
0.09509294107643185 -0.04234810762482196
0.08679898549325016 -0.0042538952675283195
0.0781707885267938 0.03728891651687206
0.07111886639488701 0.07274682155770806
0.0671115319998292 0.09708768966105252
0.06696475949997444 0.10780073185644332
0.0805332059654141 -0.06946095309535406
0.07562188298969731 -0.04463267374356717
0.06915527871836089 0.001607031032428298
0.061853839983962315 0.04691406012623519
0.05597632535005403 0.08307843557245595
0.05265469564995938 0.10723734450029902
0.05228933768243597 0.11814047256849697
0.04523863321199496 -0.08219295344892723
0.04462888446760636 -0.049981775760418706
0.042582406884922236 0.012858675652305689
0.03777533958427868 0.06293903119933932
0.03425334564924378 0.09940413462764033
0.03244149291377902 0.12322485239990448
0.03203293982315544 0.1346579798444599
-0.009625037517696205 -0.08791981493421927
-0.00462882271671945 -0.051316712553751656
0.008242604258033307 0.03342217172409766
0.007718361285507031 0.08312269977780362
0.008891713402621165 0.11803354017335572
0.009980536205304579 0.14118762770192073
0.009825802690964855 0.15323363912952895
-0.05450882551255362 -0.06286004941592563
-0.0458573091641704 -0.026429493065780022
-0.03549032770157055 0.04515371222729328
-0.02401616926098299 0.09680158682079913
-0.014537024459102215 0.13293724014077996
-0.00931925861738023 0.1567718447382341
-0.008997256291987584 0.1699466936201667
-0.08047023052728841 -0.058822449861600436
-0.06734146562864353 -0.019640317307553033
-0.055226089493622316 0.051570286108219794
-0.03969189074125793 0.10605155926315234
-0.026320062432011383 0.1433339373822008
-0.01890354867353612 0.16794137493143763
-0.018938922428462998 0.18394557607472187
