306 3.5464126113476513e-06
322 6.7145105785215e-06
488 9.220201158468636e-05
375 4.124623128390513e-06
552 3.18208410470203e-06
679 1.1787801934453158e-06
317 1.805585756094759e-05
80 6.4610771735690985e-06
426 8.651504121425174e-06
326 2.0410169143581003e-06
191 4.565360898985243e-06
139 5.492041178680842e-07
669 2.7122993961754614e-06
591 3.145869822256957e-06
693 3.899401590852484e-06
429 3.7213609529489394e-06
495 4.3919096151960476e-05
40 6.19790188210936e-06
44 4.5919019044236284e-06
49 2.599398382681735e-06
595 1.2144875066480107e-06
5 3.869160247821626e-05
30 1.5529724427760096e-05
38 4.594177275872439e-05
153 0.00010378419431973017
169 2.722579654202924e-06
481 0.0001471682858977987
483 1.962120881157247e-05
491 9.397174094361403e-05
518 1.910306931199668e-05
574 9.429255394631662e-05
10 0.000143484968471438
20 3.3577772211906325e-06
155 2.2296000858458884e-05
161 4.805489453854191e-05
357 3.990463003129195e-06
494 7.2800608710781185e-06
36 6.281434408753123e-06
493 9.770659774050743e-06
578 6.800429240261649e-05
168 2.9875494071859017e-06
548 2.4452159726748838e-05
682 9.965489230564723e-07
164 1.5486534148859671e-06
183 2.459562718114829e-06
350 6.0443682318894e-07
569 1.1028609021377518e-06
573 5.141568600796176e-05
701 1.1706997450024576e-05
523 2.567807685206485e-05
162 1.430452941142979e-06
329 1.6726453832987076e-05
504 3.386270170783369e-06
680 4.152974043025735e-06
686 3.15377347827528e-06
219 1.0065125705259467e-05
570 1.5430399885957082e-06
390 8.86611010476677e-06
230 2.198447812180151e-06
658 5.079734453971581e-06
655 5.7634510261850436e-05
587 2.414081190571139e-05
206 2.509361937383053e-06
131 8.37657021087985e-07
224 1.1922284699583021e-05
660 6.935556599392804e-05
695 1.7135982415986095e-06
115 8.746507928273862e-06
469 2.4509429727899168e-05
335 4.86298618778782e-06
331 4.768566134001897e-06
