179 1.3693276372895662e-06
296 2.7447727949998014e-06
330 3.2369054746846364e-06
377 1.6755127772063723e-06
441 9.132675059824131e-06
498 1.6136093022356534e-05
558 3.959528320205507e-06
582 2.453891963624995e-05
661 1.1788186969854571e-05
668 1.4433285954609435e-05
683 3.075838967408695e-06
689 1.1074957601099922e-06
698 2.7714897698815827e-06
41 2.7174929246116975e-05
73 6.025115834401101e-05
136 3.100840872467961e-07
325 1.199366632329455e-05
354 2.3707515215611297e-06
360 4.3359809796371564e-05
450 5.479964696134952e-06
471 2.279548203905188e-05
475 1.4914402256827763e-05
478 1.3008469399027851e-05
496 6.9088901607135955e-06
557 1.2112613571461814e-06
572 7.540325154618136e-08
581 2.3117202191174674e-06
624 3.184551849983791e-06
653 3.3504525848227183e-06
657 1.1628184867909417e-05
663 7.438386621853107e-06
670 2.5212105381340124e-05
674 5.655158479835856e-06
694 9.376140548644295e-07
708 7.877112167729205e-07
39 3.554051587683316e-06
187 3.4263449225626964e-07
381 1.7136492210857495e-06
460 4.917931586907713e-06
501 0.00010598210199436204
567 8.626290614595882e-06
652 4.116400145547603e-07
664 2.821236545537493e-06
37 2.5070336963508686e-05
11 1.7788217313887998e-05
33 1.6562535372764447e-05
167 1.9129879243714953e-07
196 4.142088467533414e-06
231 2.4369566309832593e-06
255 3.392078078594503e-06
284 2.7955449435780634e-06
305 3.7607782683166976e-06
358 1.074484695071252e-05
366 5.717418356347406e-06
414 1.2800679076699e-05
277 1.2968058128765236e-05
324 1.2407182539918246e-05
341 4.3578701916513635e-06
577 3.6758326907801875e-06
676 1.5114494921674732e-05
372 9.051492891368284e-05
376 7.361579682805184e-05
380 4.07906954273106e-06
538 1.1243169224704352e-05
550 1.0375263276085138e-05
696 1.1536944001611589e-05
613 2.6996106427596398e-05
590 1.2223696219194204e-05
228 7.1484367380422476e-06
691 1.1825130329073743e-05
59 5.3624439130236145e-06
223 9.928874625525539e-06
684 2.8571515564286473e-06
672 0.0001243676595858272
608 1.4575516159708056e-06
707 2.875663776759651e-06
17 8.730619721941996e-06
19 3.995073007110819e-06
