0 0.00018320334074592605
1 0.0001016887833774718
3 0.00011759093277341082
9 2.863745662265386e-05
29 0.00014832196415057086
34 1.401064759976002e-05
42 4.4562668419065355e-05
46 3.0008034534451675e-05
47 3.699839888097302e-06
48 3.9031268458168055e-06
120 8.456468362964347e-06
145 7.294857547699794e-06
147 5.049875025663665e-07
149 6.606805208173054e-06
158 1.7542993925270605e-06
160 1.8664632138132568e-06
165 2.2312816026359677e-06
170 5.278526263548689e-06
243 3.975105300257824e-05
247 4.410058207967037e-05
252 3.698664721411132e-05
283 6.155100678939203e-06
302 1.4556199211071599e-06
323 1.755056933044807e-06
332 1.9024091203385602e-05
379 1.721126774698653e-05
435 7.870562969167071e-07
484 8.068104814841437e-05
485 0.00014884328238020975
486 0.00044326986326226656
500 3.4137709248450405e-06
502 9.302005216208872e-06
503 3.7212815128329156e-05
505 7.675351763829083e-05
539 5.551653585450451e-07
544 3.4724227296614895e-05
593 9.764073882349996e-06
594 9.889641582929606e-06
665 1.1427971163624225e-05
675 3.4399701221560534e-05
143 1.0055076006846872e-07
116 8.239445231319767e-07
25 4.441708944693411e-07
35 1.0994064888772594e-06
32 8.3017141665539e-06
328 1.243593580628521e-05
21 6.216700118923994e-06
547 9.485271213535637e-06
352 1.9135260963529082e-05
135 2.837736346405681e-07
564 2.040191396341445e-05
480 7.196780871935491e-05
667 1.249148466079308e-05
225 4.085997318923993e-05
57 1.6971363299300697e-06
524 2.149792539876129e-05
249 1.0241851170223693e-06
257 2.345525631785597e-06
603 8.218124048905149e-06
172 1.2074339361241197e-05
420 1.6190454850693973e-08
