533 8.108055819165295e-07
141 3.6762462281344623e-06
702 2.70980621977659e-06
596 4.858868299063142e-06
562 3.009571446208795e-05
245 3.7250462054516634e-05
129 3.960997384009264e-06
297 3.14700289812952e-05
300 2.7473603774295276e-05
342 8.249727006066352e-06
276 1.5059070887987749e-06
370 3.2499008565830874e-05
226 1.1007425847623618e-06
412 1.2494432114961534e-05
472 7.229949919311443e-06
128 2.727014331052028e-06
343 1.4408424993628692e-05
356 2.818377835941983e-06
124 2.9242127952152106e-06
315 7.873594421849102e-06
515 1.267813854040144e-05
565 6.6558373669577496e-06
251 1.714075757524145e-05
662 2.5613268977981148e-05
489 0.00046811823938711463
312 2.968517799173174e-05
659 3.729288102660657e-05
455 5.675999131745127e-05
285 8.711016229386033e-06
123 3.9356029453172274e-06
176 3.0518363168553154e-06
431 7.602233858216445e-06
549 0.00012441902083719356
105 5.7639328494372384e-06
152 4.139212605997116e-06
202 1.560805130892437e-05
221 8.805970930216826e-05
359 1.3289873154029678e-05
409 3.878237250098458e-05
497 8.905927161627739e-05
512 1.8778998074552613e-05
554 1.219566914176191e-05
566 2.335072821587374e-05
6 9.253217415532502e-06
87 0.00017925512508536122
89 1.9736658296581898e-06
113 5.400007388947931e-06
114 3.4082365545090313e-06
151 3.4856683430826817e-07
154 1.0964444417710843e-06
163 2.8738658382926477e-05
199 2.4901536720500855e-06
250 2.4119876243719105e-06
258 6.170004008279923e-05
289 2.656894127409794e-05
308 0.00010551924747076734
383 5.714153039249392e-07
408 6.650796007811401e-06
423 2.1781462975972655e-06
432 5.962274639813486e-06
434 2.621653001988094e-05
508 2.527846075676552e-05
514 5.853753409297233e-06
535 2.4484864524136662e-06
553 1.7345431058936823e-05
559 6.803576351151006e-07
705 7.348027468265545e-06
706 4.541494308329297e-06
188 3.1898800681725774e-05
407 2.517702996882555e-05
292 1.0704315714599591e-05
27 1.5110020399187025e-05
65 4.488821919833571e-06
234 3.2219472202450295e-06
125 6.390658366352315e-06
609 1.5135893934290178e-05
393 3.471841562954418e-06
374 3.758019221347277e-06
516 3.097899175494756e-06
84 1.266264681032861e-06
201 6.692239741622804e-06
396 2.273701396887802e-06
443 6.860792404343895e-06
364 2.3685453380436497e-05
449 2.06048873921369e-06
556 7.930120477413628e-06
106 2.4025841054886143e-06
16 3.214628107756733e-07
411 1.0037953705998595e-05
428 1.4588935529798675e-08
607 0.00016569654152228853
86 2.1139767983952672e-07
244 3.5360273272853124e-07
246 3.236245730566082e-07
513 9.510860690604275e-07
401 1.8247561798155429e-06
410 1.1718754381872252e-06
81 7.078477683771766e-07
311 1.802094755576621e-05
438 1.8962772075603281e-06
456 9.59708495284407e-07
122 9.758721670787554e-06
69 2.100085705715658e-05
189 2.0303935171241326e-07
148 1.443043723900632e-07
203 3.44780645603824e-07
506 5.091400707917506e-06
511 3.037996334565642e-07
536 3.05505317318324e-07
542 2.7621087042992035e-07
72 9.261620206833808e-07
74 9.026691006872412e-07
295 3.7326362556876803e-07
382 8.235197926387175e-07
384 3.671114663427488e-06
391 5.0309713614587365e-06
402 1.717308000985236e-06
421 9.570823800976846e-09
388 3.5201272954256684e-07
70 1.0923029992968847e-06
451 3.3014445018610164e-06
466 6.271813624399779e-07
710 2.6782101276020325e-06
712 6.617961759423516e-07
575 2.5740615968917636e-06
313 3.779650616501955e-05
321 9.043263292723662e-06
117 2.0626108273548343e-06
45 1.0086732931746653e-07
195 9.86504951528037e-08
477 1.2473797871702322e-07
208 1.884630266831596e-07
418 1.8211123047987963e-09
425 4.677199935427213e-09
525 4.6480929421888816e-07
398 4.964672374577416e-07
220 4.249821284525162e-07
427 4.922302380250498e-09
528 6.72933436032288e-06
190 9.431910523983651e-07
316 5.197097762341984e-07
26 2.445753062346329e-07
58 1.0607314805602027e-06
68 2.1993728802925155e-07
85 3.6241766720082224e-07
433 7.385321109560996e-07
458 4.0047714208632553e-07
644 4.729462171333203e-07
711 3.2827053059182624e-07
507 3.821058631120265e-07
520 2.2235433227288148e-07
82 4.198223185263969e-07
369 3.228290487733826e-07
399 4.106086184996303e-07
403 1.2052950850377292e-06
499 0.0005520555081797162
127 2.1510937984414575e-07
415 1.3299425668967814e-08
714 2.967807418910063e-06
406 1.0660585637854547e-05
641 1.5536989073894128e-05
60 1.0694934865957953e-06
479 3.246649233500733e-08
23 3.7900687937973825e-08
75 1.7952737536565825e-07
157 1.6660200274239922e-06
240 3.1128616376565773e-09
430 1.3871292644723065e-07
462 4.700773806262705e-07
470 1.138483129567589e-07
492 4.135825719278973e-07
718 4.302643437348236e-10
699 9.49958913151196e-08
207 2.0030051749244217e-07
526 2.293690200379858e-06
156 3.661170915436005e-08
216 5.2227295988877356e-08
394 4.71997892240592e-09
436 2.489037933671772e-07
439 2.5827523989740963e-06
453 2.6533966047002483e-07
461 9.3197999297968e-07
463 3.3414954972969344e-07
532 1.941277389526603e-07
602 2.2655455278035575e-07
612 1.735014664672975e-07
205 6.121580702489336e-08
389 6.357815671580954e-07
530 1.348997055252493e-06
50 1.4689992381554013e-08
71 2.035499006497056e-07
309 1.4346404564876597e-06
474 8.556641859592363e-08
91 4.5067542100784556e-07
611 1.2222131408389092e-06
185 2.3240840365875595e-07
606 4.462117962834011e-07
632 2.934353995458987e-07
413 7.535850511699152e-05
457 7.522315616992886e-09
597 1.308477531184358e-06
217 1.4585325645403215e-08
527 8.485187621383178e-07
215 1.7769919207947665e-09
392 2.0964078516241018e-07
400 6.434953919497957e-10
476 4.482664912126845e-08
623 1.4766080789442034e-07
645 1.4721442631235726e-07
709 4.47039177962972e-10
213 1.1497273723901268e-08
239 1.2447760237057324e-08
52 5.218201596877779e-07
55 4.4229019517944085e-07
76 7.532920529444771e-09
126 3.2784878409505437e-08
307 1.4427563995255724e-07
338 1.796141642657903e-07
387 6.787163583221535e-07
510 4.6154443049453946e-07
600 1.7043729565445714e-07
616 1.0038563534649042e-07
622 1.1829513772962694e-07
212 3.1016473756647305e-08
77 7.532920529446005e-09
397 9.66565116028394e-10
404 3.596692075611297e-09
422 2.6078496844857775e-10
437 4.005245234864753e-08
487 3.553159634669427e-06
599 1.042045471517796e-07
617 2.0037715294212324e-07
625 1.8780584331044474e-07
92 2.890344717430314e-07
97 3.1134415942035744e-07
715 2.1751088239742465e-07
627 3.8977150648242866e-07
181 1.0065587385591366e-07
193 6.896025096815686e-08
140 7.1860334137849795e-09
146 1.2026448488461926e-09
95 1.3954587929321987e-07
98 1.6152181767240748e-07
265 1.391210278757116e-07
266 7.740294324031695e-08
281 2.1307731720665447e-07
90 1.2122871758137262e-07
719 3.5771512499138274e-09
121 6.538280848262448e-09
132 5.2796609659175833e-08
197 1.8067907679611288e-07
386 7.414103140450775e-09
454 1.2911726886897065e-07
601 8.430720604527072e-08
610 1.0016112679715701e-07
615 8.291028083870996e-08
619 1.3253374252518995e-07
631 9.798388234656625e-08
636 6.957659664798917e-08
649 2.8995462959922036e-07
61 9.369140284302913e-08
103 8.599696439452888e-08
210 1.1915362309884862e-08
529 2.568847367603224e-07
531 3.901573666526626e-08
78 1.6691637363902682e-07
111 3.807273763591756e-08
180 1.591606081313082e-08
204 2.7854065467016995e-09
214 7.397322583726263e-08
279 9.244354160522875e-08
288 1.6285762176269223e-09
294 2.5917284803148615e-08
310 3.549259537143816e-08
385 1.0979537559618538e-08
618 7.164691050151816e-08
626 2.4799642412526585e-07
630 1.7582036804272355e-07
637 7.537221601355365e-08
639 6.576759866326892e-08
643 2.517664213730763e-08
648 2.806183220877064e-07
270 5.735384415743419e-08
522 4.843008161008138e-08
142 1.5601911525260277e-09
200 1.7501760217860024e-08
605 2.8576834151281247e-08
642 3.798308562872606e-08
371 1.9715865384493975e-07
182 4.331258664579995e-08
272 7.244565303803898e-08
104 5.8462783229624364e-08
534 1.0344753269093338e-07
67 2.7181765898581304e-08
150 8.299949236098626e-10
280 5.627581591177147e-08
290 1.7146996586551907e-09
540 4.844238017428221e-08
640 7.792430137879823e-08
271 3.789572252423446e-08
14 1.8281313153031934e-08
22 9.097933011700094e-08
24 8.57469352202333e-08
209 3.1905857248300124e-09
259 2.4882054410894844e-07
263 3.1616615581429038e-09
291 3.050471025321784e-08
301 1.8996232516762487e-09
598 1.191865173137063e-07
620 5.877555258219749e-08
651 7.310916172755769e-08
681 2.8137478155987486e-08
720 1.313315209745168e-09
15 2.40094381449683e-07
64 1.3450337490682024e-07
303 1.2422829352031338e-09
452 7.313831963440552e-08
537 4.145558302531415e-08
647 7.560014868961089e-08
79 1.4498715058871028e-08
101 2.0378293317043092e-08
448 2.258752747349043e-08
2 5.1558406068404496e-08
63 6.914316829850956e-09
198 2.1686771987587414e-09
268 1.0932401945997353e-09
319 3.4814245670111335e-08
347 6.789359246750608e-09
442 7.040993017102175e-08
447 3.3694843080986704e-08
614 7.141216546337433e-08
646 6.176310658195586e-08
713 2.0309274925837112e-08
345 7.193648117944405e-09
465 1.9636686344578123e-08
621 3.666799446990834e-08
629 2.0784962911934645e-08
633 3.528939753391265e-08
638 1.3579139104914012e-08
242 1.1490326230003716e-08
424 3.498732313721015e-09
54 5.010203724752273e-09
233 3.471442809301669e-09
62 1.9544481773265357e-07
232 5.7169893182697114e-09
235 1.5490156737583622e-09
254 6.2327865510444e-09
261 1.3989904119191006e-08
541 6.182125784269774e-09
628 1.3085847070296814e-08
635 1.8878293209492115e-08
351 6.634267529791405e-10
287 6.6019072447839185e-09
561 2.2775230542285384e-07
419 3.873107883558933e-07
519 1.5496356302217608e-07
7 6.150222617942527e-08
13 1.5038475048480518e-08
275 1.1079073674450293e-08
368 2.0055202829233308e-10
8 6.864613617923147e-08
99 9.195576223365658e-09
344 1.3473414944910134e-09
563 1.6079786511323625e-08
238 3.756191296826376e-09
93 6.146293473810584e-08
260 6.345353729725541e-09
517 3.9891471799154624e-09
194 6.851828939276291e-10
262 1.5021592621106423e-08
337 1.795205642636815e-08
107 8.319542346373264e-10
282 1.5505982066888118e-08
264 1.7135054709796032e-07
119 2.3161894087373852e-07
274 3.3741642771590837e-08
346 7.104182032899924e-09
118 4.258023496108678e-09
568 4.609632181412591e-07
545 3.8067202440539014e-06
134 1.2873280862753888e-09
459 6.7869805077881266e-09
218 1.0062969864543773e-09
138 1.9842242836632604e-09
273 1.0978038822748766e-06
278 5.782924603119165e-08
112 1.0290994846462936e-08
349 6.06842070471105e-08
298 3.413637875537256e-07
256 1.2000601293859585e-06
367 6.837019513683831e-08
53 6.115047502434768e-08
108 1.1278416616096843e-08
267 2.6619937891742247e-08
417 1.3446164093066284e-06
692 2.6365011567271024e-06
173 1.5421328276616278e-06
445 1.3981188006698887e-06
348 2.2038881689255377e-09
365 1.332244255614021e-05
551 8.967684431972489e-07
83 1.8602742143041402e-09
100 6.713724350938158e-09
133 2.6580581591965453e-09
361 1.3249358878455382e-07
66 1.890996939660477e-09
4 2.896948025818213e-07
109 7.925741103350959e-07
137 1.5449297640465586e-09
446 8.77524593451855e-05
687 1.2873189324264738e-07
102 2.211082273210968e-07
241 5.8011498548185035e-08
584 4.801905906164591e-06
211 8.805549912858078e-06
717 2.4290962324562785e-06
192 1.392700057421387e-05
395 3.6338809154244073e-09
174 8.015429916431763e-07
28 4.1705938324152286e-05
175 3.028794097326398e-07
177 4.4977397437278576e-07
253 4.974047144356195e-07
166 7.670439184999035e-07
110 1.2195714168286898e-06
144 1.4142870576025179e-08
304 2.712298474821924e-06
588 3.3040282517125175e-06
269 3.466864038711852e-06
482 1.3975458037205357e-05
286 3.834040788976471e-06
12 1.1795587950931281e-05
159 3.6862718112959488e-06
339 7.421990692592825e-10
666 6.1668855876667815e-06
18 1.4393537440825995e-06
362 1.783062005211977e-08
405 0.00010201423372231963
363 2.4762029617867072e-05
