704 6.1610847820764e-06
229 5.445152981677467e-07
592 1.450912897216316e-05
353 4.088471205387892e-06
440 8.642975419887381e-06
444 3.2390912933734184e-05
555 5.226451658922231e-06
171 6.176535846724871e-06
656 2.017342938820998e-06
299 6.920771805552402e-07
314 1.0824054390136912e-05
373 9.530385207024031e-07
521 6.2720029975927494e-06
571 1.1780229042054727e-06
248 2.100914259522346e-06
334 9.534738065465519e-06
355 9.072016919958875e-06
543 2.1654283336206957e-05
697 1.4522890992130298e-06
716 7.285450105862083e-07
560 3.4941943923666733e-06
576 6.38745810997474e-06
604 4.449021260881499e-06
703 2.119029744245904e-06
184 6.471940016427177e-06
585 2.743778641326904e-06
227 1.608187351004243e-06
583 1.2259490224676256e-05
673 4.508880296629172e-06
677 6.332205178104462e-06
320 5.003970193848736e-07
634 5.540172290659047e-07
700 2.2397919188358477e-06
96 3.940228043563842e-05
56 7.602175901610466e-07
464 3.983312793678216e-06
586 4.388455865829347e-05
293 3.5781608522124386e-06
327 2.2410633422995317e-05
178 5.887230388180005e-07
336 1.571276650626709e-06
589 1.3380656384798837e-05
671 9.988882240900579e-06
51 6.849652955799985e-06
94 2.0994608850891492e-06
222 1.8707119859324381e-06
237 2.259929236116233e-06
333 1.234516274480063e-07
378 2.4120828272925955e-06
416 4.032782178509132e-06
130 1.350860916190096e-06
467 6.692476725809564e-05
490 1.2204296506304801e-05
546 2.0677677708602743e-06
685 2.7628983160469503e-06
43 2.144555170575901e-06
31 7.973307553933786e-07
186 3.611135908358513e-06
236 5.888265563292573e-07
650 5.971493464240602e-06
688 3.252016397030534e-07
580 4.802551803112409e-06
509 1.0991649234033222e-05
88 4.903789433001177e-05
473 9.408581793943997e-06
579 1.5912449988664773e-06
340 3.245009240173572e-05
654 7.640854337316676e-05
468 1.836272414681672e-05
678 3.4911445628852146e-06
690 5.715124563173462e-06
318 1.4547356382582048e-05
