16
-0.0005899209156457901 -0.0003634120421593714
-0.0019077002619465623 -0.0008016103507981382
0.004779111475678053 -0.0012971679365760618
0.01068316408233718 -0.0006862968053428328
0.005316544711883442 -0.0010193762985503058
-0.00025211587359058656 -0.000519509140229388
0.00440806700122884 -0.0005940679120773967
0.00967728791693033 0.0006114204187930206
0.006115918264258428 -0.0037382904639768886
0.002030000794710008 -0.00020027912057918266
0.0004033188641312961 0.0007860798237576267
0.005659025423909063 0.0028017208218372013
0.005095391227881568 -0.0036191556692649553
0.0012491131951407406 -0.0004885393184153781
-0.0012226126739109386 -0.00025484000494197884
0.001291090261312184 -0.0008291932858811313
