16
0.019184260268305664 -0.04139033393347109
0.02215602684509242 -0.025001843891524055
0.029247304013526404 0.009098105175961949
0.035511087351746795 0.026035453745080157
0.009224182020450594 -0.036442078547082826
0.011828205707602632 -0.02142229924938907
0.017121629164389945 0.012858194434399535
0.020350229246344564 0.02749423433312478
-0.01276630698368999 -0.031911129291225866
-0.011548367023975275 -0.015041937559541465
-0.00857372729609293 0.022483417721710395
-0.006601153848826567 0.03815693573998409
-0.02615614679329749 -0.031613866312092676
-0.022702255518904025 -0.010891507523005049
-0.019050420772582736 0.029127450351066224
-0.019334512437256573 0.049806850785835126
