16
-0.017570128337225516 -0.012278850557803169
-0.007905175310294879 -0.01574522806383562
0.009426340383007648 -0.019109527785875297
0.017888806610419417 -0.01957245708356802
-0.009529232243965747 -0.015570737128742719
-0.004370693873162452 -0.01651742081469703
0.006159672775077332 -0.018754042099089586
0.010176860961467277 -0.018693964527657064
0.006745603864748462 -0.01732921476813423
0.004985038934374321 -0.016592436397968136
-0.001359758565330176 -0.015414865397753802
-0.004618120806230537 -0.01481301859721147
0.015422653444568465 -0.01714280947982939
0.009580038984678652 -0.015751786166726987
-0.004066145436560531 -0.013679642328083112
-0.011886008478410414 -0.012010208266759142
