16
0.014291172186098298 0.02150508328314009
0.006570322221099251 0.021169173843266484
-0.009742727044418717 0.014410789328953628
-0.019184029896212755 0.011482906473325217
-0.001176050292998636 0.013874121433618023
-0.0017920638430360164 0.015394270073497838
-0.009928951863882245 0.012329055503118764
-0.015003648428046313 0.01110161857176074
-0.017281237266507658 0.00876215467077947
-0.009941615951063892 0.012759330142886287
4.041155673867992e-05 0.016133000687533837
0.0007080384514027199 0.015729502260709467
-0.022973744851198147 0.012287886042841579
-0.011154777363093093 0.016596951121301013
0.008825082274720246 0.022999114097585285
0.0149839112111643 0.024059626620535554
