16
-0.031104830902808387 0.0059640710155451325
-0.024245823178995606 -0.004436393285737213
-0.02010970446635689 -0.02488637382593123
-0.02080262329515356 -0.03778580614103256
-0.01955000648585813 0.012150656046279995
-0.014818022577229861 0.002273963756922078
-0.013095125823646636 -0.017838368126573086
-0.014112234333623868 -0.028144332548538528
0.005454038576988274 0.026133701325349784
0.007270734808774213 0.0147288820984064
0.006744311133835484 -0.007859460637428949
0.000174281446825803 -0.01651877983161378
0.018729669539112516 0.03509876450443093
0.01759274182314978 0.0203236086421172
0.016409507305428953 -0.0033783817763707483
0.011972977966172622 -0.013591363430557397
