11 4.41486469560479e-06
33 5.953645817462566e-06
123 1.644989713975978e-06
125 2.2353348303278474e-06
194 1.7059556576996685e-06
359 2.126896457980907e-06
381 4.8201130286217544e-06
386 1.4943662997157522e-06
410 1.279612280887618e-06
435 3.3537857808748035e-07
528 1.9211827812069984e-06
538 5.7213775599628626e-06
561 7.644044488872872e-06
593 7.088870168360891e-06
628 3.443119408666546e-07
644 3.511327048427251e-08
654 6.968594298958005e-07
665 4.4083122760824585e-06
677 1.1718576582066158e-06
697 4.1797064202881477e-07
725 8.610056075583096e-07
742 3.498918387755921e-07
748 2.0174814869599887e-05
751 2.3785202551362542e-06
755 9.957352840601437e-07
763 1.6694856478568503e-06
31 1.3968395483822414e-07
348 6.228922621392706e-07
390 2.4932837096628046e-06
439 7.465119191331933e-07
640 4.9625371936379e-06
649 2.4927354309861237e-06
652 4.6225812136203387e-07
656 8.440596861332299e-06
740 6.95248394863919e-06
768 8.54890318040245e-07
770 6.066417627382191e-07
43 1.5883047403629144e-06
373 5.302637916785771e-06
442 2.175362199501045e-06
554 2.7282116010442813e-05
569 7.1636643269425004e-06
660 1.6546191967599752e-05
39 1.6658121844887873e-06
62 1.0807555060971702e-06
379 6.208936178770714e-07
416 2.6565744629928768e-06
424 2.176722476164286e-06
440 6.300503390882573e-07
573 4.309874949141127e-06
615 1.0336826712822247e-05
630 6.42933236225328e-07
633 8.693005476601997e-07
655 1.5986676956103565e-05
663 7.966461994499487e-06
669 1.0173369260704463e-06
707 3.1348808569495154e-07
739 3.8731816953500506e-06
746 3.35294620443273e-06
749 5.56238046326712e-06
752 4.407024418227742e-06
762 1.9152274272872103e-07
345 3.177082057089929e-07
392 5.221437406266931e-07
411 1.3807563235387613e-06
479 1.790567141024261e-06
532 3.1124448734261652e-06
617 2.9085201197710754e-07
650 2.0072693835968764e-06
653 2.3353700410294384e-06
741 1.3185973068258115e-06
769 3.8812328571248606e-06
36 3.104437499017786e-06
40 2.7242555057695694e-06
380 6.401578492964762e-06
