686 1.8549570943723544e-05
49 1.4471362117135196e-06
255 6.615147683633594e-06
764 2.646493027719189e-06
771 2.486447694524209e-06
567 4.961540206701722e-06
391 2.437962849728597e-06
480 1.2193066990084887e-06
5 4.6189297015355935e-05
19 1.8222893027284094e-06
20 3.1116346486952145e-06
30 1.4746178240493939e-05
38 4.3386982781664996e-05
44 2.5035005220600773e-06
95 0.0001442575846817175
96 4.003514974561819e-05
106 2.5562511772803474e-05
134 2.9992544658663687e-06
185 1.388441506086029e-06
220 8.676609732991476e-06
240 3.4584444063211302e-06
248 1.5046250113507773e-05
261 1.4096559274397932e-06
298 5.141106868932813e-05
385 1.5012594563914114e-05
396 3.175858594579814e-05
414 3.873675486830263e-06
452 5.548111314208361e-06
497 2.639589881216679e-06
565 7.705222721708755e-06
566 3.1272559340746966e-05
580 8.26154142674103e-06
589 1.3218320689641911e-05
595 1.1363141227735127e-05
647 9.18057453357463e-05
651 5.945051536530939e-05
661 1.999162950105266e-06
732 4.1949065544369446e-05
750 9.210246500146315e-05
774 5.9218239368260005e-06
779 9.613143231054127e-06
782 2.0744834708543705e-06
575 2.614052503496742e-06
785 1.3426112176113674e-06
800 1.5517547120343516e-06
358 1.3381083490591856e-06
219 2.8720667708049434e-06
643 8.352187176342051e-07
260 1.5976628775623526e-07
773 1.0775180282356253e-06
259 2.7106556541223438e-06
508 6.370554520362136e-06
502 1.6051199408018783e-05
383 1.5999510377678326e-05
780 1.0796438780926865e-06
143 2.891406891192771e-07
202 4.085232139408283e-07
