378 2.0777163800361786e-06
754 5.565974634179114e-06
37 1.5453735244130535e-05
618 1.5698107432476427e-06
477 6.317007463517375e-06
781 1.6266991768633536e-06
291 3.79539232868514e-06
610 7.0452595022439285e-06
387 2.6013650128075675e-06
509 5.562757745785292e-06
775 7.148731957977404e-07
645 7.432997709056324e-08
215 2.25499605623859e-07
500 1.0729579504030122e-06
572 8.328555563240014e-05
622 1.782278991065382e-06
767 8.322302046295724e-07
254 4.409589366274458e-06
776 1.749140169949823e-06
744 3.7605617522710304e-06
51 3.389844039143302e-06
756 4.362712645264709e-07
778 1.794747393920627e-06
150 2.64957172899059e-07
190 7.141968152016996e-08
258 1.0825874078849887e-06
518 2.6725427130821707e-06
658 1.9798250168098353e-06
733 8.663654037100423e-07
142 1.2765480640811155e-06
397 3.6107701496117757e-06
738 4.983222892888645e-05
203 2.3433244458194102e-07
214 6.87545679890826e-07
235 1.2524520533604474e-06
443 8.729777702204401e-07
537 4.920337806253856e-05
766 2.8568145759384047e-08
772 1.0101327172765262e-07
295 4.4781583773275813e-07
657 3.1077102989114386e-06
735 1.6633247991593103e-06
268 1.8808660564969953e-06
389 5.351330577445965e-08
103 1.5694764545247544e-06
141 1.2829361749126022e-06
225 1.1778047716680426e-06
252 1.6876666379767162e-06
267 3.6656495530745474e-07
324 1.5913590673677188e-06
374 5.4617986092306686e-06
659 3.127547570127203e-05
729 2.4158081781771054e-07
799 4.876133431273463e-07
579 9.672637616170545e-06
494 6.015857284512587e-06
59 5.367598721683942e-07
376 3.2157122903080786e-07
546 1.2656183304272801e-05
662 8.839215181554044e-06
730 1.927702867607228e-06
761 2.086772299387162e-06
352 4.836919850276505e-07
412 6.760668048633237e-06
512 1.91695205523552e-05
544 5.459788018474182e-06
681 8.056210503267304e-07
734 8.0344548824581e-06
786 5.596367062557653e-07
156 1.2792322336617262e-06
285 2.2087659285999492e-05
288 1.313336589264116e-06
370 7.10278632895619e-06
631 2.644570532343322e-06
262 1.9040340539824336e-06
289 3.503389423288669e-07
367 2.622590493980764e-05
377 5.79189663996126e-06
540 1.2988035897180873e-05
549 1.0021235200883754e-05
542 1.7016981234375183e-05
783 1.262467463588104e-06
317 4.022786960088564e-06
731 5.550110353386875e-05
