63 6.469401877176202e-07
682 1.0229723352021156e-05
715 1.0426082331227612e-05
371 7.894305675221432e-06
27 1.1759149346053064e-05
437 4.5844596504821115e-06
445 4.880924311404219e-07
483 2.4377401929239565e-07
97 1.3419187097197038e-06
201 2.1561913290974755e-07
513 8.558362520904284e-07
177 1.0940543126977842e-06
382 4.011513892743486e-06
178 2.7263268513295216e-05
217 1.404127598607342e-07
629 6.586299911024094e-06
176 8.767114564878311e-05
407 5.465058581224001e-07
368 3.009878754576309e-05
192 2.779229400281611e-06
187 1.6055654146225479e-06
191 3.502389938325795e-06
620 1.8938693472417745e-05
10 0.0001433845521946318
562 6.866987604536696e-05
94 1.536356501298752e-07
211 1.1599573254146127e-07
284 2.522191153897651e-07
286 2.353190935563024e-07
455 6.634769410640283e-06
471 5.25381376283191e-06
175 3.484337814031366e-06
116 1.8855617183242904e-06
231 1.329491721477394e-05
646 4.139829311944569e-05
747 2.260848993940357e-06
45 4.66582218991996e-08
99 1.9850519494611916e-07
453 7.974456983692522e-06
309 2.514133265663333e-06
459 3.669705042138222e-06
524 5.277180443531825e-07
600 5.0196486031792385e-06
632 1.2843639112798415e-06
469 8.02710511518915e-06
607 1.7669400884703842e-06
107 1.2898223689050534e-07
92 7.045603899626752e-07
184 3.974151800636748e-05
552 0.00013038604865955294
171 9.707951614072318e-08
790 2.9213969294143155e-07
61 4.7528303952055116e-07
584 7.470157465399933e-07
78 3.285875839835849e-07
89 4.55155121194281e-07
174 3.511746589323799e-07
232 2.9609634835280436e-07
446 7.111846787145316e-06
465 2.745122677589626e-06
474 4.010085224409179e-06
76 3.1348035426163375e-07
464 1.6658056411073547e-06
473 1.9847806206589082e-06
788 2.0288445267114093e-06
80 5.524403997678034e-07
28 2.973013478669908e-05
798 7.446639901745587e-08
101 1.3475857726913527e-07
765 3.073374437420055e-08
189 5.178358512078752e-07
313 8.016582936379666e-07
305 5.231662382342351e-08
534 2.685537161811223e-07
777 3.7412433356177546e-08
450 2.2079664090657288e-07
73 8.059338068900441e-08
597 2.809965398049284e-07
608 1.888671674480201e-07
16 2.397654899847823e-07
250 2.741036318940498e-07
350 1.896940831715286e-07
670 1.0154874504099204e-06
614 1.7322858581329433e-07
519 2.3797953515212614e-06
577 4.0411731848125575e-06
112 9.000763137630309e-08
197 5.793691758028234e-07
198 2.1971544841032882e-07
582 2.616127260860538e-07
468 9.156593799551257e-05
570 0.0004247763046567293
18 1.089355255507353e-06
668 1.5670211376175316e-06
236 1.0395665554888953e-07
444 7.800312066307843e-07
504 8.32029069824647e-08
521 7.85097710919166e-08
529 4.997545967876999e-07
205 7.567812321272931e-08
306 1.1495012764208825e-08
461 4.5650270745707117e-07
684 7.658993532802944e-07
787 2.6981257626207685e-11
789 1.9919434388911265e-07
26 1.197736152494371e-07
55 1.4079490456479785e-08
98 3.433682422066976e-08
372 3.3366101398523104e-07
406 2.3344215008878566e-08
427 4.855380328618138e-07
462 4.4855653737915765e-07
531 7.880195190216479e-08
545 5.999783102179399e-08
548 1.5748865424614124e-07
700 1.8587661382608004e-07
90 1.7109357929375218e-07
93 9.43141325005071e-08
121 2.874950505091628e-08
237 1.433611825934347e-07
75 1.6359464316677775e-05
625 2.3581511694794617e-06
12 8.855815190969844e-06
120 1.0534452894970752e-06
182 2.9900144739800693e-06
216 2.6401158709842828e-05
326 3.517198032244054e-06
421 1.8974338722143383e-05
81 1.038452136992155e-07
204 2.106452029616716e-09
226 1.38702795747238e-07
314 4.557684753246248e-09
420 8.859960661243669e-08
7 7.549844153200496e-08
15 2.3705567369477148e-07
24 1.1455123700088576e-07
53 1.7088896496823888e-08
69 5.516003387724173e-08
74 6.220464834586588e-08
83 4.072663957562089e-08
87 5.4054761172352494e-08
100 1.754156290333601e-08
111 2.0041346153402456e-08
118 7.034071834653105e-09
128 4.973413263705153e-09
133 5.071390276073008e-09
146 5.49306503880958e-10
152 5.171364773133661e-10
159 4.6119314471875217e-10
164 1.6201315307584406e-08
173 5.570913123892269e-08
209 7.695328910706175e-09
221 5.218977392728072e-09
233 1.9200409288819006e-08
239 2.4208937845725524e-08
246 1.4784210252156192e-08
253 2.8414432471519473e-08
269 1.7165297573823851e-09
273 5.991173027366412e-09
277 5.991173027366412e-09
281 8.666984536353606e-08
300 1.4245413401498673e-08
304 1.2169807551015563e-07
315 7.205478622004112e-09
328 1.8919580439534815e-08
333 1.7088896496823888e-08
337 1.3462796292275937e-08
341 1.7088896496823888e-08
351 1.3281173194986568e-08
361 1.0328132584593055e-07
375 7.318938874396749e-08
401 1.3124985418618385e-08
405 1.2422560549713153e-08
426 1.3464138935846656e-08
433 1.4085913473230368e-08
457 3.4532550958499364e-08
463 3.1550687816133065e-08
478 1.7308877495974915e-08
488 1.279741235869471e-10
515 4.9728589128610974e-08
536 6.220464834586588e-08
547 2.1288782150933075e-08
594 2.8269200117769288e-08
603 2.905116011497193e-08
612 7.327192606584467e-08
636 3.316756828418462e-08
674 4.0491374166176e-08
685 7.518494022441284e-08
690 5.514852197798861e-08
694 4.011858005538092e-08
699 1.1767819368053483e-07
706 5.2722623543937815e-08
711 5.650190378093914e-08
716 2.9031885483774597e-08
722 1.6587343937777825e-07
727 6.220464834586588e-08
791 6.050049246252608e-08
795 1.4085913473230368e-08
803 5.991173027366412e-09
54 3.6504088389474845e-07
139 2.2791956023059994e-07
196 9.912779300669028e-07
241 1.3596230078927113e-08
320 4.830608112483042e-08
346 5.062583516409932e-09
366 2.0063816740059913e-05
425 4.503833821250779e-08
563 3.3937528814713753e-07
581 3.7255353532886954e-07
704 4.5772759085412005e-08
719 5.885464746798613e-08
797 1.9026390933061586e-06
4 2.1957085409476184e-07
8 7.973576526275546e-08
14 4.6401159275593274e-08
23 2.624008838050501e-08
52 6.220464834586588e-08
58 5.727857274558702e-09
65 1.6726596732765312e-07
67 1.2217572644491259e-07
70 5.284605599380282e-08
72 6.220464834586588e-08
82 6.220464834586588e-08
84 4.072663957562091e-08
86 6.220464834586588e-08
91 5.578850827384773e-08
102 6.345649196180487e-08
109 1.1820989952973985e-08
114 3.493552506814938e-08
117 1.263905005857443e-08
119 6.511652505730475e-07
122 9.039923694981198e-09
129 1.7738135975665502e-09
131 4.973413263705153e-09
138 3.283941215151244e-08
145 1.704155883339778e-09
147 1.704155883339778e-09
151 6.772374299203226e-10
153 1.704155883339778e-09
158 1.704155883339778e-09
161 5.727857274558702e-09
163 5.727857274558702e-09
165 1.6201315307584406e-08
169 2.8474773713573838e-09
180 1.5061424554176063e-06
207 7.695328910706175e-09
212 7.695328910706175e-09
218 6.455838558301206e-07
223 4.071967829368925e-09
229 4.423009756321721e-08
234 6.778539115966208e-08
238 1.8754987194475235e-08
242 8.891130553288456e-09
245 5.8428164093925893e-08
247 3.2965312466986587e-10
263 4.259901944612229e-09
266 2.1352107203568006e-09
270 5.991173027366412e-09
272 5.991173027366412e-09
274 5.991173027366412e-09
276 5.991173027366412e-09
278 5.991173027366412e-09
280 5.991173027366412e-09
294 1.45667611492931e-08
299 2.1171714796504017e-07
301 3.7707012833215754e-08
303 1.0824715337809702e-08
307 1.7811817342399972e-08
310 3.031081224944061e-08
319 6.779080361029572e-08
327 1.7088896496823888e-08
329 1.2584033664422133e-08
332 1.7088896496823888e-08
334 1.7088896496823888e-08
336 1.7088896496823888e-08
338 1.7088896496823888e-08
340 1.7088896496823888e-08
342 1.7088896496823888e-08
354 9.778651083960178e-09
357 1.3281173194986568e-08
363 6.220464834586588e-08
365 3.3646634932303396e-08
369 6.220464834586588e-08
393 6.231217839071914e-09
400 1.6201315307584406e-08
402 1.9233871084142503e-08
404 1.380731645626465e-08
415 1.6201315307584406e-08
432 1.4085913473230368e-08
434 1.4085913473230368e-08
448 1.9487079529443803e-08
451 6.700014792712935e-07
456 4.2947068628036155e-08
458 3.912753742563992e-08
467 2.681815759906959e-08
481 1.849127477582225e-09
487 1.849127477582225e-09
492 1.849127477582225e-09
498 1.1088872377128752e-07
505 5.0770673019817226e-08
510 7.763069969202996e-08
516 6.72381924731e-08
520 1.0919604901786247e-07
522 9.400878062732831e-08
527 5.097311683580387e-08
535 6.220464834586588e-08
539 6.220464834586588e-08
588 6.578363491335957e-08
591 6.220464834586588e-08
599 6.216578662480508e-07
606 7.117412099922187e-08
609 5.42007146599086e-08
613 5.0948489674780805e-08
624 5.676541264387622e-07
672 7.569935262897787e-08
675 6.329684209908002e-08
683 8.850923099677392e-08
687 5.7239446820681776e-08
689 3.6214206406364336e-08
691 3.58177529883891e-08
693 2.7812897667908103e-08
695 1.0503725849853953e-07
698 1.3217465068281415e-07
702 5.394142699375247e-08
708 6.220464834586588e-08
710 9.714515366755989e-08
712 5.773799968585655e-08
714 3.5770104243615036e-08
717 5.0393233290377034e-08
721 3.5848457623387385e-08
723 2.4589308622241874e-07
726 6.220464834586588e-08
728 4.2575240460924525e-08
759 1.2411930905415606e-08
792 6.050049246252608e-08
794 1.4085913473230368e-08
796 1.4085913473230368e-08
802 2.264421286504531e-08
804 5.991173027366412e-09
806 4.145112125558044e-09
57 2.60999943504243e-07
243 2.8178958193754085e-07
449 5.484384704460317e-07
490 3.256461168322796e-09
598 1.6300758699512065e-06
703 7.719649393905491e-08
2 5.4408612438097196e-08
13 4.829777533459665e-08
22 1.1284061237976833e-07
50 5.3145020683208864e-08
56 8.830170508665726e-09
66 1.9939935478030526e-08
71 6.220464834586588e-08
85 1.0457516274151388e-07
105 1.754156290333601e-08
130 1.8742165437267558e-07
144 4.130384840755746e-08
148 6.996245994962987e-10
157 1.704155883339778e-09
162 5.727857274558702e-09
167 1.5651014970255943e-09
179 7.77457122957428e-08
200 6.8166235333591195e-09
213 7.695328910706175e-09
227 1.4027305760409575e-08
244 2.2140166001801776e-08
249 2.8414432471519473e-08
264 1.445746999673282e-09
271 1.2074044528576882e-08
275 3.348827620364656e-09
279 5.991173027366412e-09
296 9.472868890127044e-07
302 1.2012420236231396e-08
308 1.114918664331843e-08
322 6.513861427755143e-09
331 1.7088896496823888e-08
335 1.7088896496823888e-08
339 7.444359128622242e-09
343 1.7088896496823888e-08
356 9.204766938245503e-09
364 1.199313469641669e-06
395 2.0000148914628788e-08
403 1.1816426591385483e-08
408 1.2357990330035589e-08
428 1.4085913473230368e-08
447 2.158808455505e-08
454 2.69714786205498e-07
460 2.4685219163892755e-08
485 1.849127477582225e-09
493 1.849127477582225e-09
507 2.0609426855976455e-06
533 5.317811525605135e-08
541 3.725435706487531e-08
558 2.8985954556293825e-06
590 1.0035071279092187e-07
601 1.8389571626068024e-07
623 6.220464834586588e-08
671 1.0116591058746088e-07
678 6.498943860499851e-08
688 3.663291216484346e-08
692 8.953992775859461e-08
696 9.411580456871891e-08
701 6.168408753706476e-08
709 5.787667611951928e-08
713 5.6548020227642934e-08
720 8.993430676710598e-08
724 6.220464834586588e-08
737 6.220464834586588e-08
793 5.2325077817347766e-08
801 1.0202969488173627e-09
805 5.991173027366412e-09
423 7.740677232468986e-06
64 3.033094641314447e-08
110 1.402683233157505e-10
466 9.580468305460593e-07
482 1.1915474883465016e-09
578 2.996938226918076e-07
592 1.6119154989793575e-07
604 1.768836498635084e-07
673 4.294209025387166e-08
705 1.1461699024028106e-07
282 5.338140333090972e-09
312 1.5476595800402063e-08
419 7.319611814470185e-08
501 4.190500587192094e-07
530 2.8699909535955814e-07
77 6.581099728184109e-08
602 9.635269338180747e-07
311 8.277757089523308e-09
394 9.523537171670016e-08
526 1.3564302374033774e-07
679 2.5740454548702757e-07
718 3.3434861019304e-07
155 2.709053359033012e-09
113 2.124865222340477e-08
104 3.748477133031152e-08
206 8.583981366961543e-09
430 1.2490565591697747e-07
108 5.596281566648641e-08
321 1.1137869964723789e-07
347 2.899794984732349e-07
318 1.3516398710290368e-08
495 1.5466057629030053e-09
550 7.69185904690478e-09
491 2.2278881811239743e-09
525 3.455970735000041e-09
511 5.3456359443783375e-06
587 2.826183029012661e-06
506 1.656865794510312e-06
222 2.454644980187011e-08
486 5.567635926855601e-09
496 9.251002061062577e-09
60 9.086180134457464e-06
224 5.871433144915078e-08
166 2.264617463409762e-09
484 2.6046864709939134e-08
195 9.327885220409569e-06
517 1.7476966028872329e-06
648 1.487416923568111e-06
680 0.00011298733899681297
676 9.860455563442603e-06
