418 3.2019162083494385e-05
664 2.3184619520849633e-06
17 6.4046413871778176e-06
564 8.441595313787603e-06
605 3.3087231333946304e-07
88 3.676546640053582e-06
503 6.241454194337086e-07
140 1.2240777417962272e-06
611 2.0841878761108083e-07
489 1.229997622607014e-06
559 7.35402550929642e-05
316 3.7489076948084994e-07
543 6.145585407637472e-06
514 5.460332928514095e-05
208 2.0563346221215998e-06
553 9.407723328181705e-06
758 2.6129805329711808e-06
760 5.487162719288173e-07
757 7.738012435104794e-07
199 1.8537165675256678e-06
634 6.546129104985264e-08
293 2.854478314504627e-07
330 1.7414272840739937e-05
642 1.1873685484129992e-06
257 6.416267089886122e-07
641 3.0132488558412667e-07
784 2.2737851442970693e-06
68 1.273681366737405e-06
325 5.322005202661502e-06
413 2.271019876103027e-06
290 1.7661492718761622e-06
186 2.330400489864837e-05
126 4.938199109824811e-07
136 5.740961330205076e-07
422 1.728484170767198e-05
127 8.105428455846389e-07
228 1.0891985180478932e-06
353 2.1875940173959945e-05
417 1.1049301978907678e-05
6 4.3236328715744805e-06
499 5.163787675595422e-06
230 4.485445263602968e-06
472 3.188932085784422e-05
523 3.6394794612468846e-05
583 1.242385179774717e-05
586 1.8598374814949337e-06
115 5.7204251014573095e-06
639 1.910202973890051e-05
626 1.2571056698352792e-05
560 0.0003574942643059845
585 4.097132633305501e-06
265 1.7136163500709149e-06
399 1.2689971577898607e-05
362 7.144346338428403e-05
429 2.5004057411618848e-05
568 7.397423348285361e-05
470 4.8047547951585745e-06
638 1.744474398811343e-06
475 8.293976111018763e-06
349 2.107768012775317e-05
344 4.384685519946071e-06
627 6.863493629223356e-06
476 5.05395765757816e-05
210 2.598930701063095e-06
431 5.773482132557308e-05
438 4.93978115747698e-05
160 1.842724975590562e-08
79 4.539285951103525e-05
621 0.00010514074590464514
135 1.4128684800086468e-06
398 5.530882551094594e-06
