149 1.5004583439866847e-07
137 5.022117847697634e-06
124 2.142762083242111e-06
154 3.1517489654313125e-07
619 6.570799675291006e-06
436 3.1042931939040885e-06
736 2.6193981515299278e-05
170 5.250635721402316e-07
9 2.0943744561509004e-05
41 2.2860201868661403e-05
576 6.889852446232087e-05
667 8.967141031726142e-06
635 2.2065552950807747e-05
388 1.422411569864628e-05
355 9.96631941357781e-07
360 2.433353167345212e-06
571 4.0811559450123884e-06
251 6.594465432896551e-05
323 4.542928216623032e-06
25 2.61936287528082e-07
193 4.145039575506698e-06
46 3.020441495806867e-05
556 0.00010083629556601948
574 2.9326605297238913e-05
753 2.9481134319083895e-05
47 4.198663922239309e-06
132 4.698694038380054e-06
551 7.310443816691745e-05
0 0.000252406910554648
637 1.8157563658371926e-05
21 5.18379789491078e-06
283 3.1581752381373656e-05
557 0.0003186364995180864
666 8.113398184226546e-06
384 8.874894948698272e-06
297 1.7405544192140216e-06
32 6.215279742584017e-06
256 3.517460988539985e-05
745 1.1816488482463724e-05
181 2.5814804210414773e-06
743 1.1053363580398082e-05
48 4.198433517739453e-06
168 7.665993285477103e-06
183 2.1067665146974213e-06
441 1.6383037935767577e-05
616 3.248259915178032e-05
34 2.3693681283076698e-05
42 5.6152496074061414e-05
3 0.00011224749752639389
172 9.497435434288643e-06
35 1.0378739290302073e-06
1 0.00010513616929907932
29 0.00016129657314977626
188 3.444499209855585e-06
287 3.623290710138155e-05
292 2.9465714737435642e-05
409 1.6887627713522507e-05
555 9.848638417093986e-05
596 2.1147417023386525e-05
