16
-0.004329246275585398 0.005124708912092039
-0.0032313905000785734 0.0019605128861118902
-0.0013369698937901946 -0.00372069161234817
9.493746018043392e-06 -0.0065359111326902765
-0.0028297107620596416 0.005192235253796011
-0.001818812259223049 0.002322148366427243
0.00014723526947224696 -0.002983699593850509
0.0015311203322681242 -0.005488946604241573
-0.0005685476134240408 0.00592037485780926
0.0007856779764705673 0.0032631931039886213
0.0033294035812081466 -0.001718151205740087
0.004471474992507934 -0.004301439170851321
0.0005751957538487141 0.006729519778361214
0.002025358630373574 0.0038533800597133124
0.004927631570372426 -0.0012666110276137936
0.006328973910947353 -0.004001160983922949
