16
0.008320205436754869 -0.02579108135630942
0.01033323730742893 -0.014322959924607293
0.016742551988560183 0.009653205354988774
0.020005715200275012 0.021914910276510973
0.004275311648188063 -0.02302214808093743
0.005750087029377241 -0.012572067586997583
0.010948647573547188 0.01013047305036914
0.01348637907105471 0.021357864638487337
-0.002652427401149446 -0.021108315870736773
-0.0024657836745210523 -0.010346123282838248
-0.000995107662094576 0.01205944238443269
0.002796610623256655 0.02316027711528555
-0.0068337276072824495 -0.021497724042302695
-0.006628482324146211 -0.009663305608958965
-0.006606676043685755 0.013733936509905655
-0.003029642086150232 0.026008587721324916
