16
0.0048893000086124225 0.014637987581803836
0.005613469814015728 0.006860127502403717
0.008263531482129596 -0.00838189436787434
0.010956526727802613 -0.01427039611293375
0.0067916351599090095 0.013628736490267305
0.00749652556266816 0.006863204531920807
0.010339272305563882 -0.007097767294018632
0.013000773682333903 -0.01216330841855793
0.009352689613474456 0.013980493235048635
0.01078387276597338 0.0074431392349409604
0.014596012735906782 -0.005361015290405814
0.016968740929099276 -0.009987295736208926
0.010656376003152402 0.015142300405552086
0.01229926059986014 0.0080799043646699
0.01667047485637437 -0.004933881585561589
0.01948728659074544 -0.009748724972819511
