16
0.006310577514437583 -0.001612143456146391
0.005248757364753631 -0.0013747597176442584
0.004780230856463261 -0.0010391906765655136
0.0047146832842530255 -0.001318983253079071
0.006082163642284376 -0.0010365703069147034
0.005085265651263954 -0.0008452303904765484
0.00470593421929641 -0.0002715697085977167
0.0047691762772704375 -0.0003305214601103313
0.00584123592446519 -0.00034960402614541867
0.0049857976833155 0.00011463271572667809
0.004424992132465542 0.0013901850581733404
0.00497405093367378 0.0016197850606785983
0.005778543848283448 8.265972597882421e-06
0.004898653981195612 0.0005891373278063593
0.004253973388163128 0.002216085246286309
0.0049642713615673595 0.002718947307624579
