16
0.02724375544001979 0.002495226201967211
0.028210657178626145 0.001092280635846304
0.028332229055037673 -0.0029815222599388204
0.028351579885830112 -0.004229888774711592
0.027347297426064968 0.002662244176892075
0.02822672947703121 0.001444111589585555
0.02844950329801519 -0.0021077562752728337
0.028527086997726766 -0.0028481616523404626
0.027495948570694633 0.003330240509207557
0.02821832159434466 0.0022013493365242343
0.028725954261735496 -0.0005733780742097658
0.028914235116776984 -0.00047608150273715594
0.027504991991793893 0.003910730685203668
0.02824170415534244 0.0026740636065102612
0.028870354021351942 5.616912110217897e-05
0.029141543650261642 0.000506221229646047
