16
0.016737343822286352 -0.00492639745922087
0.015453365468420644 -0.002889333085464861
0.0135639379329061 -0.0003775803794000723
0.012602830563979317 0.0014533713711684544
0.016839038304269707 -0.004231788768608521
0.015787901098605082 -0.002234982596651026
0.014164241326027243 0.0005530894964229212
0.01339288219801989 0.002486817440259516
0.017046998020456654 -0.0035441929186516958
0.016272352187043006 -0.0012094351530912964
0.015149559608414345 0.0025755676101097635
0.014636164171392416 0.004833106985548643
0.017302995048541176 -0.003373444429653803
0.01654512325617936 -0.000749979458880142
0.015598844373818132 0.0036525103897480865
0.015248454683088749 0.0063998121154652836
