251 8.202430945432712e-07
554 2.892814927606381e-06
567 4.851541914347513e-06
594 5.48771456692844e-06
618 7.09888738455023e-07
47 6.228507397071203e-06
113 2.4384315304957667e-06
163 2.4698837160305223e-05
221 6.23763159146416e-05
420 9.451927869100898e-07
435 2.6231985372107586e-06
437 1.8603282002214896e-05
484 9.200438322203404e-05
510 8.66214226816209e-06
516 1.3290917095108874e-05
598 2.5024852256842246e-06
716 3.263217772275299e-06
41 2.9743312336202437e-05
17 6.392386123718085e-06
32 6.878219644305306e-06
34 4.7092136033548144e-05
35 1.2454468556311137e-06
36 6.759790191742016e-06
40 5.08993336613381e-06
44 4.3568441219628704e-06
48 5.725984479204091e-06
145 1.0499091766607356e-05
211 5.004420822169314e-06
226 4.402912683132584e-05
247 2.451873977566193e-05
253 1.0610123875546778e-05
259 2.070427631674142e-06
306 1.97285172483964e-06
426 2.0880388056649838e-06
432 3.1723258902291294e-06
496 6.888878512243758e-07
507 4.462881592587489e-06
511 3.413516285971928e-05
527 1.3693521047644313e-05
571 2.4516283682700595e-05
669 3.631524031431268e-05
677 6.973965344847306e-06
728 2.516840597367932e-06
1 0.00011362011484431623
3 0.00016646562307135303
21 4.960435125568069e-06
29 0.00019754512462002308
87 0.00015078553116188427
123 2.1142889437103236e-06
129 3.0763433761211396e-06
141 2.49796311955948e-06
188 3.371736658319905e-05
192 1.1887874920485553e-05
255 3.254749621120761e-07
260 5.9573334262279904e-05
291 1.9747774525101826e-05
314 1.9049038987582023e-05
325 1.3909010219853817e-06
330 1.086505347344078e-05
344 7.192617818936045e-06
355 3.7067681916209376e-06
486 1.1608146348224305e-05
556 7.067871457199287e-06
558 0.00010645463127371511
563 8.647528444887931e-06
568 4.398864807103147e-07
570 1.8313480171007976e-07
573 3.478603596285578e-05
577 3.369518224966759e-07
673 1.778878636350223e-05
676 1.4200947203622052e-05
686 3.3138672054194854e-05
704 3.851235959351414e-06
717 3.003504510166072e-06
494 0.00021809822693598464
0 0.00019881743252753948
9 1.635551768610363e-05
18 1.2444110988943634e-06
25 5.097349443733852e-07
27 1.2585782926839834e-05
28 3.424779315525599e-05
46 4.2874056214791824e-05
49 2.24891414301142e-06
105 5.254280924016528e-06
106 2.3273759227762973e-06
114 2.5593592216461966e-06
128 1.940543126771637e-06
135 1.7689809666606587e-07
143 8.359890079095235e-08
147 3.037195346592085e-07
149 1.666987059460194e-05
151 7.069899816725391e-07
153 0.00010525229445156937
154 9.540882946367125e-07
161 4.946411329504801e-05
171 2.552078436426153e-06
176 1.7188528819782522e-06
199 1.0420050923492279e-06
202 1.4941118743847694e-05
227 1.070767472306081e-06
230 4.3607488002461603e-07
244 6.974264095337867e-06
252 1.9799209355920516e-06
287 8.022322014593508e-06
299 2.7821915113602016e-05
304 1.3387506781332345e-06
310 9.989169252745762e-05
334 1.6807222541966358e-05
336 7.016692151702105e-06
359 3.3450275145380207e-06
361 1.1442677560771451e-05
385 7.424264664252887e-09
422 2.6522436972682103e-07
424 1.5101095465695556e-08
431 1.980287527871095e-08
438 5.299424951806231e-07
443 5.87929597003535e-06
448 9.07075221700233e-07
458 2.9193907821330367e-05
487 1.0748990091170296e-05
498 8.736880921398301e-05
502 3.664963040320196e-05
523 4.021376434746824e-06
530 2.442416124561111e-06
542 1.6775705127443522e-07
544 1.7590081523840224e-06
552 9.005548054880207e-06
562 1.3798545302463163e-05
564 5.719402619950269e-06
565 7.2452644571710075e-06
575 2.374935152506733e-05
580 1.6963151989622439e-06
602 4.854480240232508e-06
603 7.289058627053174e-06
604 8.92751465012636e-06
666 2.465173483819749e-06
713 1.7287351535654525e-06
715 4.5677342206782756e-06
2 7.801614580528437e-08
4 2.946552252265471e-07
5 6.426957517692508e-05
6 3.855602657491216e-06
7 1.675266426346412e-07
8 1.7743894300075948e-07
10 0.00015231192746276119
12 1.0130658644276705e-05
13 6.419690861852013e-08
14 5.966041098380588e-08
15 1.4437411106225134e-07
16 3.1627365569542706e-07
20 4.157107249058142e-06
22 1.3325862800646767e-07
23 9.03520566309368e-08
24 1.661897501503514e-07
26 2.1051794696306762e-07
30 8.497297519610084e-06
31 1.3341036823795973e-06
38 5.0970549688611525e-05
42 9.99918326283512e-05
43 2.504687676672722e-06
45 8.443148906884155e-08
50 3.030080660926117e-08
51 4.125869855041153e-06
52 3.432166585706289e-07
53 3.3533760292927793e-08
54 3.0886557634075965e-08
55 5.883945791286562e-07
56 6.846343547857208e-07
57 5.514423429292899e-08
58 6.20354846943581e-07
59 1.0528048711796122e-06
60 6.197327782624178e-07
61 6.856487921175272e-08
62 2.301220330696761e-07
63 4.1735850978233754e-08
64 1.6566819624634304e-07
65 2.3550744090981723e-06
66 9.711403202722287e-10
67 8.738962659593361e-08
68 1.22352987827426e-07
69 2.0462616964515377e-05
70 5.109779599318174e-07
71 1.8111505288894485e-07
72 3.635629699686777e-07
73 5.625323747264801e-05
74 6.97614128333073e-07
75 2.1621205652332694e-07
76 3.5620198354055e-08
77 3.562019835405504e-08
78 2.520879274635956e-07
79 7.850813932806332e-08
80 5.243239084030655e-06
81 4.6673839602727056e-07
82 1.93520932181331e-07
83 1.3439316576863164e-09
84 4.1650366018102036e-07
85 1.7767002416514798e-07
86 1.5374596599990078e-07
88 1.0859791684195831e-05
89 5.817832173370187e-07
90 5.4177513480885655e-08
91 1.2007905953351366e-07
92 1.2747181634999384e-07
93 8.430725807157568e-08
94 3.6456750594901038e-06
95 3.7094160659819766e-08
96 2.401080250093834e-05
97 8.692141558554963e-08
98 5.989647904471486e-08
99 3.227088777027835e-08
100 5.159697001284304e-10
101 2.9404818752839243e-08
102 1.0361053628578816e-07
103 3.2398907147987275e-08
104 6.81647612822321e-08
107 2.0953324671292723e-09
108 4.4442025884089365e-09
109 6.521557376234636e-07
110 1.0086633884099963e-06
111 3.179921900990978e-08
112 5.610149124804676e-09
115 3.0698014522310316e-06
116 4.939558482796103e-07
117 9.400536236385169e-07
118 7.68125723798173e-09
119 1.0473382209984929e-08
120 5.239844197315353e-06
121 2.937331863154632e-08
122 4.6759025724788845e-06
124 9.834676863258026e-07
125 5.090778594074439e-06
126 4.5549820960236244e-08
127 2.2698185211344776e-07
130 2.731868570566475e-06
131 8.778116808758729e-07
132 7.17437192738464e-08
133 3.3172333590765493e-10
134 2.0285447632665088e-09
137 1.3944857092576124e-09
138 2.5950891146034685e-09
139 3.885958308972554e-07
140 7.830510553164333e-09
142 4.342423555145911e-09
144 2.825975637928093e-09
146 1.0166104425795195e-09
148 7.33723672833411e-08
150 1.196102016457895e-08
152 4.304354276133791e-06
155 2.3654576223102678e-05
156 1.045185810839395e-07
157 1.4092888576386547e-06
158 4.5306553299055025e-06
159 3.2639870794241846e-06
160 4.2444688300400126e-06
162 2.3140567039486152e-06
164 1.7535026938018954e-06
165 6.163404033672609e-06
166 5.643576740906717e-07
168 4.232909571433572e-06
169 3.360640760048374e-06
170 4.9096457662829935e-06
172 9.819247952648661e-06
173 8.548179913401607e-07
174 6.881089810760999e-07
175 7.948340910715323e-08
177 1.5670581090102463e-07
178 9.106554150467637e-07
179 1.2595777771289745e-06
180 2.6208829267385602e-08
181 8.60595928297268e-08
182 2.104228661423677e-08
183 2.3989254970847576e-06
184 3.5484310119836756e-06
185 1.1533953276485897e-07
186 3.6308772925551607e-06
189 1.383421349055272e-07
190 7.393533308255661e-07
191 3.6007579070807123e-06
193 3.640034880711838e-08
194 1.286276003639989e-09
195 7.660586031398687e-08
197 1.7025612955625086e-07
198 2.5552340857334078e-08
200 2.602432767908424e-08
201 4.4324129482530275e-06
203 2.4831929756712464e-07
204 3.503033898440377e-08
205 1.5062342613844089e-07
206 8.89094731710383e-07
207 1.5537047862471013e-07
208 1.8894010958492487e-07
209 4.548923503744637e-08
210 3.127255038044959e-08
212 5.1125028404604986e-08
213 3.4643854876047176e-08
214 1.9734440272865485e-10
215 8.666166611166922e-09
216 1.0617772350896915e-07
217 4.034365969690861e-08
218 8.830920265934062e-10
219 7.293316331225278e-06
220 3.914822693486794e-07
222 4.418597129944387e-07
223 3.2310133068605324e-06
224 7.877655896621998e-06
225 1.3993676227474451e-05
228 3.483335509763751e-06
229 5.642780440413155e-06
231 3.153566568595722e-06
233 1.3161984024865405e-08
234 6.495425529661113e-09
235 2.4606209954860637e-06
236 7.970518832287861e-09
237 8.097677279856086e-07
238 3.809501581867003e-06
239 8.737975226410228e-09
240 1.893354793484672e-08
241 1.1141490716950866e-08
242 4.7236417681986874e-08
243 1.7067178117074747e-08
246 1.4250859725340662e-07
248 1.848938934783113e-07
249 3.891452171129487e-05
250 2.414251135949922e-06
254 4.2204415959459e-05
256 3.3904168788547424e-08
258 1.1336064202599466e-06
261 2.4962050878351805e-07
262 2.9426253653219758e-08
263 1.6884530191970896e-08
264 2.1599116117037928e-08
265 2.691072678628539e-08
266 1.6536818173471158e-07
267 8.387122176123284e-08
268 2.7299233767837967e-08
269 1.866562563432473e-08
270 1.9590293734469683e-08
271 3.0498413836219313e-06
272 7.306463389747128e-08
273 2.5604778325202933e-08
274 4.005908430310601e-08
275 9.871380024508113e-07
276 2.167941803853847e-08
277 2.1915079922345565e-08
278 8.703551457358188e-07
280 4.3589514483499754e-09
281 1.2014965555644926e-07
282 6.59187010841874e-08
283 1.361015564656845e-07
284 2.8844888306978536e-08
285 5.554655887188574e-06
288 4.243754113189596e-06
289 3.860187718441904e-08
290 5.8569078352903095e-09
292 2.0204879714050666e-08
293 2.987771168321471e-08
294 5.9299535077536586e-06
295 2.9977584636766e-06
296 3.3606112902761256e-08
297 3.48374642972393e-07
300 1.9792015265301196e-07
301 9.586428789603307e-07
302 2.4327753167500124e-05
303 2.7073409895034908e-08
305 2.581148759387404e-08
308 2.7047839788658286e-06
309 1.415050533221931e-07
311 1.4634504730860506e-06
312 8.70085290979685e-08
313 1.677230635489453e-05
315 3.2515043684230146e-05
316 8.134793245020087e-06
317 5.121946943688188e-06
318 3.092887656482771e-07
319 4.850575970593268e-06
320 4.9590244566232876e-06
321 9.791623265322204e-08
322 7.444043701631289e-07
323 6.081982555707269e-06
324 4.184481825357173e-06
328 1.8575438626191765e-06
329 7.637351974140968e-06
331 2.4309741750921244e-05
332 3.4845003994100124e-06
333 5.101445285859185e-06
335 5.873518065490791e-07
337 3.9682605998957455e-06
338 3.3727143182582607e-06
339 2.190632893310596e-08
340 1.3274579160311665e-07
341 1.947887145337941e-10
342 6.548048796172121e-06
345 1.1155107505444824e-05
346 1.0365419149171082e-08
347 1.2771716324205177e-08
348 1.0823344211320353e-08
349 2.131250400818211e-08
350 6.168014706525147e-10
351 3.879116915570653e-08
352 5.608906234269253e-07
353 5.48598459107676e-09
354 1.961937993553905e-05
357 8.037079280320266e-06
358 2.6848331492279204e-06
362 3.540607583012066e-05
363 9.589517910714656e-08
364 9.234590031198554e-09
365 2.318486197740736e-05
366 2.0139387660603235e-05
367 1.0302962925027477e-05
369 6.290648367121567e-08
370 1.5704093715347682e-10
371 3.181140648751607e-07
372 2.944343483023201e-05
373 1.2110003080209252e-07
374 6.659167959342994e-05
375 1.7341027030002052e-06
376 2.8180942233565074e-06
377 3.1259995927051185e-06
378 5.353885523235496e-05
380 3.0576609756185233e-06
381 2.2154914443004495e-05
383 1.6808460733881126e-06
384 8.955530961716032e-08
386 1.5362278069623064e-07
387 6.800403155526141e-08
388 5.239609798359469e-08
389 3.053775850931575e-08
390 3.5835960960580283e-07
391 7.688326231442761e-08
392 8.41133178838873e-06
393 2.1863842993763797e-07
394 2.5287514998361592e-08
395 3.5274479990889506e-07
396 1.2947026554630664e-08
397 3.517030603704586e-10
398 3.2278868872806743e-07
399 2.8171529679218973e-08
400 1.8161237557084513e-07
401 1.8378414214747769e-07
402 8.159257776740455e-09
403 1.206818264514014e-07
404 1.870213897728679e-07
405 9.772520071341048e-08
406 4.4187532594669554e-08
407 9.226622853827805e-05
408 8.6738421269333e-06
409 8.48075286239728e-06
410 1.174926156103188e-06
411 3.556484945255655e-05
412 1.6373926723086282e-07
413 1.4107346837467185e-07
414 1.030153038770436e-05
415 3.176427042579779e-05
418 4.355969928018161e-08
419 3.4291321113635517e-06
421 6.672340768689434e-09
423 9.770869169092284e-09
425 6.601241001301969e-09
427 5.256671568716177e-09
428 1.2303367590289082e-08
429 7.203820340471727e-06
430 1.2694004991083282e-08
433 1.6237815801339553e-07
434 5.619447210353691e-06
436 4.0414167967077584e-07
439 2.1046967242920941e-07
440 1.127035240009822e-07
441 1.6850864078977233e-06
442 2.4045171398455354e-06
445 1.6430918105314233e-07
446 5.760187026911098e-06
447 6.585889911716014e-06
449 7.503468055734129e-06
450 1.5474600885469068e-07
451 1.0860457777969809e-07
452 1.2049372793696292e-06
454 2.774476728848812e-06
455 1.4857849018169203e-07
456 1.5169658520558666e-07
457 2.185672786400082e-07
459 3.2798576088551915e-07
460 1.0302676811850478e-08
461 1.8729234738966331e-07
462 1.9291803455677013e-08
464 6.770186634562205e-07
465 3.3166805414317275e-07
466 2.3032446423456098e-07
467 2.4152236434285784e-06
468 5.990234650533859e-08
469 2.0994917587536723e-07
470 2.063563319186628e-05
471 6.759128069536056e-06
472 1.7385995763526407e-05
473 1.1006405584844969e-07
475 8.620989005458394e-10
476 5.809293712214631e-06
477 6.546943265739801e-06
478 1.0955489309816559e-07
479 1.502272003489592e-05
480 8.165047286276096e-08
481 1.2105864889141937e-07
483 3.2793998304482935e-08
485 0.0001498120795946019
488 0.00010503382189559236
489 7.928133944934046e-05
490 0.0002444055668613826
492 1.4682203275084283e-07
493 7.130289127476477e-05
497 3.970122528911099e-06
499 4.29300810600399e-07
500 7.342787215781608e-06
501 1.1589422314300845e-05
503 5.897997211347367e-06
504 7.775100029989433e-05
506 0.0004971812885400539
509 4.347092265405626e-06
512 2.9545293014613248e-06
513 1.3182676758212104e-05
514 4.264741215809825e-06
515 4.7015561616645145e-07
517 6.383499509044018e-06
518 5.851986094604096e-07
519 4.595178978445659e-07
520 3.4274517454439194e-06
521 1.3189835944573863e-07
522 1.1967033446236136e-06
524 1.59636064855336e-06
525 3.7025990434878765e-06
526 9.216352048444868e-09
528 1.261853503799032e-07
529 3.2963433417525574e-07
531 2.1893638502865633e-07
532 1.987195808519361e-05
533 3.2941674666994806e-05
534 3.961168382825813e-07
535 1.3188498454467312e-06
536 1.003018334692795e-06
537 5.691452899852966e-06
538 2.2622958265870338e-07
539 1.0773605043460995e-06
540 9.530799784882963e-08
541 3.784751529809861e-07
543 1.4088807421436462e-07
545 3.579940288291089e-07
546 1.6839319476926858e-07
547 6.1442596168373436e-06
548 3.914873767787825e-07
549 2.2182225983625337e-07
550 6.395250167180886e-08
551 2.583651227362932e-07
553 5.300006678928208e-05
555 3.5943794456197784e-06
557 2.2184799217455972e-05
559 4.8102844814194256e-06
560 8.001999822400161e-07
561 2.4055278144857793e-06
569 3.7168582334875e-06
572 5.4309857558289466e-08
574 2.267467578157869e-06
578 1.4996535058225783e-06
579 1.540813181276461e-06
582 4.274227935984076e-06
584 7.540829106508227e-05
585 1.535876789138764e-06
586 7.768026772190717e-06
588 6.954835380570672e-05
589 2.112881292779595e-06
590 3.2985034893438985e-06
593 8.060691795618704e-06
595 3.209031462580243e-06
596 5.475803144844058e-06
597 1.7045817487516533e-05
599 5.664381265556556e-06
601 2.903765214364644e-06
605 6.846187123199785e-07
607 1.1851367747633174e-06
608 1.7725140052975479e-07
609 1.5765484858892697e-07
610 1.5480644678560976e-07
611 1.8709904454218762e-07
612 1.4583400342165863e-07
613 1.0480723246588764e-05
614 3.06281391663524e-06
615 1.0239128705965943e-07
616 5.12770367597468e-07
617 0.00012787210384669685
619 1.050869502607229e-05
620 1.69934600043319e-07
621 1.5137012186843389e-06
622 1.6541767007447844e-07
624 2.3077923128265463e-07
625 1.8673209633190725e-07
626 1.3450683224441292e-07
627 3.025734129743629e-07
628 1.0705780755585716e-07
629 3.3592898517686555e-07
630 1.3220717435565445e-07
631 9.546483741102953e-08
632 1.62165768711501e-07
633 1.472543744640998e-07
635 1.5907404949700704e-07
636 2.4524434428522905e-07
637 4.353100190229571e-07
638 7.72418356260546e-08
639 1.1900068529496526e-07
640 2.421970444293287e-07
641 1.4418561983050446e-07
642 3.1047643939295755e-07
643 1.5539313034140596e-07
644 1.1634807320389857e-06
645 1.2268399626896925e-07
646 1.1903777160188097e-07
647 1.7792083117544135e-07
648 1.3005058900002938e-07
649 1.4283285910022063e-07
650 2.0877712016460487e-07
651 1.108008689142505e-05
652 1.2577657522070361e-07
653 7.960292771969684e-08
654 4.1114809048116996e-07
655 1.8407903922302295e-07
656 2.1171536237854967e-07
657 2.44257257168937e-07
658 5.289173228384183e-07
659 3.4585662021011126e-07
660 4.6700727995230925e-06
661 1.9513299912422543e-07
662 3.3124175495903617e-07
664 1.2989011089338532e-05
665 1.4855726345303893e-05
668 3.874508166945164e-06
670 1.0191922496891353e-05
671 4.126108481055839e-06
675 2.9623568342115724e-06
678 1.3335408664404749e-05
680 3.3157596987425864e-06
682 4.314330539676547e-06
683 2.7509509175525826e-05
684 4.883029969624214e-06
687 6.84013569893921e-06
688 3.1536810253106227e-06
689 2.6018881705756483e-06
690 9.423949047526287e-07
691 2.537399399965071e-06
692 5.14725571048589e-08
693 8.189213336321621e-07
694 2.4233757193666497e-06
695 1.9432685991907135e-06
696 4.514437057732342e-06
697 3.1542571288246644e-06
698 4.530825600988592e-08
699 4.625311717301577e-07
701 5.6335966009799e-06
702 6.953194349372405e-06
705 7.639776203101219e-07
706 1.4165329465548102e-06
708 2.724361588851265e-06
710 8.20687367185703e-08
711 3.7769209239555954e-06
712 1.1637518958249599e-05
714 3.0042506589900474e-06
718 2.295798799026005e-06
720 1.652371925303203e-09
721 2.0050709585640316e-06
722 3.1034137270783633e-07
723 1.9514096908678541e-07
724 1.157138805738929e-07
725 2.170603354056608e-06
726 6.130443544205417e-08
727 1.1093841708001144e-06
729 2.747966466510981e-09
730 2.0018098267628635e-08
731 1.2711778174405873e-08
