11 3.022820656329005e-06
19 2.6786301341015536e-06
33 4.601082143582369e-06
37 7.093985309378693e-06
136 5.001025302663988e-07
167 7.492345047638824e-08
196 3.333513770147341e-06
232 2.4331693316503304e-06
257 2.2490024569005866e-06
279 3.1726478651385198e-06
286 1.7810636958077587e-06
298 1.5399028472294622e-06
307 2.488967895345069e-06
326 2.3508412573408775e-06
327 2.83190386007172e-06
343 3.309008018005045e-06
360 3.514502939642615e-06
368 3.474624145224722e-06
417 3.675665660696262e-06
444 3.479237502541714e-06
453 1.7709806655414306e-06
463 6.712585779206916e-07
474 1.4747781445692038e-05
482 1.3014687068997071e-05
491 3.724782598503604e-06
508 6.356452390744954e-06
566 9.290274966220215e-07
576 2.1854217011402095e-06
581 5.628117829007036e-08
583 4.031584585099482e-06
587 2.5994721494759295e-06
591 1.5017389796280413e-06
600 1.1645752566001312e-05
606 4.053202043647906e-06
663 3.1263787104422925e-06
667 3.0287337910170573e-06
672 2.187763730433459e-06
674 1.6587297216493886e-06
679 3.00564359777668e-06
681 1.1196758927335107e-05
685 5.106820129733303e-06
700 3.8704732461890775e-07
703 1.994121808002517e-06
707 7.960809080470352e-06
709 2.264546187298944e-06
719 7.533191563014329e-07
356 1.909814923007437e-06
495 1.2034040875248544e-09
505 6.133890514477873e-06
592 1.09675137267554e-05
623 1.266620210063331e-05
416 1.815418094272534e-06
39 3.1180573276026306e-06
187 6.954046773830723e-07
382 4.220683385709401e-06
379 1.4369707232505224e-06
547 5.775062670150778e-06
634 3.2733341121315245e-06
245 3.310494953489324e-06
