176 2.2713541538393004e-06
122 7.484139650585764e-06
584 7.883789431790911e-05
557 2.320398933837017e-05
154 9.8453701803113e-07
431 1.514835404241331e-08
227 1.1993619880851004e-06
544 2.0007010070916216e-06
366 2.1297648068645748e-05
141 3.03996929172079e-06
352 6.037082619170425e-07
159 3.4893170537171944e-06
361 1.207854150042381e-05
424 1.0436609235814787e-08
105 5.449540858992014e-06
385 6.043862435662647e-09
371 3.175028801597647e-07
18 1.3018953498217718e-06
315 3.339605071761954e-05
344 7.864511113712914e-06
128 2.6603888437423277e-06
556 7.2931381812927795e-06
174 7.241442942470216e-07
177 2.520308275027117e-07
45 8.690286601103708e-08
297 3.431471799301921e-07
713 2.2709026542889613e-06
89 8.04719963247558e-07
712 1.3362506705459662e-05
299 2.9956594107349345e-05
520 5.5885238958346696e-06
106 2.42473219438211e-06
12 1.0766827127586605e-05
152 3.9145810029332584e-06
166 5.881900379978848e-07
151 3.663730512041335e-07
275 1.0606235188620397e-06
390 3.649669460595342e-07
421 3.56547324454148e-09
430 7.25661434913972e-09
522 1.0999653428329943e-06
542 2.7361433450265357e-07
175 8.182463151767741e-08
139 4.337203808326273e-07
96 2.6782229017408884e-05
248 2.1318146025485203e-07
69 2.028960365030233e-05
246 2.286965213353348e-07
148 6.702862612194564e-08
428 6.394449335298039e-09
395 2.234195455085467e-07
438 5.969828547565882e-07
278 1.2479981657049175e-06
201 5.027705023204939e-06
720 8.922014667936214e-10
578 1.7895002512509762e-06
434 6.164914548812787e-06
403 6.933014503646455e-08
607 1.2459842369344595e-06
202 1.539130710005859e-05
514 4.3908989586482195e-06
545 1.875196374028668e-07
365 2.402288250641917e-05
16 2.126463267728244e-07
398 1.543524738627966e-07
25 5.493133922699703e-07
143 9.783377144762716e-08
486 1.1889199991802354e-05
396 7.838531166999386e-09
729 1.2808191663318967e-09
241 6.204102360280185e-09
183 2.892799675610371e-06
603 7.538356964526332e-06
372 3.087943444613338e-05
367 1.061562684068241e-05
551 1.383840175368413e-07
208 1.5042600177572445e-07
412 7.655848624674077e-08
427 3.531555466841868e-09
519 2.269291047212326e-07
243 1.1823144871981314e-08
135 1.9828172727275778e-07
334 1.7608196017063107e-05
510 9.60754344633379e-06
524 3.056023582060212e-06
476 6.4944168205317085e-06
203 2.2959076622205433e-07
207 1.4758784177944913e-07
271 3.2379478582802427e-06
304 1.4508069416580597e-06
46 4.3974384967820354e-05
9 1.705493376112075e-05
191 4.560133705935299e-06
472 1.8726602713503302e-05
220 3.1903469481926853e-07
393 1.2612293551479158e-07
560 7.484027183063085e-07
413 7.019481988728489e-08
534 2.4538809381041986e-07
400 1.0601116928073069e-07
686 3.465910926581012e-05
80 5.572910204656236e-06
599 6.311675532972625e-06
345 1.2190918678586061e-05
213 7.4132780937909425e-09
370 8.48977101204426e-11
384 2.4758454817322487e-08
499 4.200627958729029e-07
217 1.0488467270642109e-08
386 3.766616980810181e-08
116 5.569281616731791e-07
308 2.854393457521742e-06
449 8.898078371265342e-06
605 7.080683640757095e-07
690 1.2137053537672121e-06
184 4.6905472237663295e-06
389 8.999996819924326e-09
4 2.907000207605385e-07
210 1.0556312094179968e-08
216 5.843626622757058e-08
234 5.516211435393106e-10
404 4.893355959230279e-08
541 2.1284846308973675e-07
405 4.893516518997169e-08
528 1.2896840413026957e-07
57 1.42686187128575e-08
205 6.012748464238366e-08
212 9.960605868028709e-09
233 4.499738258490927e-09
240 8.821285538864391e-09
311 1.4511066724901437e-06
391 8.471628235601776e-09
425 2.2465823225045485e-09
515 2.944683364398704e-07
288 4.451324072758403e-06
490 0.00024965206775046713
314 2.2678594639585834e-05
561 2.47179473486483e-06
574 3.1678223197372326e-06
328 1.997444340495199e-06
358 2.8807709801602038e-06
109 6.736047000904478e-07
492 1.034364611035707e-07
239 3.0755618554576455e-10
263 1.2573739940711928e-08
346 1.2699201912965489e-09
394 3.842348982211946e-09
401 1.6544716588016615e-07
518 4.354564346614326e-07
529 1.0627464575893599e-07
538 4.432632602238632e-08
550 8.73861956630898e-09
615 2.995383525590961e-08
730 3.4908032871267583e-09
66 6.649239082757724e-11
274 2.58835248275583e-08
350 8.899789279540177e-11
54 3.077983444548607e-09
236 7.413073199697271e-10
353 6.002781739721709e-10
406 1.1559359678752703e-08
531 3.19053061216941e-08
540 9.757371043494766e-09
549 6.22140628681812e-08
731 2.4356401214300797e-09
575 2.2499503204901778e-05
693 8.506186655199234e-07
410 1.0817969987797056e-06
548 4.6866017033007667e-07
669 3.5276674582374124e-05
120 5.491552707139691e-06
489 8.090239547623968e-05
377 3.4092745114385065e-06
585 1.5792793835110913e-06
124 1.586961499518969e-06
302 2.5151964598987233e-05
218 4.6392049991643804e-11
539 1.0237674380887393e-06
23 5.019620374830362e-08
127 2.108251313394166e-07
156 4.709081393241084e-08
198 5.0638427102857645e-09
261 2.3946628402021977e-07
270 3.6793534345039206e-09
303 5.985601091500748e-09
399 8.421256900754004e-09
455 7.356628532122969e-08
546 3.886173195854373e-08
134 1.4416045026246545e-10
2 5.1888992652592094e-08
62 1.9521199158548927e-07
93 6.078096677856607e-08
190 7.552385389574746e-07
256 7.877331503877282e-09
277 2.4752030119352154e-09
305 5.404267220261529e-09
648 2.30610597719568e-08
273 8.522747753787367e-09
536 7.476996778417613e-07
268 2.0053012202339116e-08
300 2.1568317167779822e-07
157 1.450314638111878e-06
423 1.284377370182131e-08
133 3.257939621761231e-10
269 1.2804185886557555e-08
100 8.853745466302281e-10
214 3.9493142315392037e-10
493 7.285495966484855e-05
35 1.2477892211365876e-06
47 6.185418042412901e-06
221 6.143070358686576e-05
247 2.520938923135754e-05
507 4.564472215364472e-06
511 3.491683654416375e-05
571 2.522606760659042e-05
285 5.566979505004673e-06
117 1.0411947141536645e-06
317 6.094861085043355e-06
63 9.941304213276069e-09
24 8.933511049647726e-08
209 1.1115698392668242e-08
262 6.863610730459798e-09
265 6.709775371644317e-09
289 9.240689410788612e-09
292 4.971497879812865e-09
402 3.174245198614749e-09
418 1.9663708861399827e-08
653 3.697183394516606e-08
411 3.6149083718627925e-05
414 1.075269904084342e-05
32 7.0127092289143016e-06
34 4.563837909331076e-05
48 5.7429615116778844e-06
145 1.0551483480272954e-05
226 4.41889278531558e-05
484 8.888004547264119e-05
573 3.473766796857861e-05
330 1.1187153536066078e-05
0 0.0001999998177547529
354 1.9993625467857327e-05
110 1.054240240478067e-06
125 5.249175635299769e-06
341 2.7314904333059367e-10
381 2.211705148530755e-05
8 5.942770044981198e-08
58 6.767023363322789e-07
67 3.034003470177377e-08
74 6.283802880289592e-07
107 3.030054440015817e-10
150 3.207666587150789e-09
204 9.534782823009403e-09
387 2.0963345198555648e-08
440 5.999309907176575e-08
451 2.8608324544527228e-08
462 2.831972911094675e-09
469 2.709114768807054e-07
525 3.0903813106489812e-06
638 1.7460966933653646e-08
645 2.3868953743215886e-08
656 8.415787862132046e-08
721 2.124008725602111e-06
13 1.1408550085390336e-08
22 6.772290960340711e-08
64 1.3539729692688403e-07
68 1.4706137821421105e-07
70 5.279379681685847e-07
72 3.624938937552585e-07
85 2.1452272279104684e-07
101 2.0949506687040193e-08
126 3.5521419285143804e-08
200 1.901306834878496e-08
215 4.3292586174701984e-09
321 3.458938811209755e-08
388 1.845712419825523e-08
433 1.3494355648890948e-07
459 3.5895700456095463e-07
572 1.7146746255899595e-08
639 2.6633735992321806e-08
724 2.594168844397189e-08
91 1.6142860923877413e-07
97 1.1228749246201255e-07
364 1.1326877464473605e-08
504 7.769808524141428e-05
619 1.0898984197850869e-05
1 0.00011344138090376435
3 0.00016736038692236475
21 4.967659247176973e-06
29 0.00019551313098571858
42 9.737363410608606e-05
149 1.6048951579828514e-05
676 1.3927370024848968e-05
52 3.5105146704013855e-07
83 3.800359188574332e-10
98 5.8686939843100106e-08
102 1.0870603123873727e-07
104 4.453428070286222e-08
111 3.038961066541155e-08
137 6.628524587597728e-10
172 1.0057698004069397e-05
182 2.68363764750378e-08
197 1.7229996838609897e-07
242 4.990540487703387e-08
264 7.235403659631876e-09
267 6.58318852664137e-08
276 8.436876503809855e-09
280 1.412769674537496e-08
293 1.965877838297344e-08
340 1.4082191701625168e-07
348 2.50388061491301e-09
351 3.179542965864308e-08
363 9.073726449259388e-08
452 7.90425780368685e-07
612 1.2532411634123126e-07
617 0.0001296683990127981
698 6.150514030398719e-08
726 6.270655052555394e-08
14 1.6005826575241656e-08
26 1.7823544519900097e-07
50 1.926875830880715e-08
55 3.994480705921158e-07
71 1.5615412123698542e-07
76 1.6791821683851267e-08
78 1.956024152855862e-07
81 3.570162716463853e-07
84 3.7837815582361477e-07
99 6.722489256002778e-09
121 1.3039383686589439e-08
140 7.054285107051121e-09
146 9.146535977605446e-10
165 5.93265930923074e-06
194 4.941453010622862e-10
254 4.037352923996036e-05
281 9.764729258127023e-08
284 6.800985716516964e-09
290 2.9297780934536314e-09
296 2.075335957484429e-08
309 1.2489090300149628e-07
312 3.709568188217375e-08
349 5.84661397097371e-09
436 4.117537185195932e-07
442 2.4282882047304504e-06
446 5.675654033279418e-06
457 1.130258633232058e-07
460 8.217046991585957e-09
466 2.2821800115304942e-07
475 8.011293892722375e-11
480 5.7855085731676326e-08
483 3.075786205423866e-08
533 2.983329202281179e-05
608 1.0374259128026848e-07
611 9.64698717957506e-08
620 8.477268006080461e-08
622 1.2675199059382744e-07
625 7.044674475040336e-08
627 1.7024580875056687e-07
629 1.6123599996277158e-07
631 2.5092233953283237e-08
635 1.1755288252833451e-07
640 1.435686139296437e-07
642 2.0370538411253968e-07
647 7.390772119850971e-08
649 6.622926782667381e-08
652 5.8225213635684494e-08
654 3.4881211552687615e-07
658 3.0389486707819536e-07
661 8.477818422335308e-08
692 1.733869196951295e-08
723 2.213397210104982e-07
725 2.1707254529388596e-06
310 0.0001007040817156384
53 3.018491504866239e-08
61 4.022557435889314e-08
90 4.987566997995078e-08
92 1.4063712251040168e-07
95 3.351290315789032e-08
103 2.316539748846332e-08
108 2.2199769461115963e-09
112 5.833279208288622e-09
119 1.1469324651325215e-08
138 9.281300179109697e-10
144 5.994947722634233e-09
160 4.074316170341336e-06
173 8.813996854170714e-07
181 9.08322954996773e-08
185 1.561697578169593e-07
193 4.7225574325960214e-08
249 3.679585510059288e-05
258 1.1551737115013448e-06
266 1.5211303753090568e-07
283 1.2486705263015668e-07
313 1.7242908274376248e-05
318 3.5290485446417445e-07
339 3.1049568423994007e-09
369 5.6348862600692075e-08
373 1.437976595779713e-07
397 7.194927414027693e-10
408 8.538361952125185e-06
465 3.4013280424473505e-07
610 7.7193460270483e-08
633 8.990928462211587e-08
636 1.7746272241510057e-07
651 1.0715367216889295e-05
7 4.2149712926931465e-08
15 6.525379880180683e-08
75 1.6902463010132873e-07
77 1.67918216838513e-08
79 1.7934262937804017e-08
82 2.152300052063369e-07
118 3.173738127703969e-09
132 5.714139119047406e-08
142 2.3944351921667956e-09
158 4.347175746430042e-06
180 1.910699578954831e-08
195 7.616991095800634e-08
272 3.774178289281062e-08
282 5.411443399754113e-08
347 4.764746970733729e-09
439 1.7107798132750037e-07
441 1.3510759814735447e-06
445 7.862766415687609e-08
450 3.774312404272999e-08
454 2.7524823789328583e-06
456 1.646569336596646e-07
461 2.12266548038652e-07
464 7.745632033836963e-07
468 1.9790123988393594e-08
473 8.167990061497843e-08
478 7.447898258961874e-08
481 1.0813513023284505e-07
488 0.00010335783210193265
526 3.486422098592018e-09
535 1.1545987225197989e-06
537 4.838315259240962e-06
543 8.392490736250847e-08
553 5.273606015895864e-05
609 8.554918677729501e-08
613 9.777054533884044e-06
616 3.454329797674972e-07
621 1.1124156617724374e-06
624 7.92808556160074e-08
626 7.171654932909341e-08
628 4.182645471045507e-08
630 3.6738679919186704e-08
632 1.1535349247357672e-07
637 2.912956215050957e-07
641 8.633262999575554e-08
643 4.5293024933499555e-08
646 5.268062102748966e-08
650 8.632854471690499e-08
655 9.669162039646177e-08
657 1.0727709136126845e-07
659 2.770213938767252e-07
678 1.3341628877491022e-05
710 8.483125706239285e-08
722 2.2719461768835125e-07
