589 1.5857066876989482e-06
664 1.422918181233779e-05
237 7.546236189228183e-07
31 8.945662690210331e-07
590 2.9549552772184387e-06
680 3.3423696652603067e-06
178 8.216977521867571e-07
517 5.555027419895218e-06
51 3.2439896514307582e-06
170 4.357821457147723e-06
94 2.8949518268481415e-06
335 3.296778765935101e-07
696 3.1544509338874943e-06
470 1.9734215528366473e-05
555 1.914520956994338e-06
40 5.242260439529233e-06
673 1.972545310326723e-05
130 1.1341496680070516e-06
380 1.4670156278324756e-06
419 1.6865597013497781e-06
513 1.1637569760312095e-05
223 1.4705155582700397e-06
238 2.5894345120961158e-06
497 2.5325114263217874e-06
596 3.5979161154698797e-06
682 2.350089621948941e-06
36 6.731611728903034e-06
129 3.277120091164015e-06
325 1.00982289337381e-06
355 2.9162929107048807e-06
171 1.1660822403789514e-06
244 5.646815703313416e-06
552 5.9949889953445385e-06
564 2.7740363790285657e-06
56 2.0727708524213737e-07
228 6.795894003033167e-07
250 1.9211065990873706e-06
301 5.457446332902286e-07
595 9.271628490017831e-07
601 2.7723888588271827e-06
336 4.156060223373008e-06
443 5.617764763039329e-06
602 2.4732952965695966e-06
604 8.276080032795253e-06
88 9.318341251340587e-06
316 6.45255686578459e-06
357 5.875055787604397e-06
582 1.8479948564772087e-06
711 1.5610606509458656e-06
704 3.5182115683508572e-06
147 2.71762400616676e-07
580 6.05800460096987e-07
715 3.39499467053686e-06
30 6.707776008105988e-06
43 1.5462912681398686e-06
295 9.674349174965684e-07
322 4.6017452967183433e-07
329 8.24711883610202e-06
338 1.2900430781205308e-06
342 3.3373943207555997e-06
447 5.950029862301506e-06
467 4.6081195969833745e-07
586 4.40132659519955e-06
644 4.2190300286446396e-07
666 1.2489256356585266e-06
708 2.5200897476579627e-07
49 1.980694523277723e-06
230 3.071496887431069e-07
502 3.1954026629669565e-05
530 1.495067088063226e-06
20 3.521976543157992e-06
375 5.883781324002123e-07
501 1.1663927464920817e-05
569 1.4400446815017128e-06
588 7.077376297019541e-05
593 5.837655532419543e-06
614 1.4726748830340301e-06
684 2.864480547248471e-06
688 1.242218037743528e-06
714 3.3974965800476396e-07
727 6.213661985509492e-07
671 1.803678171262415e-06
