115 8.729300303472916e-07
162 1.9989113937260523e-06
179 6.693161873976921e-07
186 3.3041165638742433e-06
224 5.928047258200504e-06
231 2.074044696943581e-06
319 2.6044240656360285e-06
324 2.056250868900489e-06
332 2.4988208625206307e-06
429 6.916362003211952e-06
471 4.564009275477135e-06
479 1.466063861763572e-05
509 3.9572947107856416e-06
579 6.458612026583572e-07
597 1.4443470850908671e-05
660 3.4668126130811465e-06
670 7.466821312568001e-06
683 2.539617010248361e-05
687 4.5379639687896526e-06
689 1.3240381630870657e-06
694 2.206314705460398e-06
701 4.467002414304472e-06
705 3.973287269854768e-07
59 3.794405925699666e-07
131 3.347911455092486e-07
206 7.039657346662794e-07
219 6.408843120560309e-06
225 1.1380655375052865e-05
229 4.723952289462718e-06
320 5.550362251164786e-06
323 5.903755117596637e-06
333 4.2245650557826925e-06
337 3.7057950495043856e-06
383 1.4336712076259338e-06
392 7.0091150420684924e-06
415 3.155957045624052e-05
477 6.877018500614998e-06
512 2.8634761129708903e-06
559 2.6057743394249843e-06
665 1.3764975120493863e-05
668 1.5794930788021656e-06
675 1.584541250325507e-06
695 7.275538553069948e-07
699 2.2780107738664752e-07
702 4.008205935323856e-06
706 1.3539963828694093e-06
222 2.6518114145324866e-07
