662 3.287302433953681e-07
594 5.425868439263765e-06
554 3.0001427625069685e-06
697 3.1659937900265113e-06
374 6.981142600986481e-05
503 5.980438553701821e-06
164 1.8374421284862303e-06
294 7.2154842525916185e-06
113 2.637757698945523e-06
516 1.4161526469753482e-05
41 3.001023663616438e-05
558 0.00011340682140157613
378 5.523470090852123e-05
500 7.582887003263637e-06
718 2.3112630666255383e-06
168 4.2947803050402205e-06
362 3.557133553279891e-05
563 9.751023781205868e-06
87 0.00015233708202505363
73 5.76039643648347e-05
691 2.6185059461320933e-06
506 0.0005073841554676077
331 2.4473917889527292e-05
211 4.973559261054967e-06
432 2.9833295837924838e-06
728 2.558477499392913e-06
487 1.086015884951948e-05
123 2.81054767031728e-06
192 1.2356057592142118e-05
409 8.850073744243915e-06
426 2.004207701700009e-06
494 0.00021929825322192646
407 9.533428896743251e-05
153 0.000104418815058059
27 1.2544180151591712e-05
28 3.5365839011131144e-05
161 5.0068814551291254e-05
565 7.302908159211815e-06
422 2.2768815953593377e-07
155 2.31624307792749e-05
38 5.0886653803923564e-05
485 0.00015275164810926029
188 3.450575605624593e-05
717 2.840405408482499e-06
496 6.898938603713226e-07
169 3.42184838731848e-06
532 1.7728346973386495e-05
10 0.00016008401187928454
562 1.3060778464394524e-05
306 2.0470411499245336e-06
359 3.481198372797843e-06
5 6.712092802488625e-05
60 5.450766774460427e-07
448 8.670482718766294e-07
44 4.466678050343529e-06
163 2.49125374723391e-05
420 8.958684435888579e-07
65 2.1673910210810184e-06
255 2.7594714042682163e-07
498 8.905675243883267e-05
435 2.8267617955782675e-06
598 2.4869034933971883e-06
527 1.3437387356739936e-05
259 1.9944050241674507e-06
291 1.9569935844471668e-05
570 7.443045156376008e-08
577 3.1893958707213153e-07
252 1.9438317583319833e-06
260 6.271480054528266e-05
618 6.888349420932634e-07
287 7.63502933392551e-06
6 4.470638216689942e-06
235 2.2586443873909896e-06
568 2.974015170625111e-07
189 1.1254052317997381e-07
523 4.217605244807773e-06
86 1.1022493127835785e-07
376 2.892122023021631e-06
253 1.335495383175559e-05
199 5.950248395479563e-07
17 6.469136738266429e-06
458 2.926744423504185e-05
677 7.2090737867277645e-06
567 4.684700535099623e-06
251 7.354348889830306e-07
437 1.8711180472730348e-05
114 2.4375353869036264e-06
716 3.152729196203939e-06
521 2.8840315958654708e-08
