197 1.7450234501200324e-07
4 2.876685124526269e-07
370 1.2002706943731437e-10
507 4.54946126119499e-06
304 1.429028432575082e-06
421 2.005182068884763e-09
567 4.310070392585633e-06
120 5.064481330177106e-06
247 2.5538841231690845e-05
396 4.193322036417562e-09
424 8.010594336969507e-09
427 2.7178650679995423e-09
430 3.820031211678037e-09
241 2.074892513960809e-09
215 1.4631008004480518e-09
147 2.7326184962149797e-07
243 4.278501428936912e-09
371 3.1007034692642334e-07
431 7.817878785671078e-09
528 1.0766791622922686e-07
142 8.041001693921584e-10
261 2.3842531970738767e-07
290 8.54012478382123e-10
460 4.7512425731030215e-09
258 1.182274243194944e-06
397 3.72581466486452e-10
123 2.122265334859289e-06
172 1.0311365150788724e-05
251 6.656912608283836e-07
510 7.661605027801227e-06
227 1.146938628432277e-06
112 2.7603629828117567e-09
140 2.266194559444361e-09
182 1.1282791873016181e-08
242 4.798890155142545e-08
373 1.0953842683042302e-07
51 3.404476072864111e-06
163 2.624277951369651e-05
167 3.7794600562341284e-07
253 8.733351523705529e-06
307 4.1769964051834e-06
716 1.519573910478188e-06
323 6.335558889161323e-06
422 2.6089713938680793e-07
109 6.756772221918839e-07
144 1.4229220748211953e-09
146 5.391665311128133e-10
174 6.736356845443188e-07
188 3.5940478511353356e-05
607 1.2534831515352906e-06
110 1.0479657186132983e-06
11 3.095820774252996e-06
33 5.36728919063564e-06
37 8.604778247154525e-06
259 1.9163414517423184e-06
360 4.075346761062875e-06
420 7.967064685894251e-07
568 3.1462427342490247e-07
577 3.114811943606957e-07
594 5.438967414628833e-06
598 2.326502122804106e-06
600 1.087528920430758e-05
603 7.6263723168431835e-06
663 4.252651639026083e-06
479 1.5537570461587596e-05
196 2.6436525174142574e-06
286 2.0323465396540703e-06
368 4.233500261470468e-06
417 4.923344584375947e-06
435 1.3321869580348207e-06
606 3.422549681320858e-06
618 6.296585816021871e-07
56 4.338941783023892e-07
232 2.5345669021374326e-06
257 1.7251290515661533e-06
324 3.1874834505384346e-06
576 3.7590593212214685e-06
679 4.18516273634558e-06
696 3.1003564827801736e-06
113 1.2819704986479246e-06
178 5.938809518153959e-07
186 3.1525636136726277e-06
279 2.606181488844529e-06
470 2.0516306673466486e-05
477 6.270967062687406e-06
482 1.2084980214069045e-05
660 2.1424777549288815e-06
699 2.9027835760282943e-07
703 1.5186075407396548e-06
31 9.336000605313455e-07
94 2.3722507494454784e-06
237 5.194063962126314e-07
327 4.480111891658608e-06
335 3.0317527354247335e-07
380 1.6777342222139765e-06
471 4.378663708280343e-06
497 2.732685385878327e-06
570 8.188148068006384e-08
589 1.604382552514302e-06
681 1.21102843461164e-05
682 2.7104065212829587e-06
701 3.0928245385199314e-06
585 1.6256641004106201e-06
80 5.092905168932383e-06
250 1.3884860892498785e-06
334 1.7334030758143794e-05
419 2.213601644856122e-06
463 1.2859487040719488e-06
513 1.2778540261072946e-05
554 2.0623268848379488e-06
555 1.92672589438003e-06
689 1.4288957271729822e-06
709 2.5416278258621974e-06
719 9.940601966501958e-07
17 6.6770974914929345e-06
25 4.508578644341298e-07
143 5.783876859094374e-08
223 1.3230842034846213e-06
252 2.048660747127307e-06
344 6.716831476779694e-06
423 8.862751080942958e-09
438 5.019606299432058e-07
444 4.3414690405943285e-06
548 2.971682993337875e-07
581 4.4623954235958993e-07
595 1.7492499910683514e-06
664 1.3166356638439045e-05
667 4.45919518892498e-06
711 2.3050811336678624e-06
18 1.2644892699872633e-06
19 2.5116885129999947e-06
129 2.1720427540476625e-06
130 1.29721893711387e-06
141 1.9774884317225193e-06
166 5.640120430441365e-07
211 4.639475203473317e-06
228 1.72053721784766e-06
230 3.366202474561623e-07
238 3.0554530265463564e-06
288 4.235261111477451e-06
298 2.970561055206608e-06
301 7.247713855126218e-07
306 1.747047241560665e-06
316 7.745624032941728e-06
322 6.514407121316236e-07
325 1.114539144902456e-06
355 2.819541396077681e-06
358 2.9172749487976875e-06
365 2.4119908129108913e-05
375 1.1582442155696533e-06
377 3.1199164710898483e-06
426 2.0065691502743727e-06
437 1.8599424220246228e-05
472 1.7362886555916733e-05
516 1.11207351717921e-05
542 7.3355376777313e-08
556 7.325194419300527e-06
582 2.514683001180506e-06
590 2.9875043848570716e-06
596 4.207600480535154e-06
601 2.9172417651123034e-06
604 8.640487989060434e-06
644 8.489954435806267e-07
672 3.5387147441101213e-06
717 3.192729229511267e-06
727 8.655275923590719e-07
728 2.3288220142322116e-06
5 6.902565542282918e-05
20 3.863939075853501e-06
30 8.515351747844473e-06
36 6.149128591007763e-06
39 2.8226782093524637e-06
40 4.121743394154845e-06
43 2.049994234282604e-06
44 3.974607592112816e-06
49 2.1010246653747772e-06
59 5.802342658803286e-07
87 0.00016652579258219353
88 9.740389818295141e-06
96 2.4723219147858874e-05
115 1.3687997018726868e-06
131 5.758997022218201e-07
136 1.0667116036186544e-06
139 3.364182382801833e-07
162 2.0773948020864573e-06
164 1.7588472837463592e-06
168 4.48309480013791e-06
169 3.573812895535604e-06
171 1.108637789061147e-06
173 8.691435199024578e-07
179 8.934365745913133e-07
187 7.917929594747881e-07
191 3.6499627523550277e-06
192 1.1186650356454696e-05
206 7.540904109963931e-07
219 5.59531595909141e-06
224 7.016820828690987e-06
225 1.3781861004679074e-05
229 4.0919264891527035e-06
231 2.5214813623714014e-06
244 5.761474467140319e-06
255 2.6356622939397657e-07
260 5.9935208603516325e-05
295 1.677343252529349e-06
319 2.8417895480780454e-06
326 2.831089357789241e-06
332 2.600525313880056e-06
333 4.781686434989839e-06
336 4.223826005192957e-06
337 3.619712456786632e-06
338 2.0175164393657643e-06
341 1.6856410561442903e-10
342 4.5194902954082366e-06
343 3.321115082075457e-06
352 5.628660480706487e-07
356 2.443714637447327e-06
357 6.979272474894513e-06
359 3.479993935063617e-06
364 9.176837807496779e-09
376 2.745894325423159e-06
379 1.4252469164337155e-06
382 3.0296250088656633e-06
383 1.3433653245250178e-06
392 8.653765834295817e-06
429 7.788935926470286e-06
432 2.936489763385685e-06
443 5.07575471083806e-06
453 2.3923736811021122e-06
467 9.681347099606757e-07
474 1.5136803530921185e-05
476 6.321307072285938e-06
487 1.0955950189090876e-05
495 5.453489606512227e-10
500 7.4183357974422096e-06
501 1.1117718886534093e-05
502 3.033813746416336e-05
503 4.302721877554986e-06
505 5.426056212451198e-06
508 7.850526805767508e-06
512 3.089105983911753e-06
517 4.9937674141368425e-06
527 1.3511708383581316e-05
530 1.4734416308433272e-06
547 4.048216514049438e-06
552 6.446343939676284e-06
557 2.250848820521786e-05
559 4.579578233128411e-06
564 2.4545118362792864e-06
566 1.4537751971831468e-06
569 2.0967500247134473e-06
579 1.0673699719031776e-06
580 1.0809058847446212e-06
586 5.25511020411391e-06
587 3.0204950265439337e-06
588 7.424269859547723e-05
591 2.361478109565477e-06
592 1.0734673760943243e-05
593 6.5626325950226855e-06
597 1.5058254037029452e-05
602 3.067848297849663e-06
605 7.189728957132977e-07
614 2.0671503971765562e-06
623 1.2368378413408165e-05
634 2.1345791870704243e-06
662 2.3137075812874862e-07
666 1.5388471672440678e-06
668 2.5031182411347814e-06
670 8.662602255608998e-06
673 1.1909420807840107e-05
674 2.6025821122426713e-06
675 1.572170052686484e-06
677 6.66259084854511e-06
680 3.340566332066327e-06
684 3.894205233437309e-06
685 6.032377369288688e-06
687 5.877398560369888e-06
688 1.9348880950399037e-06
691 2.6285766447449474e-06
694 2.007838810768433e-06
695 1.1878295641652517e-06
697 2.972807870710432e-06
700 1.2985451561714495e-06
702 4.998608474469251e-06
704 3.708764559326283e-06
705 4.564996227108893e-07
706 1.2151024866209462e-06
707 6.943933232222582e-06
708 8.932980005412625e-07
712 1.3449123014828514e-05
713 1.3258206848221132e-06
714 1.1935117608302896e-06
715 2.754428452786694e-06
718 1.6500005455950695e-06
