0 0.0002065431338606508
1 0.0001178696683850614
3 0.00017452116226624056
9 1.7143279580403552e-05
21 5.1212090910464846e-06
29 0.00020404215432259752
32 7.306255630183744e-06
34 4.817612076664854e-05
35 1.2895709026409496e-06
42 0.00010148533297123874
46 4.413423798608862e-05
47 6.31572477748787e-06
48 5.868000563028486e-06
57 3.278211745733057e-08
114 2.5127166244387278e-06
116 5.437956696744729e-07
124 1.2381349572245954e-06
135 1.9485436250435478e-07
145 1.0971923189688533e-05
149 1.6969460474036576e-05
158 4.605525631467125e-06
160 4.277998675875777e-06
165 6.308486048999078e-06
170 5.080299407905675e-06
203 2.1999127673642344e-07
205 7.222690507971677e-08
212 1.2891645077234707e-08
216 5.1573001837906225e-08
220 3.4322046318822614e-07
221 6.225863977163378e-05
222 4.96987215023311e-07
226 4.6686764759470845e-05
233 4.513327658153437e-09
234 1.0785867303133826e-09
236 7.624087092648028e-10
239 3.7090767628231234e-10
240 1.0356442592819769e-08
245 9.683187416295482e-06
249 3.902791075526031e-05
254 4.328083379851343e-05
263 1.2378324200962548e-08
272 5.037877591683187e-08
273 1.222898416368756e-08
277 1.2047524880563097e-09
285 5.773862671532648e-06
287 8.16346134741952e-06
302 2.6120698314420643e-05
314 1.8609048191809156e-05
330 1.1532972436126968e-05
353 3.791286875157581e-10
354 2.0816884806844636e-05
372 3.1628821067155586e-05
381 2.2889469603032296e-05
414 1.072774640534318e-05
415 3.286561777483795e-05
446 5.6851979017025225e-06
452 1.2397967451822526e-06
475 1.429838885101338e-09
484 8.698099363794846e-05
486 1.2458566667013677e-05
488 0.0001094835063305332
489 8.329676356296226e-05
490 0.00025949699982342285
491 5.083442191174415e-06
504 8.210712744663421e-05
511 3.4754004864646486e-05
515 3.3353449813042836e-07
518 4.2922288522330786e-07
525 3.410805234303893e-06
529 1.8361569240476966e-07
531 6.907662093596928e-08
533 3.1872882411958325e-05
534 3.0087667404688966e-07
535 1.252883647237406e-06
538 9.709502614736003e-08
539 1.0414328164465904e-06
540 2.5587617640680866e-08
551 1.8028483171999418e-07
553 5.582127234614635e-05
558 0.00011695540808646425
563 1.0222466898653437e-05
571 2.441116827722187e-05
573 3.482402136966366e-05
575 2.407138011315751e-05
583 1.1579263898551963e-05
599 5.457600162431135e-06
613 1.0647531225011694e-05
624 8.443365949692492e-08
640 1.3494805011600756e-07
647 6.092973685734957e-08
669 3.183917937656787e-05
671 3.543647869329013e-06
676 1.4787800020102695e-05
678 1.3982420378249112e-05
686 3.429552221300724e-05
730 3.6730105650670073e-09
6 3.917542882658827e-06
7 2.742224202675392e-08
8 4.7166810900338643e-08
14 5.829262415845219e-09
41 3.115248106131504e-05
58 6.761839218035869e-07
64 1.3589376535706285e-07
65 2.284660780286458e-06
70 6.155299064584566e-07
72 4.007944664516858e-07
73 5.957346324809938e-05
74 1.012871819070904e-06
78 1.2059955468498353e-07
81 7.152978379630833e-07
84 4.91194893430667e-07
85 1.927108369869297e-07
89 4.395028429431929e-07
101 2.0515071727109366e-08
125 5.304229536360278e-06
152 4.660659622842253e-06
201 4.697422115968399e-06
235 2.4450527727244434e-06
294 6.1924777299810255e-06
299 3.002591132773045e-05
312 8.490191295301953e-09
313 1.7902323291612894e-05
318 2.7008927133614164e-07
346 3.557165030251047e-10
366 2.148693265528695e-05
374 7.114595156481758e-05
409 8.287719285934773e-06
434 6.416882587483239e-06
436 4.758450243477666e-07
439 1.1830226139116286e-07
441 1.9435723284974543e-06
442 2.587955366166854e-06
445 6.632761596622172e-08
450 2.8150394058699142e-08
454 3.0973536052291228e-06
456 8.526821734102865e-08
459 4.2577084550592296e-07
461 1.513776970331798e-07
464 6.455580146081439e-07
465 2.8862525254421395e-07
466 1.3211515373374543e-07
468 9.979601144282845e-09
469 2.483169424437998e-07
473 1.3890254460749237e-07
480 3.948669558428008e-08
496 7.433099177828784e-07
509 4.638658706409989e-06
519 3.002501296011248e-07
521 1.5032532809751966e-07
526 2.6787283221599475e-09
543 8.742546774275306e-08
546 3.6375577033938475e-08
549 7.138050923534314e-08
561 2.564936303034686e-06
572 1.1043914225738048e-08
609 7.704491605306909e-08
610 4.657190279284756e-08
611 6.696501529873512e-08
619 1.071783963437453e-05
620 7.00214311905972e-08
622 9.21179924707726e-08
626 3.303848331059206e-08
628 1.458208915300882e-08
631 9.71092055632752e-09
635 1.4649712894619664e-07
641 5.616639019203856e-08
643 2.78767487243031e-08
649 3.696682684807455e-08
650 7.453451872718324e-08
652 2.2223816219695818e-08
654 4.1502450165880565e-07
655 7.465659092649178e-08
656 7.078192832126257e-08
659 2.631480219795322e-07
721 2.180383585478912e-06
723 2.395475641397118e-07
106 2.487019289566242e-06
207 1.3961258104884938e-07
210 1.1715245839728916e-08
217 1.0701212532576067e-08
246 1.8374448530554476e-07
248 1.9244611147023395e-07
274 3.434785132186245e-08
317 5.885050398353541e-06
345 1.2226822159898909e-05
536 9.405860076280852e-07
537 6.244216362267684e-06
13 7.088736302182283e-09
22 5.3137712032231427e-08
26 2.839986585934989e-07
52 4.916340902715521e-07
54 1.599862100600425e-09
60 6.2334659136278e-07
62 2.0097718728642745e-07
63 5.0497150776013584e-09
68 5.882101327280167e-08
71 3.438832759198965e-08
75 3.3903465154350877e-07
79 3.4638920616373943e-09
82 9.558867029657342e-08
185 1.1015050612483517e-07
189 1.0696367178248625e-07
195 5.51425215931964e-08
214 1.8873351764081757e-09
256 5.4737140913624185e-09
262 3.09866982104636e-09
289 4.349115201956497e-09
296 5.436411302565484e-09
340 1.194940135135211e-07
378 5.7327458237498546e-05
433 2.677817701984075e-07
451 1.0709228866082061e-08
462 7.698762414534145e-10
478 7.577219631072935e-08
494 0.0002288419602197182
514 4.489038186591756e-06
522 1.3267061302165433e-06
524 2.6479545624884424e-06
545 2.6073803657296227e-07
560 8.08006565953839e-07
632 1.0470770192424612e-07
633 6.618892171124642e-08
638 4.9970713955109665e-09
639 5.3360901500245925e-09
645 5.7286543845573406e-09
710 5.2823730389049734e-08
724 5.186707648388511e-09
731 1.3617451558560281e-09
86 8.211869201670901e-08
127 2.1203670048334824e-07
661 7.963610912429085e-08
625 6.303098415421659e-08
630 1.9717847451620454e-08
27 1.4077359769289476e-05
61 5.4151116398416476e-08
95 3.3431940233510796e-08
105 5.625116141717816e-06
148 6.281955140924049e-08
202 1.5901717959116606e-05
208 1.5089328191880156e-07
213 7.340749761645712e-09
268 2.6105779637724864e-08
283 1.2972916662252565e-07
300 2.2067982180853263e-07
411 3.932962308709871e-05
448 9.496461918950635e-07
458 3.106003781219379e-05
2 4.9422659427585606e-08
24 7.474304451139643e-08
45 4.595834695133077e-08
50 6.868190245596871e-09
66 1.5075509123014604e-10
67 1.6676304214529647e-08
76 3.812684765949601e-09
77 3.812684765949623e-09
99 1.6534966032417947e-09
104 4.7313235647628766e-08
107 2.0666510640299277e-11
111 2.685724257164505e-08
119 1.3430032603240504e-08
121 2.733567776299082e-09
132 4.926859319240349e-08
134 3.035793209826919e-11
150 7.487972432091447e-10
180 8.434960130309204e-09
181 7.937536283940343e-08
198 9.444589554302264e-10
200 1.6978976520244528e-08
204 1.6413734765836062e-09
209 1.8395315446436375e-09
218 5.606501362790902e-11
264 4.302017024814922e-09
265 1.7159570501392724e-09
269 1.4947318862409884e-08
270 8.314590224150047e-10
276 8.255926763816193e-09
281 8.771816396644714e-08
282 5.04321406026254e-08
284 6.178341003271734e-09
292 9.56428101884827e-10
303 1.1121504063930356e-09
305 1.127591384420654e-09
309 9.343513445815819e-08
321 2.1394116340871254e-08
339 6.687316583138505e-10
347 3.0482575931223043e-09
348 9.735194717947773e-10
349 1.4580879967642978e-09
350 2.2865896354643713e-10
361 1.2373682165979778e-05
362 3.7142717256289834e-05
363 9.039542804944531e-08
386 7.591972701317037e-08
387 3.4231301382727048e-09
391 9.154663554259035e-09
399 2.5289198975549914e-09
407 0.00010063875062795303
440 3.881074835706169e-08
455 6.087218144812893e-08
481 7.858551565260567e-08
520 4.810496662526949e-06
550 2.157302072872554e-09
612 6.331143238840742e-08
646 4.384173254532032e-08
648 6.413086064050677e-09
692 6.773177189560459e-09
722 5.967688997475557e-07
616 3.740885957834186e-07
629 1.8245658269020117e-07
608 1.0197415792183464e-07
657 9.929174368236117e-08
55 4.5484095642915553e-07
90 5.5578091108577384e-08
91 1.5483937085915022e-07
92 1.507707975507224e-07
97 1.1855185487847015e-07
98 5.89298739668415e-08
103 2.552101505995167e-08
267 8.392515806303133e-08
280 1.042991011768026e-08
418 7.135667394018004e-09
658 3.983303430548308e-07
726 7.119761896676127e-08
15 4.6665794630948526e-08
53 2.3131940881872325e-08
100 9.430569785382656e-10
108 1.195334900220129e-09
266 1.5431693251778392e-07
271 3.404011522950731e-06
293 1.0131527805031316e-08
297 3.266274091938402e-07
351 2.8456317629601047e-08
369 5.040010441027346e-08
388 4.0025955854495965e-09
406 5.89997338136422e-09
457 1.2984695930644556e-07
483 1.282982286370106e-08
636 1.5517607151269412e-07
642 1.971715116884389e-07
653 3.500090876740043e-08
117 1.024437917128088e-06
310 0.00010334281827356046
408 9.336905225539587e-06
562 1.5469007848698874e-05
574 2.6448317329071253e-06
617 0.00013547146448967932
621 1.5728130378138381e-06
637 3.4114747157105896e-07
102 1.1123114246210263e-07
126 3.612072305213392e-08
154 1.0597957129861567e-06
156 3.71053321828367e-08
175 6.086568436904993e-08
176 2.034219876789525e-06
315 3.4657940168400546e-05
615 2.6327796270829468e-08
627 1.8423418138118865e-07
698 5.140994874691261e-08
493 7.534333907928333e-05
651 1.1990580752848122e-05
23 1.1017877041977738e-07
151 6.640536305106072e-07
193 2.7696009366668468e-08
400 1.3243871641248568e-07
499 4.962858203044271e-07
725 2.2919940345046707e-06
199 9.648570828063557e-07
449 8.421334712284583e-06
38 5.5933273082600445e-05
190 7.913113918862867e-07
311 1.7076686677097576e-06
416 3.823333213360419e-06
541 2.9279892557444863e-07
16 4.4478028769393796e-07
28 3.808741932355268e-05
69 2.198004090437384e-05
183 2.9772716845768363e-06
401 1.9892146625965825e-07
410 1.3906344923558956e-06
565 8.550426878033733e-06
291 2.1239319329180876e-05
544 2.286127424422446e-06
275 1.1813597615010232e-06
384 9.42521638096672e-08
390 5.694430010785399e-07
393 4.426027949283961e-07
395 4.996195612676359e-07
398 4.21526324491156e-07
403 2.206758593087534e-07
404 1.907939383141539e-07
412 2.158177741762224e-07
413 4.7551994276579265e-07
578 1.8567743461924868e-06
385 3.0071501575066483e-09
308 2.8852778444198203e-06
157 1.5239172255201914e-06
389 7.018685631405976e-08
405 1.4938930080929963e-07
506 0.0005340420612581646
394 3.6569203251261206e-09
12 1.1526745163048193e-05
331 2.9709979970355613e-05
367 1.1140786630546474e-05
492 1.8107670521285368e-07
153 0.0001194374877619397
155 2.6213749016964925e-05
532 2.4127606144276134e-05
10 0.00016819130912661186
159 3.667923745741987e-06
328 2.0379216348940606e-06
485 0.00016555877480531198
683 3.0776122207410646e-05
523 4.188495532973533e-06
665 1.6677282715834867e-05
690 1.1127764527919276e-06
122 6.6501216716472946e-06
177 1.5272756682639806e-07
320 7.265524252506581e-06
278 1.0788861395750409e-06
83 1.459654438301729e-10
161 5.392629366063364e-05
584 8.227521886853555e-05
138 2.785061816988025e-10
498 9.353560433312876e-05
184 3.831520348501949e-06
447 7.514512260693222e-06
118 8.819778512621591e-10
428 5.551142788649632e-09
425 1.2803041828621086e-09
729 7.795934337056836e-10
93 5.7884995917685335e-08
133 4.4054404098611584e-10
194 1.558174177399334e-10
137 2.7936064763157594e-10
329 8.42057183832966e-06
693 8.83278900182809e-07
128 2.3759857952159727e-06
720 5.457018255355168e-10
402 1.4325198933172557e-09
