60 7.640434150581725e-07
86 1.4909817741159772e-07
641 1.2913220301031672e-05
419 2.911184939596093e-07
154 1.4213743497190023e-06
177 2.39121450890532e-07
393 6.876094637691677e-06
449 3.867277692454252e-06
607 0.00014039923892757443
362 1.2410779235436282e-08
84 1.403276028661197e-06
152 4.683423084293176e-06
408 6.419382013507147e-06
443 7.429181542653527e-06
516 4.796015366338575e-06
214 7.708061243779764e-08
487 3.6563680056584103e-06
457 3.729113300531027e-09
553 1.7695874863040447e-05
91 2.384461231686218e-07
185 1.2575563751288357e-07
244 2.9671070201657995e-07
246 2.9164898625657975e-07
311 1.781623643524135e-05
396 4.433965401179044e-06
438 3.263756988601468e-06
456 8.629746849365275e-07
506 6.1311194991062935e-06
535 2.2385306715908472e-06
122 5.420768112619042e-06
79 7.983770686914807e-08
107 2.3629096242239288e-09
194 7.090717350638399e-10
198 2.5617272968876616e-08
260 3.151436040569702e-08
268 1.729503261502062e-08
287 4.083420619429583e-08
290 1.6617322393132557e-08
301 2.3996913632433274e-08
344 9.430182761725962e-09
345 1.795765652499107e-08
347 2.2800918814799274e-08
392 2.257275069678548e-07
448 1.372280717224618e-07
452 1.7277709319707914e-07
563 5.827185127786577e-08
628 8.662622875613843e-08
629 1.258450044440263e-07
635 1.3237777414175763e-07
638 1.3219813383094206e-07
713 1.2216981019891562e-07
72 6.062218720893576e-07
81 8.959877908256104e-07
97 1.4853515557714052e-07
151 5.798645537207687e-07
195 7.040391341817004e-08
295 3.402906252011323e-07
406 1.0155654230403503e-05
513 1.0648784784197813e-06
528 6.465770677881838e-06
710 2.6456298628008835e-06
712 4.4376377471400523e-07
2 8.283141427630427e-08
24 2.044343328521022e-07
63 4.274242765865723e-08
99 2.9782731281382588e-08
101 2.9332068449666637e-08
134 2.108000051608049e-09
138 1.7443314019477334e-09
150 7.874931718557856e-09
218 9.078679758367545e-10
239 1.4099282277953124e-08
259 2.8059528028347333e-07
263 2.500744987497661e-08
303 2.1363790325875546e-08
351 3.5360236900644966e-09
517 9.105802749076974e-09
541 5.699739845478956e-08
720 1.0141119327938756e-08
166 6.124591655231796e-07
16 3.9933998230706603e-07
45 4.876399757834682e-08
58 7.399630243894582e-07
70 5.121927528033867e-07
74 6.968077444458706e-07
106 2.2922278766414353e-06
193 2.4657286223719635e-08
203 3.289575623859612e-07
391 9.925364114945444e-06
402 3.467229918789226e-06
410 2.256141480599232e-06
428 7.592255683574077e-09
451 3.1796756269504367e-06
466 3.7724026254047474e-07
542 2.759152468167955e-07
7 1.5079280396276355e-07
13 5.161548876942496e-08
22 1.9878587516669845e-07
54 2.3880086539256538e-08
64 1.6934512473239218e-07
67 1.2215962403357574e-07
93 9.579854982234857e-08
118 3.841650147074239e-09
137 6.839209391338824e-10
204 2.4830099958321784e-08
209 3.7005347231013844e-08
254 3.2024412292964253e-08
261 1.7526814473766712e-08
262 2.5763706219648746e-08
275 1.8816655930696494e-08
346 9.508875675098422e-09
459 1.630111173744674e-08
465 4.92820250885115e-08
605 1.3897416120002584e-07
574 0.00011781474681115809
363 2.3013222555786844e-05
491 8.414793047633982e-05
445 1.0293982914763066e-06
27 1.405432891591172e-05
69 2.0760044603669453e-05
92 1.6357076580699216e-07
148 1.1477648905459133e-07
163 2.8903994624273528e-05
172 1.1636027272429701e-05
401 1.802588523953102e-06
411 5.0484948444599765e-06
433 6.072008904324786e-07
477 1.0475170724539683e-07
511 4.3232062691260594e-07
525 3.959425276060281e-07
536 3.075582209983561e-07
611 1.09656141065789e-06
715 9.070981521163366e-08
8 1.5218061845728156e-07
14 4.3942061797645686e-08
15 3.5226039469728933e-07
83 9.649172317179748e-10
232 8.551779034195895e-09
235 3.898810191072068e-09
238 5.8919811769466895e-09
319 1.5542658554245823e-07
385 5.82971219662549e-08
422 8.891189162953809e-10
447 1.1859699259142887e-07
510 4.78319333938173e-07
537 1.2282443850134222e-07
614 1.2948827284953033e-07
621 7.183775420004412e-08
633 1.2166654384594693e-07
649 3.697697647269911e-07
38 5.150051180639029e-05
499 0.0005267492832932595
286 3.2314728172979594e-06
68 6.923220211295502e-08
82 2.3020376643574036e-07
85 1.6538218614603955e-07
102 1.0912028665294497e-07
316 3.3432474210235127e-07
382 8.366146809153229e-07
388 2.9059154304437706e-07
458 2.0290721985551406e-07
461 6.548553875704153e-07
520 2.6939116942269174e-07
526 2.2378455127765407e-06
556 8.118969912927569e-06
632 2.2606724303690977e-07
644 6.58425296481713e-07
687 3.6168279558136806e-08
711 3.373815848086351e-07
714 2.6306014002939343e-06
188 3.2675437861130256e-05
66 6.894252534804561e-10
142 3.2532191725294626e-10
337 1.7948693157863964e-08
540 1.5252594646516772e-07
233 1.9279251723766663e-09
288 7.053715328704658e-10
719 9.322940737403375e-09
643 9.06916976893101e-08
200 2.279840877724467e-08
282 1.7845766286562924e-08
404 2.4893777805222193e-08
681 3.428481816546538e-08
62 2.2259124787880953e-07
133 1.886858722605886e-10
368 4.3881545940550016e-13
442 1.126108045499638e-07
709 4.308713946257943e-12
4 2.466661368763248e-07
78 1.7361740469558536e-07
109 7.885344729197858e-07
197 1.730463722492157e-07
367 5.029809914295145e-08
405 0.00011172724355886146
519 1.2528285325794503e-07
597 1.2256173134493296e-06
348 3.543920184674047e-10
646 1.7076079758272675e-07
718 8.463808717401053e-11
110 1.1099579768723734e-06
173 9.722812796540803e-07
264 1.6142817967275538e-07
273 9.296186151621369e-07
280 6.949015683682594e-08
365 9.395001828582769e-06
424 2.3955072866749865e-09
636 1.9660157535802169e-07
95 4.065073639981672e-08
281 1.38902042457507e-07
371 1.279976028061767e-07
453 1.137670619721996e-07
463 1.323211781285781e-07
479 6.273899021622231e-09
26 2.1095660769642404e-07
127 2.3197548115841754e-07
190 8.105190427712351e-07
208 1.5533421285344624e-07
220 3.312924458435152e-07
265 6.562746929252842e-08
384 7.243807399334277e-06
398 5.116297332507062e-07
421 4.902936668631319e-09
439 2.6573958089138306e-06
507 4.547246609254204e-07
530 1.281670010418742e-06
606 3.913832592747823e-07
627 2.970716333472425e-07
699 4.487421280803334e-08
98 6.523434175066512e-08
181 7.073472501780993e-08
278 1.1929948282898043e-08
436 1.5489934160976542e-07
600 1.0390083007563252e-07
488 8.875823930208518e-05
701 1.3437110355385293e-05
23 7.888844146306935e-08
52 4.986613327018624e-07
55 3.9913308436033826e-07
71 8.836945453896035e-08
76 8.304036327571921e-09
100 1.566178156993906e-10
104 5.1099317418029895e-08
111 2.888890835337693e-08
121 9.270490596983815e-09
132 5.988550612587113e-08
144 1.5280941587643063e-09
157 1.6658505822549394e-06
174 6.711211235514536e-07
180 4.444954325352876e-09
182 6.365508363014308e-09
210 1.4841117470812472e-08
213 6.860420980815927e-09
216 6.798987815802616e-08
241 5.042643456266049e-08
256 1.1552407504650134e-06
266 9.811295164480963e-09
270 5.0141092536372234e-08
272 1.9094526012952534e-08
274 1.0527602015117307e-08
279 9.116767358722285e-08
291 1.1413309254227566e-08
298 2.0101122906883774e-07
309 1.3822901694346616e-06
338 1.2416800639371275e-07
349 2.2997186378187804e-08
387 7.027942830344955e-07
394 2.948595404798879e-09
397 8.609973274120538e-09
400 8.048025787935425e-10
418 2.1047821602225218e-10
425 2.2920844405878915e-09
430 1.8922236546841195e-07
437 8.317477368255471e-08
474 1.2092540303065334e-07
527 7.614706237391148e-07
531 2.5553982941902063e-08
534 1.1056471591343101e-07
551 6.498003567828932e-07
569 1.4175959212377671e-06
599 1.6328516087431336e-07
601 1.0007348991476779e-07
610 1.803627981319617e-07
615 9.27825618846095e-08
617 1.2395843067441955e-07
619 1.920549947235104e-07
622 1.7043979603373535e-07
626 1.7377966521837887e-07
631 1.0778538561433758e-07
637 1.3250403746586426e-07
640 9.218007506230742e-08
647 1.09705959178712e-07
651 8.176512334582068e-08
205 1.260980196179661e-07
269 3.0203087435743707e-06
492 5.66888376369469e-07
625 2.678054665987487e-07
119 2.3400689460042703e-07
523 1.8680756375650647e-05
12 9.711863434818575e-06
28 3.4377394243509664e-05
50 6.2032526798180095e-09
53 1.863501777879356e-08
61 4.3303092934703806e-08
75 1.9676103882118262e-07
77 8.304036327571913e-09
90 3.7829809620898137e-08
103 2.631373025375625e-08
108 1.207444090311804e-09
112 4.142839975054607e-09
126 3.4153381328626344e-08
140 1.280360917254074e-09
153 8.826508906264678e-05
156 7.034413262117407e-08
159 3.2874235639021313e-06
175 2.473883404017813e-07
207 1.2964997671753603e-07
212 1.6298723119532e-08
215 4.3015921026474504e-10
217 1.4834994685936598e-08
240 1.5770093022770885e-10
242 2.6384575222474494e-09
267 1.1650597533336851e-08
271 9.810735269552548e-09
294 1.460105718749487e-08
307 9.27154530640344e-08
310 4.9013246602221965e-08
329 1.6182125167688628e-05
340 3.469019224828945e-05
361 9.280547053586512e-08
369 2.9812008386248765e-07
386 3.066451288170728e-08
389 6.458841044638996e-07
395 6.899838931393241e-11
399 4.107031624537869e-07
403 1.2044359422409703e-06
415 7.982507342524064e-09
427 8.753569693404548e-10
454 1.5262178567183058e-07
462 3.4289249151168414e-07
470 9.605245401211903e-08
476 5.470271187692265e-08
522 8.514665768201829e-08
529 2.192353083411908e-07
532 2.7969389846378833e-07
573 4.379040875431488e-05
598 1.0988671368964184e-07
602 1.0418340676990539e-07
612 1.4630344667717668e-07
616 8.927447911279955e-08
618 9.637629977285361e-08
620 7.87841206704973e-08
623 1.8082145427410773e-07
630 1.4448470203493123e-07
639 1.2109791455368193e-07
642 8.51676511721171e-08
645 1.4511210407758898e-07
648 2.570015388039587e-07
