33 6.410690277603808e-06
39 2.133659772572718e-06
59 1.3492037913879434e-06
115 2.6928574082625634e-06
171 1.98574567747394e-06
251 5.683809200212236e-06
293 6.157348821533749e-07
317 5.816486064155636e-06
322 2.5154767194848872e-06
325 5.757277701375521e-06
330 1.7416709516897906e-06
334 2.8658545914147875e-06
336 6.409900877572229e-07
354 1.7232899715177675e-06
358 2.382704977415595e-06
366 2.47763867076328e-06
373 4.022916385583904e-07
378 7.989195137818889e-07
416 2.1089059826784625e-06
464 3.854486921707372e-06
468 6.8631756265737455e-06
490 9.004006160897856e-06
502 4.896341792365599e-06
545 3.1756312566704533e-07
555 3.1303054757780296e-07
577 2.436140991161498e-06
580 2.8134313411350866e-06
582 1.8637376094183413e-05
590 9.590885826483971e-06
592 5.0820015628387025e-06
604 1.5729281441295872e-06
634 3.520829630360754e-07
662 8.251675528475924e-06
664 3.6297900238889937e-07
668 4.946914978995316e-06
671 6.831558504740496e-06
673 3.0859049254592625e-06
677 1.5966243208715196e-06
685 2.0051699533968545e-06
690 1.0585982735307202e-06
692 6.920246773932035e-07
703 2.215304050874299e-06
11 5.595814941749586e-06
31 1.6096725452452802e-07
37 1.677909827572055e-05
113 1.9567304604442144e-06
296 8.200785498137053e-07
305 2.4993080092265374e-06
323 7.28200183738273e-07
353 1.423747437659495e-06
377 8.595617385783414e-07
414 7.878170350801717e-06
460 2.324892882356007e-06
521 8.572827089630142e-06
538 8.943212024978602e-06
543 1.2745568184312516e-05
546 1.9680088944917783e-06
557 7.798946911815813e-07
560 1.0498306160537895e-06
567 5.835658190548328e-06
571 4.399639919827122e-08
576 3.027777302291463e-06
581 9.10879028403961e-07
583 1.0251088377127245e-05
587 1.9603370014124034e-05
596 1.288451781943592e-06
624 5.553765901110928e-07
650 1.0710258322328611e-06
661 4.445288643466977e-06
663 2.0238424998728794e-06
670 2.4945090708468513e-05
674 5.408095148883585e-06
676 6.754716828516595e-06
684 2.4491249133473336e-07
691 4.540943327817549e-06
498 1.0048136018487295e-05
43 1.9422503542056923e-06
380 2.2479190019399833e-06
483 3.2744894515323084e-05
579 5.550110243331851e-07
613 2.1214607034943952e-05
324 8.33823944557477e-06
