441 8.107476397744479e-06
586 3.977332357203751e-05
51 4.791136971809013e-06
179 4.1588030758491965e-07
186 1.3776847074642927e-06
381 1.1813929989626252e-06
432 1.6067085564689946e-06
450 4.027176532211293e-06
475 1.6292554055013023e-05
572 1.3392242267050487e-07
697 1.4357018761800581e-06
700 2.5003431120286544e-06
167 1.278208109769584e-07
187 3.863179368253156e-07
678 8.513997370991671e-07
689 1.808201462068748e-06
136 4.873347233800105e-07
320 3.899477167146365e-07
496 6.372651139701883e-06
550 3.5097922908722627e-06
652 3.2534323461006e-07
683 2.447682980013003e-06
688 5.8482573849511956e-08
708 6.747413535448574e-07
56 7.671762256565932e-07
94 2.061542921284329e-06
141 1.572672794391413e-06
178 4.90940050591846e-07
227 1.5062571272884675e-06
321 7.1399829925897395e-06
333 8.208863120599922e-08
473 6.5764546807532465e-06
585 2.75733932937696e-06
653 3.0405313828994826e-06
446 7.199293392700418e-05
88 4.739829052705024e-05
96 3.6982623593318855e-05
130 1.334039132983343e-06
196 1.5414474464438562e-06
211 4.929484465159149e-06
222 1.7583832908655587e-06
224 8.277386898501042e-06
228 3.0098556135187632e-06
230 1.8113852859077445e-06
236 3.3710685942628e-07
248 1.3746503974492513e-06
258 6.798257327843289e-05
284 1.9637738249470655e-06
304 1.6987853388851807e-06
376 6.048033722051278e-05
426 6.8733983765463246e-06
471 2.0680566655649644e-05
508 1.0225191580654769e-05
558 3.3250401426344485e-06
570 1.0581483265567535e-06
584 3.747944644391575e-06
654 6.393044736596951e-05
656 1.041876831395364e-06
658 1.9159132415574555e-06
660 5.691286667015968e-05
695 1.3199033661308418e-06
705 8.703765315684966e-07
717 1.9125676894582695e-06
87 0.00018090273815051463
123 1.6766102321636764e-06
129 1.4969419586859073e-06
131 3.427459872601428e-07
192 1.3428140559086042e-05
206 1.5169510656820738e-06
223 5.094180866578333e-06
229 1.975154787278842e-07
231 2.2896367635438575e-06
237 2.2575408967984883e-06
245 2.7399605173256284e-05
249 4.184669704973416e-07
255 4.926820596867768e-07
277 3.886280957894616e-06
299 5.803200327944511e-07
314 8.480307561385687e-06
318 7.3639106684308595e-06
327 2.0154981747534847e-05
331 3.050872671898799e-06
335 2.8899881597588473e-06
341 4.347574548307926e-06
355 8.156940908864183e-06
360 3.9740110844789364e-05
390 6.786160946529617e-06
434 1.959163411742293e-05
440 7.947464216816441e-06
444 2.52268256825318e-05
467 6.0814127742931505e-05
469 1.5465425801578755e-05
478 1.1928077257584021e-05
501 0.000103914530487677
589 1.3168881014517233e-05
608 9.808309791916777e-07
655 5.022048346714734e-05
657 1.0696579284751465e-05
666 4.258717617301207e-06
672 0.00011409820829672867
694 1.3833251018203042e-07
696 8.919050035926901e-06
698 1.9519037117098855e-06
702 1.3676221045442256e-06
704 3.451047297387097e-06
707 2.0289683507535533e-06
716 5.709364358360716e-07
693 2.772519764649089e-06
509 1.1238572678219025e-05
