40 3.130980446453475e-06
504 3.247130113399356e-06
25 3.0657184566583264e-07
162 7.800017253066864e-07
10 0.0001497919576610294
155 1.841508624228015e-05
161 3.405852154175366e-05
169 1.1784106056024963e-06
357 3.603370465662532e-06
482 1.1505442519168567e-05
494 2.983146310836881e-06
578 4.577552518296785e-05
493 1.019149095256505e-05
591 2.870571773390263e-06
253 1.9795561780534835e-07
20 1.8456440582049027e-06
350 4.3045821619645144e-07
481 0.00010680755225803155
548 1.8906382923741806e-05
568 3.361274089560117e-07
595 1.1918204648359272e-06
669 2.4573983989321973e-06
30 1.2840077590141203e-05
429 3.3392399568462133e-06
682 6.354967978492045e-07
5 8.253178035789047e-06
164 8.476001207235258e-07
168 1.2655051143306015e-06
518 1.1401693054859882e-05
143 2.5068360642569367e-08
588 2.16206954326056e-06
19 1.325063693628228e-06
36 3.018140639729566e-06
44 1.9850268718031505e-06
417 1.4561934708132598e-06
219 1.3559981095373405e-05
680 3.042651285578029e-06
49 1.3111706488144072e-06
495 1.8730281462200486e-05
686 3.0561389821813616e-06
18 1.26675329168883e-06
