0 0.0001986936437519583
1 9.45073567432869e-05
3 7.256797488422447e-05
21 3.860355813087628e-06
29 0.0001356454187397417
34 6.507400191233477e-06
35 8.973883012635688e-07
42 1.572912167420953e-05
46 2.0908474897248974e-05
47 2.8383511971338525e-06
48 1.8396971555638047e-06
145 4.654650295941205e-06
147 5.88487858089499e-07
149 9.103802771636001e-06
158 4.095136197286816e-07
160 1.2218452115570348e-06
165 4.5112173116082865e-07
170 3.527832312487658e-06
283 4.814731607888405e-06
379 1.2826203210741945e-05
484 8.178527390667918e-05
500 4.362035225493956e-06
544 2.744709722613092e-05
593 9.687704427934045e-06
594 9.518194868428734e-06
665 1.0491507728244046e-05
667 1.2972182167354669e-05
41 2.4612745257146347e-05
352 1.9545138942817196e-05
564 2.105490927005698e-05
575 1.7948580391824017e-06
480 9.00416302051575e-05
675 4.098842569043746e-05
420 8.931657176879419e-09
339 1.2729242544088931e-10
603 1.2259338231825923e-05
552 2.869389407644999e-06
383 5.375604699207066e-07
146 3.2783350711084244e-10
