547 7.954160146230656e-06
533 4.78904416075971e-07
561 7.873721837606294e-08
9 2.4165241660456765e-05
503 4.2283442453592266e-05
505 8.618232636600777e-05
17 7.821551686584508e-06
80 4.572921873570863e-06
128 1.8978875379217223e-06
243 3.617609959668484e-05
297 2.5582819215027293e-05
332 1.7302161915142767e-05
343 1.1180705135752652e-05
413 6.26775608932497e-05
435 8.296609839316688e-07
485 0.00013441585199533006
539 2.922967567743253e-07
562 2.9578291540294277e-05
6 5.143100827398203e-06
65 1.7023045158560498e-06
114 2.586670229030074e-06
117 9.405721892479482e-07
120 6.428543693837208e-06
124 8.605956287401227e-07
176 2.2048513802563872e-06
183 2.7723389947183533e-06
199 1.2052723438517485e-06
225 4.162906558825789e-05
226 8.009507907602083e-07
234 2.154400817990068e-06
247 4.9390664706279134e-05
252 3.6529241773459226e-05
257 2.0949325690061668e-06
276 6.535657716311256e-07
285 6.5493421142922766e-06
289 2.225785295771363e-05
302 1.2319009386095465e-06
306 2.937024246645035e-06
308 8.615308418666144e-05
326 2.6969345718235885e-06
328 1.1266274805435428e-05
342 6.4506587375652205e-06
356 2.7651329587106305e-06
370 3.0463218680986347e-05
407 8.00077216436612e-06
409 3.9325756854191245e-05
412 9.884263153388461e-06
423 1.5811686911058412e-06
431 5.93674311805557e-06
455 4.778608204536459e-05
472 7.84874034219871e-06
489 0.00045926330226058165
497 8.980498689371796e-05
512 1.5546235007799008e-05
515 5.891809637736244e-06
524 2.7374210825114723e-05
559 3.0583401167416403e-07
565 2.4670847016659487e-06
566 2.0762231632511076e-05
679 1.040212009672097e-06
57 3.467741986943054e-06
89 1.9558688474524388e-06
105 6.779067913189686e-06
116 5.532162742039414e-07
125 5.6093610325984924e-06
135 1.7085692827673862e-07
139 3.5078898665435916e-07
189 1.298560411232871e-07
201 4.950030021594329e-06
202 1.6095675458221867e-05
250 2.1133148495183195e-06
300 2.649442216523388e-05
313 3.776234962846822e-05
315 7.053840430705485e-06
359 1.324589918075107e-05
364 2.1618169824047794e-05
375 3.2665593198819486e-06
514 4.663269468841083e-06
609 1.1733482644547005e-05
73 5.478873330398048e-05
221 7.883146623292079e-05
292 5.314464219153099e-06
372 7.1198496822351e-05
486 0.0003930221470260784
554 8.811020172853799e-06
659 2.8477931538282217e-05
706 2.936589318553195e-06
32 7.870185687734604e-06
374 3.7738547108530717e-06
549 0.00012350254759136765
312 2.58747709692178e-05
184 3.3016101912387838e-06
191 4.0702731242733605e-06
