16
-0.012136406188983118 0.04532229029869843
-0.019174472701644237 -1.0209718959967124e-05
-0.010261324298738678 -0.008318720424183945
0.02201466087400622 -0.021328361452077883
0.0036471326183971685 0.03372882658321969
-0.00696701123868729 0.0021337326350418617
-0.0026763298093014833 -0.005485136598642285
0.02721090771871066 -0.01745970247690677
0.02692514448571479 0.029739466744076647
0.019889309811959 0.009711793396234828
0.011279896594439924 -0.0005557262615609242
0.037532197107995595 -0.012177300560554334
0.040843708307319315 0.03080281002510091
0.03177685814149111 0.012522884845440544
0.01825636532391689 0.0007835706288167945
0.044506432625234967 -0.010691042833382985
