16
0.028431284622028565 -0.05696887636415822
0.03228931786686838 -0.03447536956006654
0.06289200259932641 0.019844086094859065
0.08991634484907883 0.034937671181746094
0.011654094377730784 -0.04779073475058973
0.016073744836210324 -0.02750175684836701
0.034555097915506414 0.021037085875189446
0.058532600294927885 0.03194634377017651
-0.020934041469179668 -0.038382202293178506
-0.023839003998356097 -0.017085028281041234
-0.029823888713382138 0.025339745103363412
0.008871786492001474 0.02927181248542165
-0.04001871001021421 -0.035931839172322726
-0.043824120161553286 -0.013148091734727902
-0.05908600076765043 0.02875219617013183
-0.019987210263393233 0.03166996393437596
