16
0.024651099141859728 -0.010769495791346936
0.028542260206769293 -0.011877032804557902
0.026633200773908097 -0.024549681900185534
0.027779362150387867 -0.0371816246087219
0.024608082214014153 -0.005592156088300866
0.028132173325420354 -0.004203037437294759
0.027405602532271867 -0.01159515963219165
0.0272000328445552 -0.01626441906992799
0.023742396629581518 0.0023762827798023646
0.025891969446624787 0.009652463371874078
0.02722554333620442 0.011046288469789426
0.024281877738493832 0.026471401219309305
0.02292043025347315 0.0076792918187987
0.025047190941829778 0.016723928660753853
0.027048011709253906 0.022147565480977568
0.02317467123982663 0.04669418293830294
