16
-0.05326724034326644 0.04685487904708992
-0.05296049976246106 0.017640916452970983
-0.031882475996257854 -0.03507250077359043
0.005522953754314508 -0.035785920945359956
-0.023761351294536385 0.04562322872445613
-0.02456828579097585 0.021340794224230585
-0.005889280281090478 -0.027373795259163367
0.03086890324143724 -0.026122953970306447
0.02243181482338836 0.0449387650208137
0.029277301222235343 0.022173346851276348
0.04602029850789496 -0.01528947616292349
0.07847722849078595 -0.013709197032100754
0.04814748122670389 0.04764927970298103
0.05429571690299536 0.02373860045361105
0.0710292347720363 -0.011678231384000167
0.10746967144687643 -0.009268087072016777
