16
0.018336506786877857 0.006886854750546454
0.01209205332022743 0.001966033406444889
0.002991866012953365 -0.01472831548957203
-0.008644439575246302 -0.015611016405625159
0.014384347809907634 -0.0007789267482116576
0.01215174849563901 -0.0024345136614009706
0.00940183544024901 -0.008085743583247092
0.0011656325573872897 -0.005425058941217557
0.015800068641205107 -0.0015353567024446802
0.012756785648010317 0.005301767274446442
0.017626178780254995 0.00724525889220689
0.019665331043223336 0.014282760439722998
0.01609635350075787 -0.0004241604849694018
0.012897528393077107 0.009632154540843964
0.021848041724432526 0.015930740058046837
0.029730544504187693 0.025633612536678316
