16
0.018985377933294224 -0.00925682934948097
0.01631039777837213 -0.00454331510236069
0.020458926664085043 -0.005907086606570306
0.020441050156213322 -0.006898928206163383
0.015592488003892596 -0.007643724274249164
0.009112370126072817 -0.0053010108571230966
0.011107829810343832 -0.002352542037985344
0.013906855597319606 -2.6176697142593387e-05
0.012931274436555437 -0.012971618728386604
-0.0008587265533602956 -0.002408441462349286
-0.0055135706560107646 0.009152657744513267
0.007438408787946213 0.015649480733025526
0.012762885832505998 -0.014107672838616622
-0.001443187075237667 0.0016174458353131831
-0.013534764327902871 0.01817842990044454
0.007803813824473991 0.03362277954164201
