0 0.000216074621887664
3 0.0001481426509900928
21 4.302704756971081e-06
42 9.990975397217385e-05
48 5.988001907417432e-06
149 1.612744799636778e-05
158 4.17632549425719e-06
243 4.784345984251705e-05
379 2.3670650793747975e-05
484 0.00010940457133036205
665 1.2548630125702997e-05
1 0.00010619366930749333
6 3.6019785034386763e-06
9 2.3873128337069145e-05
27 1.4623226756801538e-05
29 0.00018189118929503114
34 4.7132820053197056e-05
38 6.320580370519443e-05
69 2.1323544595259838e-05
70 7.558248300872604e-07
74 1.0928579975922e-06
81 8.827189667133639e-07
84 6.843010898922325e-07
89 5.710282990854524e-07
145 1.036727969975101e-05
151 7.003292412893076e-07
152 4.379590188160144e-06
153 0.00010600587460415825
154 7.571876467854977e-07
160 4.558293656812799e-06
165 5.559569372549786e-06
221 7.432260472783398e-05
225 5.2017973664771124e-05
252 3.7681913273594344e-05
283 5.900301033498838e-06
393 4.631210790945815e-07
396 4.262340640430025e-07
405 8.754409634845024e-05
408 1.3675851140187531e-06
409 4.010257317710646e-05
411 4.413106787609964e-07
413 5.9554682751539996e-05
431 6.005094853887838e-06
438 2.003805939953122e-06
446 7.086660486210327e-05
455 4.3410538506944785e-05
497 8.037041129995734e-05
512 1.8840753535826174e-05
513 1.1274562030459245e-06
515 4.85395332093802e-06
524 3.192896705058884e-05
528 5.772519754972305e-06
544 4.1223879143218986e-05
553 1.3649565511089136e-05
556 8.752894858112147e-06
566 2.4137794433137126e-05
607 0.0001379024136116723
609 1.207929749304324e-05
641 1.057556618165614e-05
667 1.4167795025467167e-05
12 1.0447325059855443e-05
16 4.116423572858494e-07
23 2.867487594003284e-07
26 4.3392913234661954e-07
28 3.752559237998335e-05
41 2.9969569685732606e-05
45 2.0958442178067392e-08
52 7.26475104981377e-07
55 6.22945404169536e-07
57 4.867631629222102e-08
58 8.260026724853476e-07
60 5.062744391624506e-07
61 6.346957898086287e-08
65 2.0561225122220374e-06
68 6.091271173635849e-08
72 5.159254521418975e-07
75 4.970983333891156e-07
82 1.850157402703622e-07
85 2.9776296746626697e-07
86 4.4004765968973727e-08
87 0.00016818072744669105
90 5.166791646000607e-08
91 9.714627870346013e-08
92 1.1321638552311461e-07
95 3.254048531670541e-08
97 6.773044924173686e-08
98 5.547171925151358e-08
102 9.237579559962613e-08
103 2.975994747166022e-08
105 5.301983314090852e-06
106 2.015382268792814e-06
116 4.905552868361617e-07
117 8.551667671309458e-07
124 1.0299352898520585e-06
125 5.205322107644971e-06
148 4.99187358598552e-08
155 2.176642795075353e-05
157 1.3432066371202191e-06
163 2.6529380127296894e-05
175 2.668114658957228e-08
177 7.949562078909134e-08
181 6.65401073707855e-08
185 6.430073095650877e-08
189 7.281624982561289e-08
190 7.627034243854385e-07
193 6.143693705432829e-09
195 3.71270758729922e-08
199 8.364564460388763e-07
201 4.705368774622285e-06
202 1.2864341261944678e-05
203 2.1874778880270665e-07
207 1.667274583228863e-07
208 1.698381139392239e-07
220 3.4245484267880976e-07
244 1.1452950230170633e-07
246 1.5332620585873395e-07
247 3.465793306732037e-05
265 7.060013936455446e-08
266 2.5158768499915344e-08
269 2.9886906989626616e-06
272 3.699479463884634e-08
273 1.0637742793551375e-06
281 1.341898638449626e-07
285 6.435595061233527e-06
295 2.9070018127533637e-07
297 2.590315569516641e-05
298 1.9996812234953913e-07
300 3.175167888281765e-05
308 0.00010080801977944761
309 1.6771370121574825e-06
311 1.5961270982443985e-05
313 4.230692900035529e-05
315 5.138610258704913e-06
316 3.426752064458986e-07
326 1.8744986238919447e-06
343 1.0729281586345148e-05
356 2.346444671768711e-06
359 1.1711117972471368e-05
370 3.4676847381246116e-05
382 1.805732770667427e-07
383 1.6629249406273852e-09
384 2.6258193004436306e-07
387 2.3083986689559966e-07
388 4.1329704788320354e-07
391 4.888536734734603e-07
398 2.3543586382677965e-07
399 2.405331734528545e-07
401 2.310767266597525e-07
402 3.123207883182043e-07
403 2.9363970314233373e-07
406 9.172700191946805e-06
407 6.741269317008656e-06
410 2.5736033275191947e-07
412 1.1210892134174177e-05
419 2.3795186833986658e-07
430 4.6807515676821775e-07
433 5.910419323127741e-07
436 3.2944813290582675e-07
439 2.7199820267097353e-06
445 8.591960669999077e-07
449 1.1408340942004348e-06
451 2.8523354321033177e-06
453 2.169802151246774e-07
456 5.551604797164626e-07
458 2.522449721467535e-07
461 7.919162945975087e-07
463 2.840049970354467e-07
466 3.444128338192259e-07
470 3.3664570092373364e-07
476 1.4944300660402107e-07
477 6.406643151909926e-08
487 5.520387140576447e-07
489 0.0003492735158829331
506 4.275614834416236e-06
511 4.883520960688383e-07
516 3.1294551649359005e-06
520 2.698600020568331e-07
525 4.0730961347894063e-07
527 9.441570589791562e-07
529 2.2994121254950882e-07
532 5.58366435463172e-07
535 1.8790774349039817e-06
536 4.0338756152570465e-07
542 2.5997442594402397e-07
549 0.00011011972476871639
551 8.459144635537671e-07
564 3.377555239786525e-05
565 2.3069066155904907e-06
569 1.3712791377300572e-06
597 1.2153260328368538e-06
600 2.133661008864832e-07
603 1.0239485341432203e-05
606 5.735248331122783e-07
611 1.2312655395140527e-06
612 3.152798572306929e-07
617 3.037231732252003e-07
619 3.8733660362500723e-07
627 4.231789770775229e-07
630 4.110245008896293e-07
631 2.902582112631755e-07
632 3.2830758816315347e-07
644 5.97975820716073e-07
645 3.201320856427571e-07
648 5.054538832067732e-07
654 6.82177414199416e-05
659 2.9773170498434067e-05
687 2.8393846408401386e-08
699 4.507768997913974e-08
710 2.1850585716855573e-06
711 6.571359859311412e-07
712 3.365199996668788e-07
714 2.4250418395192785e-06
715 4.38018624181769e-08
552 2.432034223582802e-06
482 1.080262507172116e-05
2 9.231038976668801e-08
4 2.9891762329436596e-07
7 2.283747077302868e-07
8 2.449960472721922e-07
10 0.0001605851330255324
13 9.026833284603335e-08
14 9.239702709395535e-08
15 2.0262440597032681e-07
18 1.27304560254287e-06
22 2.668374762512089e-07
24 2.7955875929387125e-07
50 1.5281848284562703e-08
53 3.702800212766344e-08
54 4.529910550617968e-08
62 2.4853301977007805e-07
63 6.404916465364211e-08
64 1.8631108807938994e-07
66 1.812714437659388e-09
67 2.468203123164542e-07
71 1.3198433001837946e-07
73 5.2329350819555474e-05
76 3.253521772159707e-08
77 3.253521772159705e-08
78 2.421015106467959e-07
79 1.2755516114592234e-07
83 2.119171077996645e-09
93 1.0670441301619763e-07
99 4.9881281457459806e-08
100 1.1342399903475397e-09
101 3.435821730680434e-08
104 7.525164771530399e-08
107 3.5399297273002475e-09
108 5.990114696810217e-09
109 6.641959017331048e-07
110 1.0190582208909181e-06
111 2.847463316993975e-08
112 3.6842313732416475e-09
114 2.348808995768994e-06
118 7.909500993010813e-09
119 1.4179818828547623e-08
121 2.6030531768654354e-08
126 5.541901733564596e-08
127 2.110956137013374e-07
132 8.33636910119262e-08
133 7.333679595742694e-10
134 3.512421554728641e-09
137 1.4033930881579814e-09
138 3.153615236857193e-09
140 3.791393461833609e-10
142 1.0284592251513064e-09
144 1.8613253919556166e-10
146 1.1641162611526267e-10
150 1.3404335376931607e-08
156 1.214322977700823e-07
172 9.97218097269299e-06
173 8.767965832217437e-07
174 6.346951667604423e-07
180 1.451230544505165e-08
182 5.019773535333567e-09
183 2.3407682861873747e-06
194 1.1994545975461837e-09
197 1.676125589287554e-07
198 3.8101353829793095e-08
200 3.3601843963746674e-08
204 4.6912434658693943e-08
205 1.3996237659482728e-07
209 6.75444561657998e-08
210 3.529809618565558e-08
212 5.312159934549977e-08
213 3.7666950332495524e-08
214 1.2290680395799107e-08
215 2.026969336512835e-09
216 8.847071304913968e-08
217 4.406997857922647e-08
218 1.6194437472614382e-09
232 1.4942948571335697e-08
233 6.1933929485497174e-09
235 8.577198454630677e-09
238 1.2339731948995902e-08
239 1.3740596596879414e-08
240 1.0503216513256792e-09
241 4.7346487326187933e-08
242 4.8247940175367235e-09
254 4.905236375870891e-08
256 1.1451270252519984e-06
259 2.697300819933566e-07
260 4.5886713189796403e-08
261 1.7060867411835618e-08
262 3.590518998573359e-08
263 4.1798713568141394e-08
264 1.730911310850027e-07
267 1.9973274068924094e-08
268 2.7045799458981665e-08
270 7.228792420615335e-08
271 2.633365530868165e-08
274 2.7054833441066635e-08
275 3.2867344199045394e-08
278 4.297824277764787e-09
279 1.1397711922232189e-07
280 1.0420618570248374e-07
282 3.892783882667598e-08
287 5.87407276543286e-08
288 2.1824577902361425e-09
289 2.1109932736105113e-05
290 2.670415770811831e-08
291 2.9407359348971164e-08
294 3.8650000610688274e-08
301 3.7856813470851556e-08
303 3.487357437476075e-08
307 1.3030926141876512e-07
310 1.2472938432261129e-07
312 2.0242305162108802e-05
319 2.433984231962323e-07
329 2.306537663189725e-05
337 3.4958963232697646e-08
338 1.2623990653867547e-07
339 6.362420049178408e-11
344 1.5198312110363174e-08
345 2.0753774889502745e-08
346 1.7223967568248082e-08
347 3.416293813628982e-08
348 1.251526186629791e-09
349 3.8821862063301714e-08
351 6.572778773108694e-09
361 1.0053710480372588e-07
367 5.710761726026711e-08
368 1.4125316886034836e-11
369 2.938517942057706e-07
371 1.0510488062860846e-07
385 1.1902257437630373e-07
386 7.797051981309164e-08
389 1.0499146087869813e-07
392 7.29781017886704e-08
394 4.196336966384784e-09
395 4.822359189691838e-10
397 2.504908421235415e-08
400 2.784292998870367e-09
404 6.276609275528693e-08
415 1.5009616274196324e-08
418 2.442949061298115e-10
421 2.36395801765264e-09
422 2.320645457869761e-09
424 2.4044170658073625e-09
425 1.3396172420728467e-09
427 2.1181736887657046e-10
428 2.519260562675791e-09
437 1.4472475289312842e-07
442 2.1282679619991074e-07
443 5.3072692672503546e-06
447 2.1110461319329663e-07
448 1.8276170852760476e-07
452 2.2203884149301614e-07
454 2.509738780883463e-07
457 2.6160399171348023e-09
459 3.042276774697865e-08
462 3.728517108822944e-07
465 8.792560645684205e-08
474 1.5600962115300076e-07
479 1.0964394793693713e-09
481 0.00013958935424362702
488 6.699971054147319e-05
492 4.865871405351653e-07
507 3.9494686303759294e-07
510 5.253655962261516e-07
514 3.5073090836865184e-06
517 1.3391184126699272e-08
519 1.3399881963272237e-07
522 2.4983080525819175e-07
526 1.3702231146843133e-06
530 1.1020776737502681e-06
531 1.0741203608242858e-07
534 1.6304746002591494e-07
537 2.2306609829162884e-07
540 2.759531306901936e-07
541 9.877578746667242e-08
554 8.99424361013346e-06
563 8.123119162873037e-08
598 2.0077013846740712e-07
599 3.5530175540497897e-07
601 2.9944641769808884e-07
602 1.6108954954988212e-07
605 2.581927261664651e-07
610 2.5076768599617574e-07
614 2.7149211788061887e-07
615 2.5092109950418846e-07
616 1.9340631436500193e-07
618 2.0370487535517514e-07
620 1.804566923091742e-07
621 1.4978042630261413e-07
622 2.835826447016055e-07
623 2.1430606993069696e-07
625 3.5907625553571385e-07
626 2.8351364027587884e-07
628 1.2756885086431754e-07
629 1.967099023795403e-07
633 2.2745194510238524e-07
635 1.9561470590869682e-07
636 1.9760637053367644e-07
637 3.0876842134568475e-07
638 1.984788168662583e-07
639 2.1850941975916278e-07
640 2.7925146726527425e-07
642 2.1695324759060925e-07
643 2.0052078983227576e-07
646 2.7748122623240003e-07
647 2.662889958954124e-07
649 4.686768946210177e-07
651 2.523730217000587e-07
655 6.879417327740842e-05
681 7.144384177055929e-08
709 6.266604637972723e-11
713 1.9108340651961062e-07
718 3.291833324440913e-10
719 2.1475829000425325e-08
720 1.6856216446323317e-08
352 1.8282802233878668e-05
362 9.136258486021775e-09
420 9.252672850044318e-09
168 3.944454075898646e-06
486 0.0003380610224070874
547 5.168227712814147e-06
17 7.219908988702619e-06
25 3.3885804547561377e-07
122 4.9336281217254205e-06
128 1.7763127799011451e-06
135 1.630590746780404e-07
139 3.63146056978732e-07
159 2.8795172404065195e-06
161 4.711595558222815e-05
164 1.7933942181965858e-06
166 5.718435458276332e-07
169 3.5685318506861356e-06
176 1.7050292362448973e-06
188 2.644538921130079e-05
226 8.389205435469984e-07
234 2.2326493314022e-06
250 1.950395349040678e-06
253 3.002262293779084e-07
257 1.6851908326319437e-06
276 7.902730399978425e-07
286 3.112683247777784e-06
292 5.712310365246132e-06
302 1.264104244964135e-06
306 3.3754841129309816e-06
328 1.4432034181113914e-05
350 5.609327457938475e-07
363 2.160215631941012e-05
364 2.450803873279932e-05
365 8.632572165523885e-06
372 6.945136123590825e-05
375 2.872057500251407e-06
423 1.485307001573779e-06
435 4.5299957640632874e-07
472 6.599191540276167e-06
480 9.081904812460766e-05
483 1.269498536493928e-05
485 0.00012890126233674966
491 7.29031278296014e-05
499 0.00046588387637913376
518 1.326346730189052e-05
533 1.5459904769636496e-07
548 2.1971478756109752e-05
559 3.490086084828696e-07
561 1.2077851450357936e-07
568 3.239065119529411e-07
575 1.5419730850882525e-06
593 6.995582267796531e-06
669 2.3399072825961187e-06
679 1.0136672799842691e-06
680 3.43472495886983e-06
682 5.82551241933434e-07
706 3.3526644194086768e-06
573 4.81850173183163e-05
35 9.410727796621418e-07
5 7.10968749923439e-05
46 4.492484446424076e-05
80 3.7892158291334397e-06
96 3.015391177333311e-05
120 5.0520500509953e-06
123 2.14336859475364e-06
143 6.839438452838826e-08
184 3.4853413680140722e-06
191 3.861173082764139e-06
211 5.529352203451186e-06
245 2.0441410721741143e-05
327 2.0222692300828037e-05
332 2.300887279772977e-05
342 7.03680026568369e-06
357 3.7217587794381724e-06
360 4.233445022943836e-05
374 3.325808744065327e-06
429 2.9690974234668614e-06
434 2.3945043422774123e-05
493 9.337791165838559e-06
523 1.8626736024713888e-05
539 3.6755970811825246e-07
562 2.4329335837798757e-05
574 8.099382819915597e-05
595 6.89752895336878e-07
701 1.2387763942236066e-05
32 8.072301394145472e-06
192 1.1868171125772826e-05
376 6.020747315966057e-05
417 9.043106362805939e-07
504 1.8735154889546212e-06
505 6.858053981324765e-05
558 3.8060185918142785e-06
591 2.132234475937824e-06
702 1.666256085606447e-06
705 2.63998938783145e-06
707 2.260745964906349e-06
88 5.03565444531298e-05
426 1.0032700284240269e-05
444 2.9590507432568444e-05
471 2.2747615832529087e-05
578 7.408030243037131e-05
588 2.3338986862498145e-06
672 0.00010263068794471805
248 2.3066364662295705e-06
277 9.6386820895351e-06
314 1.0048911582681276e-05
469 1.6549954260724754e-05
478 1.2206918056940827e-05
503 3.4926533515801406e-05
657 1.5712022741367757e-05
258 5.228206383153597e-05
494 1.2165651428368094e-05
508 1.2890152960778548e-05
675 3.260471579069501e-05
686 4.521094278366318e-06
717 1.8782196013173393e-06
147 2.6206818843884577e-07
162 2.458720930120136e-06
321 8.503854119284717e-06
696 1.407067951532505e-05
695 1.5252078106826516e-06
341 4.836765175411837e-06
