47 5.430893694196326e-06
11 1.4783072618239645e-06
19 1.8606756446044558e-06
20 3.4169962194841695e-06
30 6.219724143371613e-06
31 3.491493759027694e-07
33 6.219312324428314e-06
36 4.800252040727799e-06
37 1.6212067912986907e-05
39 2.2390605251722638e-06
40 2.521817873541947e-06
43 1.5650159919034512e-06
44 3.627008950014479e-06
49 2.18612063585601e-06
51 2.4077330801113425e-06
56 2.781761390375349e-07
59 1.364378981147874e-07
94 1.8815295346537327e-06
113 3.2701980138797443e-07
115 6.557158643919198e-07
129 1.9829509496097135e-06
130 2.3946954480428723e-06
131 4.833444452635839e-07
136 3.5217587794542154e-07
141 2.490444661945393e-06
167 4.3768702361151976e-08
170 3.6164747342720145e-06
171 7.205811254661109e-07
178 6.598312415041814e-07
179 2.969035628909654e-07
186 1.050363506110101e-06
187 2.909155834320489e-07
196 2.869697677930965e-06
206 8.679475456336098e-07
219 4.224964759572264e-06
222 2.58336388269437e-06
223 4.517023906024071e-06
224 1.097295630106822e-05
227 1.1714092940416102e-06
228 3.774463341571788e-06
229 2.6823672109421006e-07
230 2.702567555900188e-06
231 2.8897203746587194e-06
236 3.472178028300526e-07
237 2.2598402336784023e-06
249 6.338373310140801e-07
251 4.358617142992654e-06
255 1.1236477646393642e-06
284 2.104114877442601e-06
293 1.4874425269557401e-06
296 1.1196726602602663e-06
299 6.582761876638191e-07
304 1.887566038484069e-06
305 1.9610312851657455e-06
317 7.631887579440015e-06
318 1.1487438612507265e-05
320 3.7728985435397773e-07
322 1.786452252726087e-06
323 5.777972147708605e-07
324 8.784609567038099e-06
325 6.887100695937123e-06
330 1.575379171988513e-06
331 3.4689451500811056e-06
333 1.816362103889075e-07
334 4.020614170114271e-06
335 4.562815864977794e-06
336 7.70597755053508e-07
340 2.1740522403827586e-05
353 1.4484521088352754e-06
354 1.6436790989893483e-06
355 9.696976481559701e-06
358 2.606828752033199e-06
366 1.8236202248462593e-06
373 4.153159685150718e-07
377 7.465533909999811e-07
378 1.2387543381033266e-06
380 2.212335584117477e-06
381 9.458337378255734e-07
390 8.256022371525031e-06
414 5.7512257846746105e-06
416 3.0892431737149375e-06
432 6.076415900701502e-07
440 6.155847977758745e-06
441 5.8802620544848815e-06
450 2.4382369759260643e-06
460 6.874189640691721e-07
464 1.6954474906012744e-06
467 5.0497673887409194e-05
468 7.46061697186755e-06
473 6.077279576801972e-06
475 1.234292147155975e-05
490 5.557196201847088e-06
495 2.8254719803479375e-05
496 5.227923984775129e-06
498 1.0319564117535967e-05
500 3.528928253670761e-06
501 9.826295138387064e-05
502 4.813170834154284e-06
509 5.197305387093895e-06
521 1.043105078274984e-06
538 4.248184895951056e-06
543 1.5200102046329298e-05
545 5.788701114869398e-07
546 1.2316041891221447e-06
550 2.9920765837010214e-06
555 5.394476216374859e-07
557 7.929743602603337e-07
560 1.6457215933505468e-06
567 4.629028487851379e-06
570 7.277448176410525e-07
571 2.2930978928351782e-07
572 3.1353477379300036e-08
576 4.261268887715481e-06
577 4.003585950383833e-06
579 7.087152703790282e-07
580 2.8562788299455397e-06
581 1.334403285762178e-06
582 1.8401420478583516e-05
583 1.2513200701558414e-05
584 2.7183575479598297e-06
585 2.7919545914206665e-06
586 3.523045507260424e-05
587 1.6474458221747345e-05
589 1.4649753518175185e-05
590 1.2213370313921066e-05
592 5.884083183884334e-06
594 8.817527211189819e-06
596 1.6790032190070906e-06
604 2.3015691519039126e-06
608 6.656700134605191e-07
613 2.2409603021877944e-05
624 1.0986819920832632e-06
634 4.076736865027482e-07
650 1.4885533113812438e-06
652 1.577105759989954e-07
653 4.213848872181216e-06
656 1.0801851250903365e-06
658 2.6405695656920083e-06
660 5.6259393187243544e-05
661 7.608088385230232e-06
662 9.240410987974884e-06
663 3.288610050386476e-06
664 4.6651531410980964e-07
666 4.2026567992408895e-06
668 6.859067451521925e-06
670 2.1635572165250812e-05
671 5.90833554270391e-06
673 2.6826765791665034e-06
674 6.29906047420774e-06
676 5.18798365419907e-06
677 3.008559759041085e-06
678 3.434544189211611e-07
683 2.1894146013488476e-06
684 2.865948190509354e-07
685 1.8121607907555422e-06
688 3.3208144660357694e-08
689 8.896301873510011e-07
690 1.7348116281535499e-06
691 3.717001180235969e-06
692 7.260334183694136e-07
693 3.1005372353475506e-06
694 1.753812033394384e-07
697 7.546463498335116e-07
698 2.1655130476749136e-06
700 2.253298205268092e-06
703 8.32657235753708e-07
704 2.8163402472039905e-06
708 9.400162077690766e-07
716 5.793519129854699e-07
