31 1.8734711440783623e-07
36 4.638852671273906e-06
39 2.559420930082349e-06
43 2.220243309980312e-06
59 1.2166801810216835e-06
113 1.3259962383856488e-06
115 2.3435543985992862e-06
171 1.8006894010150551e-06
296 6.503362339902929e-07
317 6.3595788460441564e-06
322 2.1369432620736815e-06
324 7.342569079102754e-06
330 1.920315017888698e-06
334 3.535080146715992e-06
336 6.414991020034603e-07
353 1.9512958993398405e-06
366 2.015560470182351e-06
378 7.061660386003254e-07
380 2.3667370742924506e-06
414 7.2787542977974165e-06
464 3.309925912896871e-06
468 7.241308295255941e-06
490 8.507961286587096e-06
502 5.581796852922505e-06
545 3.633622004873475e-07
557 7.312810318372848e-07
576 3.6303772590010446e-06
579 5.59959312000523e-07
581 8.309073056651394e-07
583 1.1290500626708981e-05
590 1.23912267319541e-05
592 5.1711002779654934e-06
596 1.4341002194180084e-06
624 4.941854475757392e-07
650 7.922470268432241e-07
662 8.122898954500406e-06
664 3.609951657735333e-07
668 4.087843416289511e-06
671 6.542304710500897e-06
673 2.0603800186828288e-06
676 6.2588129296295605e-06
684 2.0668928831424347e-07
691 4.1204576087238694e-06
11 5.009933333049908e-06
33 6.314424888851115e-06
37 1.568935094823716e-05
40 3.5491626578371347e-06
251 5.64413423656626e-06
293 5.630958542104796e-07
305 2.144968205731765e-06
323 6.601751926720862e-07
325 5.6981194490091635e-06
340 4.341926208606334e-05
354 1.8191743699241898e-06
358 2.444445659473286e-06
373 3.4602302798294806e-07
377 8.305575058654457e-07
416 1.989159509140175e-06
460 2.1122792120735395e-06
498 8.845109877600078e-06
538 1.5531951937172312e-05
543 1.3336500201823367e-05
546 1.681363922670708e-06
555 2.7277276135926927e-07
560 1.031571444264572e-06
567 5.2994357642151245e-06
571 5.903341208922776e-08
577 2.598903493749681e-06
580 2.8017555536654774e-06
587 1.6094841578678052e-05
604 1.4160228419993102e-06
613 2.424637539148912e-05
634 3.413806518552039e-07
661 5.131359218012254e-06
663 1.7110243008154198e-06
670 1.8423238695147865e-05
674 5.630430286072942e-06
677 1.3189657311244773e-06
685 1.8982822576852478e-06
690 1.081187142192701e-06
692 6.814498464636793e-07
521 1.1500470065911924e-05
495 3.9407460859490405e-05
582 1.757630259953631e-05
