515 4.407137380981848e-06
455 4.214350954536222e-05
21 7.243179705231563e-06
485 0.00013521236912100344
480 9.299155403909709e-05
486 0.0003496369345085304
234 2.0720071104132555e-06
183 2.7539363729525472e-06
412 9.624559937835603e-06
682 6.261688540160358e-07
559 3.702560673497854e-07
221 6.723440489323214e-05
364 2.2400092561119812e-05
124 8.875898922179099e-07
289 2.0662440108028404e-05
706 2.659990264717123e-06
253 2.7598051246508193e-07
326 2.747201972337477e-06
65 1.6538016725820049e-06
25 3.134797657456759e-07
285 6.120826063729283e-06
226 8.497285935625939e-07
350 6.300679513652575e-07
257 2.2609174530587417e-06
564 3.148548080821501e-05
370 3.0480827521674475e-05
375 3.3372534586444288e-06
561 7.553827752601114e-08
568 3.362671908878029e-07
308 8.401390544545048e-05
114 2.382994670833271e-06
116 5.089852493392465e-07
117 8.437955588439438e-07
553 1.3652636425518069e-05
356 2.496734307062127e-06
569 1.381203854606474e-06
512 1.3541845420738642e-05
199 7.550173115766762e-07
593 1.0729078591694372e-05
250 1.94052008974759e-06
566 2.130700793206997e-05
6 3.3769826823469092e-06
300 2.4663754026276046e-05
431 4.974948857230976e-06
595 1.6192180854418962e-06
60 5.919051214836374e-07
359 1.2092591905931338e-05
445 1.0568981382703166e-06
57 3.0564518238870596e-06
201 3.980667987316323e-06
514 4.110019837707747e-06
315 5.357162667589456e-06
135 1.376702035637109e-07
139 4.7101768422537906e-07
160 4.298027226814779e-06
243 4.855013048356138e-05
105 6.007536320172558e-06
409 3.642451531713182e-05
145 1.1371297468398658e-05
35 1.3111317014099626e-06
225 4.223751137545766e-05
497 8.146813761254485e-05
379 2.373683764157358e-05
352 2.016483721548093e-05
125 5.20727257164235e-06
189 5.068916415230422e-08
252 3.639106413849471e-05
383 4.640143463792606e-07
34 4.221251355335875e-05
419 2.518285571409934e-07
544 4.659840855213346e-05
42 9.363649349525979e-05
609 9.683945322194049e-06
556 8.250566486890261e-06
0 0.0002843199942126021
27 1.263645518235393e-05
247 4.636457952060966e-05
177 1.6730065995901865e-07
1 0.00015327413664764387
86 6.903138264543674e-08
313 4.3257667274121824e-05
362 1.0714372682200798e-08
420 1.0028040268733547e-08
89 5.512392136281326e-07
154 8.082925118222372e-07
641 1.1011903465940083e-05
3 0.00016456094412603623
29 0.00022515139995670915
393 5.912933228771301e-06
484 0.00013593125341262533
607 0.00014016979677557108
165 5.848332835640007e-06
48 6.186931796264112e-06
149 1.9116687575067528e-05
158 4.644037648052861e-06
524 3.068337603148897e-05
665 1.3916966629261282e-05
