52 4.173119844392055e-07
100 2.2277523580581904e-11
127 1.9999558660367095e-07
155 3.473688411988381e-05
159 3.758355257638737e-06
173 9.263535740744913e-07
180 2.7637823404082358e-09
197 1.5597119042635958e-07
210 1.0418655329132894e-08
213 2.6794525990636653e-09
240 7.609425627981733e-11
267 9.289802357841048e-09
307 6.095266313539438e-08
367 4.3545758049923666e-08
395 2.4946628827463948e-11
403 1.0591200008034771e-06
492 4.16691941469387e-07
520 1.1886853301269245e-07
530 1.088651608561655e-06
552 2.846342904708534e-06
600 1.9576722490190194e-08
632 7.246629067082762e-08
644 3.00309468051729e-07
709 9.765744557485146e-12
714 2.081634382178753e-06
4 2.712142923352242e-07
8 1.0586283835866207e-07
13 2.959797727734299e-08
15 2.8476541285490666e-07
23 2.6792975423914138e-08
26 9.555103848794403e-08
53 1.8591764170933164e-08
55 2.725605667551114e-07
63 2.774845771332304e-08
66 3.29707177262925e-10
71 7.605035002157031e-08
77 3.719363928758461e-09
79 4.998907319531398e-08
93 7.688808482778896e-08
101 2.3811481105569662e-08
107 1.4284297301605678e-09
109 7.672452474224487e-07
112 3.0928471632738252e-09
119 2.1109539171920833e-07
126 2.526130498858755e-08
133 5.535565807804891e-11
137 3.134911309272374e-10
142 9.907228374250832e-11
156 4.3407898754458435e-08
172 1.1334699897907151e-05
194 3.8324385900037864e-10
200 1.712595403230779e-08
205 5.76318586060095e-08
209 2.18199065687998e-08
216 5.0995024536719974e-08
218 4.4692544069672697e-10
232 5.9113031935210655e-09
235 1.9144481930799373e-09
239 9.604747532641389e-09
254 2.0376060613471013e-08
259 2.4114272211937693e-07
261 1.4743909683589159e-08
263 1.5078973281629717e-08
268 1.0574535494668203e-08
275 1.0526720014894513e-08
280 5.692866994579997e-08
287 2.6452360078781896e-08
290 1.0154574223493258e-08
294 5.946993106288903e-09
303 1.2739529158425903e-08
310 2.698649088329599e-08
337 9.198562118934108e-09
345 1.1822455395250075e-08
347 1.4230419275059223e-08
349 1.6895761289595e-08
363 2.39121494593882e-05
385 3.243765491409448e-08
389 5.641957270018551e-07
397 4.563207163226737e-09
400 3.365950792346107e-10
404 1.413299178926084e-08
415 2.221345978308838e-09
430 1.1074789528128229e-07
437 4.634324854038135e-08
442 8.545554641068825e-08
448 8.791418079973961e-08
453 7.85115817609956e-08
465 3.104898188640896e-08
474 4.9984536207928594e-08
499 0.0004845473786000363
517 5.967033382661038e-09
522 3.7172269422911044e-08
527 6.347418173996247e-07
531 1.0184403002482193e-08
534 8.492458202754498e-08
540 9.328613938499309e-08
551 7.013810363072517e-07
573 4.6140844467284046e-05
598 9.08654375955716e-08
601 5.0398878064974615e-08
610 1.0641822347660222e-07
614 7.543434513265368e-08
616 4.435558545853107e-08
618 4.0576713682114346e-08
620 4.272047096722904e-08
622 1.0650359981445823e-07
625 1.2860816565047382e-07
627 1.7928664078214917e-07
629 7.806440273382099e-08
633 7.554114419106389e-08
636 1.243006773303744e-07
638 8.26714328235006e-08
640 4.656262970486827e-08
643 5.0428560394005925e-08
646 1.223144932121817e-07
648 1.8832607339179894e-07
651 4.0838044225596484e-08
713 7.574968552773358e-08
719 5.883324012748659e-09
12 1.1038682526032574e-05
61 2.8710272682278198e-08
75 1.000793287560858e-07
168 4.797659017947256e-06
212 7.891470553380439e-09
214 6.740743279425593e-08
271 5.665237861352516e-09
361 8.238891951784911e-08
365 9.952828227317779e-06
368 5.618977616671277e-12
387 6.176155848741936e-07
394 3.2206684595100183e-09
463 6.854910501925024e-08
481 0.00017155708129822122
487 6.323623795958104e-06
507 2.9045501274540586e-07
606 2.3035817141312369e-07
630 8.025671334797182e-08
2 6.560761741603604e-08
7 1.013887920526032e-07
14 2.6688627752230037e-08
22 1.4325165793748343e-07
24 1.4460924963452773e-07
50 1.3692635187585664e-09
54 1.353669405510002e-08
62 1.9306824464295145e-07
64 1.4202292405889424e-07
67 7.345922499276837e-08
76 3.7193639287584588e-09
78 1.3590140962712916e-07
83 5.071165328467079e-10
99 1.7648841456493452e-08
104 4.0326465792611894e-08
108 2.860336014226529e-10
111 2.263782968653184e-08
118 1.9309720618244363e-09
121 4.1379878324788594e-09
132 4.566687372254094e-08
134 1.134341524006259e-09
138 8.802243856530795e-10
150 4.873208256751778e-09
157 1.511764219661106e-06
190 7.355375250877731e-07
198 1.591087483561591e-08
204 1.4743369173277451e-08
215 1.2389954680877684e-10
217 7.890458314907654e-09
233 6.634147071181485e-10
238 2.9036834770121846e-09
241 4.6332341365654303e-08
256 1.0714247442778954e-06
260 2.004962449838066e-08
262 1.650973633183277e-08
264 1.3665652892231166e-07
270 2.993135951210989e-08
274 6.009121514039838e-09
279 8.133980802356422e-08
282 9.471554064754485e-09
288 2.967625045063585e-10
291 6.645167809858628e-09
301 1.4471109461469219e-08
309 1.256679445798167e-06
319 1.0136619802545306e-07
344 5.75429293368339e-09
346 5.650546834624864e-09
348 1.239274026231434e-10
351 2.043003888105494e-09
386 1.612380004762617e-08
392 1.9518636501836054e-07
405 9.680276217462112e-05
422 3.030617215515926e-10
436 6.193949545277433e-08
439 2.2757890008900773e-06
447 7.021764222646376e-08
452 1.2322105452152017e-07
454 9.740862350681154e-08
459 1.0288017464836224e-08
462 2.9065194929540565e-07
470 1.8988402077309194e-08
476 3.0892538858795015e-08
510 4.2229077873221855e-07
519 1.1995341551361067e-07
526 1.7802612849420748e-06
529 1.8331114628910303e-07
532 1.769214401109995e-07
537 7.411667281407629e-08
541 3.5498614780345416e-08
563 3.907291454434206e-08
599 7.670323088952868e-08
602 6.216518527369846e-08
605 8.570204229885169e-08
612 6.558521604097878e-08
615 4.388160098232976e-08
617 5.461271266089505e-08
619 1.0223398165225433e-07
621 3.8622460648553276e-08
623 1.0612432956914173e-07
626 1.3527822654940855e-07
628 5.4847797241804045e-08
631 5.344449144400072e-08
635 8.317706882288766e-08
637 6.177969027763621e-08
639 7.52164324356167e-08
642 4.60632583498839e-08
645 3.844293988364006e-08
647 5.3484185316082905e-08
649 2.8420486913961787e-07
681 1.873202413391212e-08
718 2.9436822723780107e-11
720 6.038371486855239e-09
711 1.4686109091547354e-07
338 1.0225263246036096e-07
424 2.2730345406468853e-09
399 4.276791166827365e-07
10 0.00018947258661171107
69 1.962533680507214e-05
242 4.498865188337603e-09
207 1.2012837300273034e-07
188 3.0746503471455045e-05
90 3.7811714952309994e-08
166 6.451793313820925e-07
272 1.7363560218710668e-08
458 1.0641691903092966e-07
273 9.410680347968711e-07
461 5.603880641772413e-07
398 4.173101706490772e-07
611 7.941751842434817e-07
85 7.356721640897911e-08
266 1.2519611903295998e-08
418 2.886814514045141e-10
516 2.712726186649257e-06
103 1.736990205391333e-08
182 6.5704134627524695e-09
281 1.1798138813123907e-07
316 2.4078210832205615e-07
425 1.7534107482149915e-09
82 1.4820046843392566e-07
110 1.0256532995173632e-06
433 3.7819682777193036e-07
208 1.3062113847529368e-07
388 2.3024815931692427e-07
536 1.4584099985210579e-07
98 5.488985270275925e-08
220 2.9489264045659487e-07
382 7.031066254717798e-07
68 5.966016257255946e-08
175 2.3536031407177105e-07
438 1.4500759808011788e-06
506 4.588755498782635e-06
511 2.1073775389962665e-07
525 2.4088794971560547e-07
457 3.535903232388066e-09
95 3.559976812512119e-08
174 6.712557309605946e-07
298 1.9714038964722937e-07
371 1.1652407492855974e-07
427 1.2060715294367216e-09
699 3.488340429196324e-08
169 4.142491110962617e-06
164 2.3428756432982656e-06
16 1.621760939211558e-07
81 2.648284844684465e-07
265 6.499489059123536e-08
369 3.015623643016094e-07
411 4.447361104410298e-06
451 2.5943443991635063e-06
466 1.8566776261918498e-07
687 2.934251403935781e-08
58 4.3225177269923506e-07
102 9.229288516185972e-08
181 6.505878405998806e-08
278 1.330449730327573e-08
477 7.61431424689327e-08
491 8.810430568404215e-05
153 0.00010935517683840251
669 2.7025867171232354e-06
603 9.887957337935712e-06
575 2.326356493331171e-06
74 4.1113934888869154e-07
144 1.9483179833086177e-09
479 6.521201532329255e-09
72 1.8420531236528915e-07
140 1.4434226101859043e-09
542 1.2461244037190608e-07
712 1.45266509160072e-07
18 1.4061390006385906e-06
70 2.3087596439047423e-07
92 1.3823906888238072e-07
421 4.558235388516036e-09
513 7.478486899444809e-07
401 1.5687159877172637e-06
443 6.207060906789248e-06
402 2.959249782586223e-06
597 1.7138523368336931e-06
667 1.4213411638501974e-05
148 9.705418193026326e-08
151 2.0007086560607513e-07
203 2.373564622656924e-07
269 2.8938105789876626e-06
528 5.431394295417879e-06
710 2.0521626878895704e-06
715 6.550106780832396e-08
286 3.3996877356963952e-06
410 1.917260185932295e-06
456 3.579985290521922e-07
84 3.7023681059461065e-07
97 1.2811758743687825e-07
193 2.130175546144836e-08
295 2.970580119129094e-07
146 3.675877643238977e-10
311 1.6929373127983806e-05
45 4.861061966577951e-08
449 1.3261083858107413e-06
535 1.9799626224588524e-06
339 2.1904321821773677e-10
195 5.587044507360696e-08
391 8.839091998425338e-06
384 6.524073614578909e-06
428 7.990394244816264e-09
406 9.019541448914033e-06
28 3.756275624923621e-05
91 1.9267079381758363e-07
396 3.7868213690228028e-06
246 2.4634663760438777e-07
161 5.2718339310491426e-05
106 2.1226549923848048e-06
152 3.4285845680150116e-06
244 2.692529468125359e-07
408 5.571351204087107e-06
185 1.0900703477767067e-07
202 1.4632401771975493e-05
