276 4.830895404507775e-07
306 2.944778290865216e-06
328 1.1423285664187672e-05
357 4.810173792671209e-06
488 8.322915080136465e-05
5 6.43758066342092e-05
38 5.2820523127518496e-05
680 3.0634129960594705e-06
120 7.468813967567921e-06
128 1.289675128390166e-06
176 2.0454321825256098e-06
302 1.1798635337149209e-06
342 6.594424865631631e-06
407 6.014659188200104e-06
423 1.4439492567064183e-06
472 7.2792839898943755e-06
489 0.0003767498445275612
548 2.530209258586835e-05
565 2.388366308836381e-06
591 2.588312405022151e-06
679 9.778579457184559e-07
32 7.42022228013453e-06
163 2.9150533328163422e-05
17 8.00063697995048e-06
574 0.00010476162544765586
539 2.0882220103736406e-07
143 1.4038098713201179e-08
343 9.32918291902977e-06
435 6.700673279681571e-07
533 3.3472554347174697e-07
80 4.534382550425302e-06
446 5.980799676834233e-05
332 1.6523004018874972e-05
547 8.937666370848659e-06
701 1.089700954154709e-05
297 2.5563263179182653e-05
493 1.0879315826797083e-05
482 1.121173759689272e-05
9 2.349738367424381e-05
329 2.286365301332298e-05
122 3.0637909013562253e-06
292 4.671680829976587e-06
372 6.265865603492274e-05
518 1.611098485335214e-05
413 6.051146334957713e-05
429 3.224328938696889e-06
191 2.9556149523105262e-06
283 5.732700649730412e-06
417 1.2424183633409843e-06
554 7.020139543660947e-06
96 2.929501624858242e-05
523 1.847763620780797e-05
87 0.0001469984027014714
360 3.463690125829833e-05
374 3.454450883507775e-06
494 1.0998813334757808e-05
504 3.90965102133974e-06
184 2.242951779051214e-06
659 3.1125490903250807e-05
549 0.00011859690374060563
707 1.5666600230588882e-06
211 4.529257955798346e-06
123 1.034280219941051e-06
434 1.8750824285544607e-05
192 1.1832553616814973e-05
258 5.1848197826692645e-05
562 2.6288937607577227e-05
312 2.430406477025483e-05
702 1.1307436321326808e-06
147 8.898183772337768e-07
327 1.6988043722311427e-05
376 5.442624858689478e-05
578 7.856794171289695e-05
509 1.043935153502102e-05
73 5.6902484616982406e-05
162 2.196727423656519e-06
717 2.665835582278551e-06
655 5.7446595928719876e-05
248 1.2594540637814255e-06
304 1.648391985753193e-06
705 9.628082014117397e-07
