703 1.892622622462612e-06
170 5.065401098787303e-06
331 3.262737576409622e-06
441 7.176278659213844e-06
572 1.0234938191622596e-07
689 1.0971857491419084e-06
19 2.8865127366129463e-06
666 4.5718665316955666e-06
697 9.61481195600349e-07
49 1.930642784831599e-06
432 1.30163453911459e-06
678 4.77794564523048e-07
483 2.6375315410359723e-05
187 2.938757102553716e-07
450 4.822240482191687e-06
550 2.358517046274187e-06
700 2.04291984987578e-06
51 4.3399367276658175e-06
136 3.2240039709831796e-07
186 9.517352958860279e-07
206 1.4145579632277854e-06
227 1.2692736619857692e-06
236 3.694670303337694e-07
341 4.089714675102836e-06
586 3.615418111021611e-05
694 1.2269124922987368e-07
698 2.3811646148082968e-06
44 3.4776263459846073e-06
167 9.077435361327851e-08
179 3.076227474650722e-07
223 5.2767618818618934e-06
284 2.2054475174329994e-06
381 1.0257740929669364e-06
585 2.417958573623498e-06
688 4.201449096459707e-08
584 3.831719091176512e-06
693 2.6173402258571224e-06
501 0.00010619063205431322
94 1.9567549162952532e-06
219 1.5363418817768476e-05
222 1.547437580343449e-06
224 9.553834574996095e-06
508 9.114306210140499e-06
570 9.719268109687086e-07
656 9.540724520121157e-07
658 1.8722796792755057e-06
660 5.528443928710692e-05
686 4.404997966958379e-06
716 5.412858005495244e-07
56 1.1162295823275404e-06
130 1.1717870668875163e-06
228 3.154005065549726e-06
230 2.3421950452328463e-06
237 2.097270665170347e-06
255 4.255773351980131e-07
333 6.39138518927004e-08
335 4.223553177241146e-06
467 5.291457425012804e-05
475 1.2903130212239306e-05
652 3.058481655403736e-07
704 3.570875663973688e-06
594 9.666649396163671e-06
20 4.290860759203369e-06
129 1.4097382027824131e-06
131 3.234102355610194e-07
141 1.419258985052768e-06
196 1.2806825807165458e-06
229 2.07560970524882e-07
299 6.015584619173751e-07
320 3.571347651841454e-07
355 7.264988554357016e-06
390 7.529017671946245e-06
426 7.525219019584075e-06
471 1.995359144482276e-05
473 6.101426395874299e-06
608 8.996568653065202e-07
696 9.784855343574765e-06
88 4.847404345415328e-05
277 3.89821131029358e-06
314 8.71982009783422e-06
318 6.071189217518432e-06
440 7.879143917632503e-06
654 5.710255630035261e-05
657 9.494506012851977e-06
683 2.3255643344499683e-06
708 6.197276426306274e-07
46 4.4578490881812716e-05
178 4.40862099192517e-07
231 2.1200331791273842e-06
478 1.3026371500351148e-05
496 5.7186720276987135e-06
500 4.580012973804154e-06
588 3.2861678502065363e-06
653 2.5161738704883035e-06
30 1.770831312795017e-05
47 6.744425805622275e-06
245 2.63325816445818e-05
249 3.7895970835607973e-07
321 6.525199980304906e-06
444 2.34839780331826e-05
469 1.4426500227154048e-05
503 3.288661720043923e-05
505 7.962360022243705e-05
558 3.143174610173217e-06
589 1.0241380268333085e-05
672 9.728758129681528e-05
695 1.2951942903521446e-06
41 2.7915121557001887e-05
675 3.2504315342404566e-05
