502 6.105577674798277e-06
11 5.600030980974945e-06
31 2.0027480501330114e-07
33 6.827734316987424e-06
36 4.786238840452306e-06
37 1.682252067988581e-05
39 2.8582941370786733e-06
40 3.882456887979078e-06
43 2.4305150364734903e-06
59 1.3421959153026573e-06
113 1.3869076988787304e-06
115 2.5382072875772724e-06
171 1.9400990336979946e-06
251 6.151772814185326e-06
293 7.057896895307638e-07
296 7.258644428397219e-07
305 2.2988191787165003e-06
317 6.33948822502014e-06
322 2.1913042004616686e-06
323 7.07460060184168e-07
325 6.296616239398802e-06
330 2.0340900116217946e-06
331 3.611322516428866e-06
334 3.7825589510405965e-06
336 6.757676559706164e-07
353 2.1128285467572393e-06
354 2.0199999271928423e-06
358 2.541043031263256e-06
366 2.1161238482442454e-06
373 3.736072520931702e-07
377 8.859944033926682e-07
378 8.106133907548031e-07
380 2.446848260182998e-06
414 7.6028686530309025e-06
416 2.169939588579695e-06
460 2.290519481817203e-06
464 3.600771326742991e-06
468 8.054922555495094e-06
490 9.314274213551437e-06
498 1.0047680613157375e-05
501 0.00012132000409585278
521 1.2741307791367314e-05
538 1.6797076610863326e-05
543 1.4753851354476779e-05
545 3.786456896905655e-07
546 1.7570090646669823e-06
555 2.877044211203589e-07
557 8.142948846945084e-07
560 1.1689418647694968e-06
567 5.661243414180913e-06
571 7.153856741225921e-08
576 3.9923663932929096e-06
577 2.8538201453209135e-06
579 5.982789504170751e-07
580 3.029283105094071e-06
581 9.66063659691968e-07
582 1.9342269524276824e-05
583 1.2468481262369007e-05
587 1.789664272005823e-05
590 1.3547378105920511e-05
592 5.7047968396612795e-06
596 1.6203940705038398e-06
604 1.631461574262351e-06
613 2.479669584686346e-05
624 5.695672692229473e-07
634 3.613411644968407e-07
650 8.858476783695116e-07
660 6.083475405011644e-05
661 5.636649553203849e-06
662 9.007881497013675e-06
663 1.9927397895063167e-06
664 3.748546815611166e-07
666 4.967371851844289e-06
668 4.779745488044518e-06
670 2.0640626868301492e-05
671 7.057109501280299e-06
673 2.3398381107976602e-06
674 6.252594476025358e-06
676 6.467573368581247e-06
677 1.5753911028875992e-06
684 2.2532387098307056e-07
685 2.1145366380609978e-06
690 1.1747622177077551e-06
691 4.432448118343214e-06
692 7.190053996969766e-07
693 2.83990673161186e-06
703 1.992525448220966e-06
324 7.447374552143089e-06
