32 8.227553494887528e-06
49 1.9950553166781116e-06
686 4.815225897451703e-06
335 4.753527934460566e-06
483 2.836797694130631e-05
224 1.0548064514680309e-05
230 2.2642692836252883e-06
390 8.299810347905233e-06
25 2.7628587756558377e-07
19 2.439045311055014e-06
44 2.9455925146680773e-06
588 3.4340874012329076e-06
704 2.647303520020428e-06
211 4.799308360443705e-06
429 3.4577769289852326e-06
493 1.1802946249408522e-05
509 1.071813702213276e-05
696 1.110341518001159e-05
482 1.2322760284432085e-05
20 3.1435557543560034e-06
253 2.3663365735807947e-07
357 4.403673826595757e-06
488 8.916007053420381e-05
574 0.00010987106498799864
10 0.00015915226472591716
18 1.3197080681496058e-06
30 1.4203965567869918e-05
153 7.617932313207183e-05
155 2.551713781715714e-05
161 4.123796912733563e-05
166 6.474315708868645e-07
169 2.4827926013248366e-06
340 2.4949256854549438e-05
363 2.5829476884524453e-05
481 0.00013461788650035662
491 8.923810125171433e-05
494 5.8138807574648025e-06
548 2.3597547676212203e-05
569 1.351432580418081e-06
578 5.4511529415357494e-05
680 3.1460944972622677e-06
162 1.4794256354211923e-06
219 1.0544972769379248e-05
701 9.261859305209528e-06
5 2.8800720124321782e-05
38 4.574263139838648e-05
159 4.06383225662643e-06
164 1.5950727929685506e-06
168 2.708706678602341e-06
329 1.3983623148312898e-05
350 5.156969514686289e-07
495 2.3295534112565397e-05
518 1.1960536256596233e-05
595 1.740194017364837e-06
669 2.706382823342887e-06
682 6.447180010523013e-07
445 1.122767056110778e-06
568 3.352544230449325e-07
362 1.3417961789169053e-08
192 1.3727031837909554e-05
135 1.9984220598129614e-07
326 3.0477445047367265e-06
561 5.729717782043703e-08
419 2.939748737075652e-07
523 1.8844430781890067e-05
183 3.0379648069612316e-06
706 3.07432975616661e-06
116 6.773779992522568e-07
226 1.0896204003735079e-06
423 1.6138215558100352e-06
559 5.153492912237951e-07
276 6.870310589142379e-07
533 4.4814719757223227e-07
80 5.052522743731227e-06
343 1.0991168342099972e-05
143 3.528789560419154e-08
128 2.0742888888973587e-06
573 5.0051542434145655e-05
435 9.120165531936704e-07
539 4.2374760031024026e-07
591 2.933819321327649e-06
