572 1.9978209965820249e-07
697 1.8562743053145082e-06
206 1.624092042686913e-06
432 1.8207163637631868e-06
441 8.193691662832813e-06
450 5.934152783949711e-06
678 9.788058775678167e-07
689 2.2084266371909478e-06
136 6.413181611259626e-07
167 1.3034098021336947e-07
179 4.3627941912726034e-07
187 4.5063998814029303e-07
223 6.440836554791012e-06
284 2.4651434369622357e-06
381 1.1888808451302388e-06
586 3.943392723232496e-05
688 9.649122147816367e-08
698 2.898971813293768e-06
700 2.7201800334607763e-06
496 6.327836161004052e-06
51 5.047847082612765e-06
186 1.5202954805991125e-06
227 1.8461665866902674e-06
236 4.778914620978265e-07
341 4.6570280476300555e-06
550 4.062930079201526e-06
584 4.304349751336753e-06
694 2.058463304299762e-07
658 2.5896955760802814e-06
594 1.033669065613133e-05
237 2.4572197594259087e-06
585 3.1316205114221517e-06
656 1.1888158415250327e-06
570 1.17966386180574e-06
228 3.8179165641825905e-06
304 1.7568609499140264e-06
56 1.30824884548764e-06
130 1.9912348194725706e-06
255 9.333886078585371e-07
333 1.0172795111343316e-07
467 5.8333664132412366e-05
475 1.3994292847323338e-05
652 3.64618590519001e-07
716 6.207285892920543e-07
426 8.348804451745022e-06
440 8.925911398896286e-06
94 2.281653535605592e-06
129 1.6050526810044116e-06
222 2.1080547307230473e-06
320 3.957480315756499e-07
131 3.6323176887565087e-07
196 1.6660649470517027e-06
229 2.2626688365931943e-07
299 6.798842018511539e-07
608 9.956604126566693e-07
672 0.00011350096408252157
683 2.5487236550559747e-06
318 8.027948092712451e-06
473 6.641297488795926e-06
508 1.09322668126909e-05
708 6.811635194002552e-07
141 1.4867848019062523e-06
355 7.95690162048895e-06
478 1.4088725931567431e-05
589 1.158343761151933e-05
653 2.682583013444263e-06
178 4.179167029450584e-07
231 2.1815120439569642e-06
245 2.837800292779143e-05
249 3.8208714066262964e-07
277 4.684970257556646e-06
314 9.458174003505225e-06
321 6.880336465001404e-06
444 2.4139457339683638e-05
469 1.5512259460239152e-05
505 8.563969863555998e-05
657 9.710095169200427e-06
695 1.3597801857519257e-06
717 2.846641323747456e-06
9 2.405154553120807e-05
73 6.106690369234527e-05
248 1.1374224862292462e-06
471 2.06720742282502e-05
486 0.0003774102944650858
558 3.0008138669312613e-06
562 2.589613256459984e-05
654 6.072848165711924e-05
702 1.1739407540110071e-06
705 5.44744105358237e-07
123 1.1460380204468634e-06
184 3.0379972156079673e-06
191 3.820797710801076e-06
243 4.20802429231764e-05
292 6.296143739022391e-06
297 2.9392937046255357e-05
312 2.2358407702852004e-05
332 1.835038814185194e-05
360 3.957493879376451e-05
372 6.935342654007977e-05
374 3.813204659815774e-06
413 6.775341961133934e-05
417 1.4701082430615184e-06
485 0.00014387387744204218
504 4.3672171160293685e-06
547 9.923051876259683e-06
549 0.0001267588579210872
554 8.337471529867472e-06
659 3.2371082898348714e-05
707 1.8112052642834729e-06
221 7.427608459913226e-05
434 2.128558077246898e-05
376 6.05417259903984e-05
96 3.4342780341246865e-05
327 1.942860089276063e-05
258 5.8159890059620655e-05
122 6.494617984803841e-06
88 5.4125605356739895e-05
