306 3.573881306673984e-06
472 9.052052684150783e-06
17 8.694741248552317e-06
176 3.025958379762434e-06
342 7.706525460642627e-06
489 0.000419920150011827
679 1.543902010180911e-06
407 8.942627937354613e-06
412 1.1699093719035122e-05
565 3.521882593505824e-06
457 3.761373960756728e-09
286 3.731809918593307e-06
234 2.597598719805046e-06
139 5.922937158555181e-07
114 3.0109476594350882e-06
124 1.481335601391569e-06
364 2.5144862372269577e-05
370 3.424409132494849e-05
512 2.0293651883639178e-05
566 2.2469107382268623e-05
60 7.467661057566318e-07
384 7.002461464662403e-06
285 7.234971040536039e-06
65 2.271532324165886e-06
117 1.287606761068509e-06
308 9.381174166088837e-05
455 4.623811124490734e-05
356 2.970133262821796e-06
375 4.007150234771135e-06
177 2.176788048723163e-07
428 9.287601406461626e-09
250 2.1814004352207825e-06
497 9.367789883782022e-05
515 4.377512378748442e-06
300 2.7454449757142036e-05
409 4.0443635751357014e-05
4 2.913495496078213e-07
174 7.379878336620936e-07
12 1.2186488994068332e-05
109 8.39647701883011e-07
173 1.0116173095667072e-06
365 1.0918589819335421e-05
551 7.75556116126287e-07
175 2.625481403642554e-07
394 2.967468414669029e-09
368 9.339896187122783e-12
514 4.884982446041072e-06
6 4.634560756215279e-06
431 6.259441019267227e-06
105 6.86917988390153e-06
125 6.176164128845204e-06
359 1.3580969237052814e-05
63 3.138485294332116e-08
79 5.493064816796482e-08
93 8.487234762958902e-08
99 2.0178757176535053e-08
101 2.6350277450333973e-08
150 4.898173653907888e-09
198 1.7834858456529108e-08
204 1.5701332354845977e-08
260 2.2687099312607824e-08
268 1.1723493402165048e-08
287 2.986823900453696e-08
290 1.1097125094109683e-08
303 1.4452213211366629e-08
345 1.282553715122781e-08
347 1.5837588276963568e-08
351 2.0430440743905574e-09
448 9.85951393931187e-08
452 1.3712653398282989e-07
541 3.775426959411099e-08
563 4.426570267882366e-08
629 8.852945332163518e-08
638 9.390837703218119e-08
713 8.591061664866341e-08
2 7.311770755146434e-08
8 1.1989046672402335e-07
22 1.624210935529066e-07
107 1.5326607169949691e-09
119 2.3135934973665682e-07
134 1.3128869149911227e-09
194 3.983168201868927e-10
261 1.5767040683247587e-08
263 1.7433499300554317e-08
301 1.6461331246960827e-08
344 6.164943967941747e-09
459 1.0065940959701582e-08
510 4.223477327360157e-07
628 6.243366680956809e-08
635 9.402440662959453e-08
199 1.1325386184134474e-06
86 1.0702031424862098e-07
189 1.0844380726761227e-07
201 4.797525287645304e-06
315 6.338096581677553e-06
607 0.00015405791678953543
89 8.196287223969037e-07
202 1.591765757434901e-05
609 1.090911137610151e-05
172 1.2712542247307487e-05
195 6.045789028165932e-08
7 1.1553704273098298e-07
13 3.19261041265782e-08
15 3.118858401660558e-07
54 1.590905740040679e-08
118 2.1921429860423264e-09
138 1.033699481677311e-09
209 2.438583330865364e-08
214 7.486748015976898e-08
218 5.209902416506072e-10
232 6.523100901172655e-09
235 2.1400998593014533e-09
256 1.1659748590000988e-06
262 1.773615267958529e-08
319 1.1636911941965335e-07
385 3.8406606839696234e-08
422 3.931500600022545e-10
442 9.780054345708174e-08
517 7.199010574230741e-09
537 8.714377447063108e-08
605 1.0348050587317057e-07
633 8.848271075297026e-08
646 1.3913421571262334e-07
14 2.853234848209142e-08
24 1.634731388518589e-07
28 4.0327380050147564e-05
62 2.1331834434232414e-07
64 1.5681457545127685e-07
67 8.784943417383143e-08
83 4.5197095022915233e-10
137 3.5173391241564266e-10
238 3.4631703160705206e-09
254 2.3275443561304e-08
259 2.6428061243639056e-07
275 1.1386302449631704e-08
346 6.03445468413308e-09
447 8.312411969788215e-08
465 3.370023517717531e-08
720 7.058254920533427e-09
84 6.297361824285336e-07
406 1.004413904741989e-05
438 1.8425329221079414e-06
446 6.96779386095965e-05
553 1.6453538903492665e-05
27 1.2934916272310756e-05
152 3.7260533663070814e-06
163 3.158069198345679e-05
311 1.9211536624483344e-05
313 4.753151447185451e-05
449 1.7475069605753743e-06
289 2.3153606687478067e-05
154 9.556255434506033e-07
443 6.987356717230039e-06
456 4.139858049644172e-07
516 3.461960111689018e-06
641 1.1974408290098705e-05
87 0.0001639993237006738
23 6.01128178655452e-08
26 1.5924549593296856e-07
45 4.433006204746011e-08
52 4.552847926472849e-07
58 3.849926672385201e-07
61 3.7080311622634095e-08
66 2.70419011480449e-10
68 7.083022461004533e-08
70 1.8751103372513528e-07
72 3.9433033722472596e-07
75 2.1032964522951158e-07
77 3.01613774114801e-09
82 1.418834457789567e-07
91 1.559291619074637e-07
97 1.1458277201072552e-07
103 1.857907152643575e-08
106 2.252408502811815e-06
108 3.418140065843359e-10
110 1.1402469078004355e-06
112 3.197036794684143e-09
121 4.828775428809417e-09
127 2.2466952757637867e-07
133 9.298037884145402e-11
140 1.8782884980520278e-09
144 2.2083526344640874e-09
157 1.6781571779433241e-06
181 7.182681167610162e-08
185 9.703902975215971e-08
193 2.180559478597014e-08
207 1.2998215902054478e-07
212 1.0540822326208866e-08
216 5.2304009072192065e-08
239 1.198900052554138e-08
241 5.033613210383444e-08
244 2.4862994977144865e-07
264 1.5125520065749167e-07
266 1.543629295982628e-08
270 4.2065517514155566e-08
272 2.202654954268129e-08
274 6.578861877679254e-09
278 1.2770320874052404e-08
280 6.323501765725913e-08
282 1.2173944246852887e-08
294 7.59331039183561e-09
298 2.1517515113949938e-07
309 1.4475271409615045e-06
337 9.676532382105614e-09
349 2.0901986526482437e-08
361 8.743543944089946e-08
367 4.863049376568543e-08
369 3.318357450762248e-07
382 7.523378835239456e-07
387 7.039698250849542e-07
389 6.286923370659366e-07
392 2.185407092804254e-07
396 3.813939199587258e-06
398 4.395750638809932e-07
400 2.2703039266570848e-10
402 3.1171074085077886e-06
404 1.6855126813563064e-08
410 1.896726892415262e-06
415 3.4539321570108294e-09
425 2.0079215000123865e-09
430 1.4210318791102676e-07
436 1.1096112254744698e-07
454 1.3113514831148374e-07
458 1.4125446631546485e-07
461 5.802538672423064e-07
463 9.42933838660841e-08
466 1.5922556924420672e-07
474 9.479399502525162e-08
477 8.73161737355169e-08
499 0.0005329309713803363
507 3.310301055461074e-07
511 2.6869547592075966e-07
519 1.1760087331705273e-07
522 5.990475226050488e-08
526 2.011241937108064e-06
528 5.632881963741115e-06
530 1.1752791186131414e-06
532 2.0768559661587868e-07
535 2.041477185152939e-06
556 8.210804882449716e-06
597 1.8655901026021365e-06
599 1.1484021986310584e-07
601 7.320158667165639e-08
611 8.789123913908102e-07
614 9.52791691454161e-08
616 5.2430934711509363e-08
618 5.573212730885095e-08
620 4.7261584876962284e-08
622 1.3282623013171462e-07
625 1.902823055370597e-07
627 2.538328648598231e-07
631 7.694364575158159e-08
636 1.4030510696389303e-07
640 6.810965189749108e-08
642 6.007991133552937e-08
644 4.7678777566573793e-07
648 2.597747894423546e-07
651 6.189256922901172e-08
687 2.5264317999902266e-08
709 1.0745054472757886e-11
711 1.6082114795198844e-07
715 5.153009532082994e-08
719 6.719078761491418e-09
655 6.168148739737935e-05
16 2.9534557587232773e-07
50 2.950720237117783e-09
53 1.633022978797666e-08
55 3.6400026919678333e-07
69 2.0714023726480462e-05
71 3.7134142522479316e-08
74 4.645088931091056e-07
76 3.0161377411480036e-09
78 1.2738127627233405e-07
81 4.847583033827795e-07
85 1.3676777920413062e-07
90 4.156471341116124e-08
92 1.4586658649804666e-07
95 2.7055470236880887e-08
98 5.071538784954722e-08
100 9.894345573986213e-11
102 8.982016419076648e-08
104 4.828052876064531e-08
111 2.7228315367438444e-08
126 3.33267142552155e-08
132 5.321263188376538e-08
142 1.3475074394609907e-10
148 9.491408817604403e-08
151 1.7255207891788327e-07
156 4.8857380575294277e-08
180 4.600551156856779e-09
182 5.841672295299764e-09
188 3.405896775552749e-05
190 8.118952474026883e-07
197 1.7088957983204449e-07
200 2.1086695364623888e-08
203 2.1209565375103998e-07
205 8.31317774671862e-08
208 1.345350930482113e-07
210 1.3087914055533803e-08
213 4.467453343451065e-09
215 1.4204490469692515e-10
217 1.0369704882284327e-08
220 3.183632168602641e-07
233 8.024551820682721e-10
240 3.0781488942534384e-10
242 3.9430342386606586e-09
246 2.0327184526167234e-07
265 7.343585773907171e-08
267 1.2297916798745511e-08
269 3.115642787842319e-06
271 8.365347183446715e-09
273 9.846985266326729e-07
279 8.916810236143973e-08
281 1.2344056180305663e-07
288 2.3734955450264716e-10
291 7.1485478648612235e-09
295 3.186091232618207e-07
307 7.860752967543797e-08
310 2.6594082342310928e-08
316 2.8880580371824257e-07
338 1.113634467326127e-07
348 8.965463326050229e-11
371 1.16210378899059e-07
386 1.7769231051466664e-08
388 2.48965750204106e-07
391 9.430280130347705e-06
393 6.072753876323873e-06
395 1.2101813874042253e-10
397 3.867003193526476e-09
399 4.840268359367232e-07
401 1.6386572274437648e-06
403 1.1768581310123145e-06
405 0.00011041407289042775
408 5.654256744234785e-06
411 4.894594317575628e-06
418 4.3609963655222494e-10
421 5.962943003644677e-09
424 2.666584518709668e-09
427 1.4157993857304864e-09
433 4.525007227152998e-07
437 6.23091379217385e-08
439 2.5247468592561576e-06
451 2.8301164144648918e-06
453 1.0008242381087266e-07
462 3.1306803660776775e-07
470 6.413940249736228e-08
476 4.694365434775573e-08
479 6.9333953578754065e-09
487 7.037191619604568e-06
492 5.000767135112982e-07
506 5.073905838269776e-06
513 1.0150466520731843e-06
520 2.03462945210409e-07
525 2.9000929412904205e-07
527 7.338154365454843e-07
529 2.090362549001253e-07
531 1.3135712798988898e-08
534 9.591614102266294e-08
536 1.872204090927986e-07
540 1.1383474299229463e-07
542 1.3571140024203563e-07
598 1.0787956611627083e-07
600 5.8166929957119736e-08
602 7.951977445503366e-08
606 3.1946454137753633e-07
610 1.2925484301690253e-07
612 1.1254586073579007e-07
615 7.283308926405688e-08
617 8.642220290032159e-08
619 1.405973378648144e-07
621 4.909964912159536e-08
623 1.2059311327372197e-07
626 1.3697164998321175e-07
630 1.0290427946673973e-07
632 2.1049448999930142e-07
637 9.1407920828061e-08
639 8.895021500252236e-08
643 6.42417968531331e-08
645 8.36279461353756e-08
647 7.810714427546288e-08
649 3.1740107020757854e-07
681 2.128109553551482e-08
699 4.074247377350037e-08
710 2.211913292711268e-06
712 1.6744581946675066e-07
714 2.328489880603772e-06
718 4.5866920641770804e-11
