0 0.00020308128185873842
1 0.00012174058087797588
3 0.0001048975239668733
21 5.186624544033605e-06
29 0.00015742309741401312
34 8.77711134515585e-06
35 1.036611678332863e-06
41 2.6412039982582946e-05
42 2.7961623240414174e-05
46 2.4394727338405206e-05
47 4.185824640103086e-06
48 3.2415120707022676e-06
145 7.025043268607081e-06
147 8.76171760524063e-07
149 5.934710901019605e-06
158 1.0556113350444513e-06
160 1.2728901442463203e-06
165 1.2279500946450789e-06
170 4.177349248511802e-06
247 4.042867206392617e-05
283 5.285559984014325e-06
352 1.993626592450791e-05
379 1.4659067589040396e-05
480 7.233815936798246e-05
484 9.016158711561293e-05
500 3.980041187996283e-06
503 3.1388026061900974e-05
524 2.911658658558909e-05
544 3.351054752524472e-05
564 1.6842620667557608e-05
593 1.136287465999193e-05
603 7.3473174957837625e-06
665 1.1234272787164264e-05
667 1.3133585908559877e-05
675 3.479203714655348e-05
552 3.1087035642939477e-06
575 2.538025621254219e-06
339 1.370931170120592e-10
146 3.139406874985764e-10
252 3.85536892533356e-05
257 2.440348495938538e-06
383 5.410204364329045e-07
420 8.879723789281798e-09
120 7.930697416618031e-06
225 4.432607003824049e-05
328 1.2748496403557415e-05
302 1.5006694294123213e-06
57 3.46193405646068e-06
