184 4.158739934115534e-06
129 3.385073196286555e-06
677 7.428556560818572e-06
324 4.4991514182398965e-06
706 1.547448250338446e-06
131 9.779006085669849e-07
331 2.680449872990775e-05
668 4.418593624143105e-06
683 2.9310661613311665e-05
5 6.923743810846132e-05
80 5.598633124091519e-06
449 8.27550511433035e-06
486 1.2190871455720305e-05
490 0.00025619443028123513
712 1.2812719902190346e-05
713 1.9889070812781985e-06
96 2.6385236814742203e-05
475 9.021183869015397e-10
260 6.315459098825623e-05
584 8.002243688713983e-05
600 1.1895528125826327e-05
703 2.1313558145160058e-06
694 2.5556533792741697e-06
122 6.3476746964318935e-06
345 1.2046847281177381e-05
594 5.7213066974563295e-06
606 4.166307896749244e-06
73 5.87785800800796e-05
362 3.6927697783331476e-05
718 2.407999391128929e-06
141 2.7288065657260788e-06
548 4.4640952925899035e-07
251 8.150319139693485e-07
554 3.0300053127158767e-06
598 2.5963667943309064e-06
618 7.319034690088632e-07
432 3.2889135207433136e-06
374 6.976472054473165e-05
378 5.6256606573582654e-05
532 2.247874507341345e-05
44 4.67006945369105e-06
334 1.775353456025856e-05
359 3.545697197444815e-06
120 5.537920912027001e-06
579 1.68725353747352e-06
605 7.236407233604157e-07
17 6.668725165254854e-06
21 5.114338910758703e-06
34 4.824394407872824e-05
35 1.2769125299425622e-06
42 0.00010210844946565508
47 6.353823224804049e-06
113 2.5332290194100614e-06
420 9.69939148946836e-07
435 2.6795028498749694e-06
484 9.31989041403547e-05
507 4.584523950693971e-06
510 8.944932252590115e-06
573 3.5500730494761925e-05
716 2.9550846554984025e-06
489 8.224059428886353e-05
494 0.00022744774366217967
376 2.9361648583612152e-06
306 2.1032450074672957e-06
556 7.428411380240746e-06
162 2.52159354412506e-06
191 3.9892893718757115e-06
206 9.580060494239751e-07
323 6.402834842591635e-06
429 7.625675803806705e-06
476 6.366542018111029e-06
487 1.134870701878108e-05
509 4.562943366634392e-06
690 1.089447014848076e-06
285 5.775966889887447e-06
0 0.00020599502628663774
1 0.00011733800911219777
29 0.000203119523666328
32 7.161423922921793e-06
48 5.889351806940631e-06
145 1.0870715152214677e-05
163 2.581370539916706e-05
247 2.548017798346139e-05
437 1.8996180143456087e-05
511 3.5163882061357476e-05
249 3.9405320912653676e-05
255 3.287563772969491e-07
294 6.17910009225918e-06
415 3.290062238639337e-05
253 1.1157225105539543e-05
25 5.42157260557637e-07
143 9.15975407290692e-08
192 1.2936910603889082e-05
10 0.00016221966759458453
38 5.3919387815738924e-05
128 2.336990349136766e-06
278 1.0972161974102052e-06
3 0.00017294032842240522
226 4.5697564304617296e-05
259 2.1306312782219054e-06
516 1.3766322721384243e-05
568 4.176181934596609e-07
571 2.5015030438398882e-05
676 1.4625805183809121e-05
686 3.432997221963532e-05
728 2.655909407256694e-06
527 1.4201935406163856e-05
500 7.705285444326536e-06
691 2.6660946450051785e-06
9 1.709557494902569e-05
46 4.476512858843074e-05
344 7.620294185760134e-06
603 7.654631457015572e-06
542 2.1364663136489337e-07
164 1.873433410409763e-06
168 4.5388992402145844e-06
169 3.585372690873461e-06
308 2.842807290067286e-06
358 2.8888792566966835e-06
377 3.391573390065427e-06
512 3.1167197905301174e-06
520 4.680975063719371e-06
557 2.3426014264592236e-05
561 2.526253202356855e-06
574 2.602273706303679e-06
123 2.200672663971901e-06
188 3.530355507329849e-05
314 1.9007991495847592e-05
381 2.286856121013423e-05
426 2.1658253561920416e-06
570 1.6239461891141193e-07
669 3.497655717842669e-05
409 8.587035316151292e-06
354 2.048382719544003e-05
498 9.144156745264896e-05
235 2.477794163702929e-06
211 5.29404981832209e-06
87 0.0001603082136290533
153 0.00011211533782368521
176 1.925811762434823e-06
299 2.96185945278688e-05
304 1.4207842227010281e-06
438 5.701344954687667e-07
124 1.274198648090219e-06
183 2.687808333028389e-06
328 1.986581099963198e-06
352 5.987757803673456e-07
366 2.1111599096981207e-05
372 3.114991587759289e-05
414 1.0847156453111598e-05
524 2.303886340869646e-06
578 1.6886445344314936e-06
585 1.6122748425381933e-06
693 8.665893680286956e-07
221 6.362227538121122e-05
330 1.1327955326980243e-05
558 0.0001117869495174177
563 9.100866497514105e-06
577 3.444660336436705e-07
493 7.444544878227787e-05
18 1.3150047814006173e-06
27 1.3219108092673123e-05
28 3.615626835774297e-05
287 8.132673988684144e-06
291 2.051935749388143e-05
458 2.9992972028622814e-05
562 1.429082790913734e-05
6 3.709182370231726e-06
12 1.1049016640870887e-05
65 2.3171049445922827e-06
116 5.451118664644244e-07
117 1.0162938742163222e-06
139 4.095919554572066e-07
157 1.4938919857330152e-06
159 3.5176196965311785e-06
288 4.508669448053182e-06
364 1.1858471418462138e-08
365 2.4389035442335505e-05
367 1.089726574738235e-05
423 1.3877020113303647e-08
227 1.1297114784086801e-06
717 3.0796209458318344e-06
114 2.561206052048127e-06
135 1.8829956269024933e-07
161 5.21117019137206e-05
199 8.13409228427588e-07
252 2.048966710293386e-06
361 1.2077508983075594e-05
448 9.245903052171406e-07
523 3.987901557755156e-06
544 1.8375496661301665e-06
565 7.804594040305267e-06
60 6.09753298493241e-07
89 4.0767844042583196e-07
110 1.0707385530144965e-06
144 6.235959211330062e-09
166 5.935103352316175e-07
172 1.0277223961164962e-05
173 8.960948406596457e-07
177 1.4889063739158115e-07
185 1.1376859306326642e-07
189 1.1461912205000575e-07
275 1.078500229577849e-06
302 2.5604186899173937e-05
317 5.735832726398593e-06
341 3.10250629098244e-10
485 0.00015946734288187472
149 1.703964363677013e-05
254 4.326249110087639e-05
310 0.00010258920817416621
617 0.00013316145154946253
105 5.50028974483324e-06
106 2.4202220441913855e-06
154 9.79194799102923e-07
202 1.5597012138910093e-05
246 1.6040382380202562e-07
385 1.2977200852788323e-09
53 2.448431888060611e-08
61 4.5547678909162584e-08
66 3.669721278361567e-10
83 5.332716210407312e-10
86 1.0074921085944745e-07
90 4.920311745474104e-08
91 1.4035290291506764e-07
92 1.3709531903610623e-07
95 3.101995926210127e-08
97 9.983465198770988e-08
98 5.598949796857717e-08
100 1.8022741054125131e-09
102 9.936657749278591e-08
103 2.4330928516826005e-08
107 1.884103592135135e-10
108 2.618109257283059e-09
109 6.895487051209363e-07
111 2.8240268297936076e-08
112 6.081902612772216e-09
118 1.8764221371184494e-09
119 1.3968942666241144e-08
125 5.267864665085687e-06
133 7.877161771445922e-10
134 2.0338309228412731e-10
137 6.584283404129777e-10
138 7.749620865556372e-10
148 5.1171260776369646e-08
174 6.908785689812847e-07
181 8.103978835724961e-08
182 1.8013450774325014e-08
190 7.73623892836423e-07
193 3.1906714448966046e-08
194 3.6508848937895246e-10
197 1.7245512137918931e-07
201 4.632678062422518e-06
203 2.136113962846622e-07
207 1.3838852485456239e-07
214 1.982720010210542e-09
218 1.8560435522313747e-10
234 3.5544175204152803e-10
239 2.67574507938179e-10
242 5.145183192635904e-08
248 1.810667045700389e-07
258 1.1726838212399027e-06
261 2.416440610657191e-07
264 6.44228809456805e-09
266 1.512183151622148e-07
267 7.064963172219689e-08
268 2.242616846691726e-08
269 1.4666577987005032e-08
271 3.261675297077752e-06
273 1.1032561944385476e-08
274 2.986836691535822e-08
276 9.23137409926555e-09
277 1.462057122635004e-09
280 1.4910285396920215e-08
282 5.1157144717959233e-08
283 1.272484300338117e-07
284 5.58894978920257e-09
293 1.203410062327489e-08
300 2.1714245520421187e-07
313 1.75823640454236e-05
315 3.39799606699192e-05
318 2.7376579171716673e-07
339 2.455578033627833e-09
340 1.2083204775730282e-07
347 3.73405313456707e-09
348 1.771971419604271e-09
350 4.755387671376175e-10
351 2.7825362920342285e-08
363 9.14499105865163e-08
369 5.045255443699514e-08
370 8.516446325023645e-11
373 1.3081331300117406e-07
389 6.822226470247732e-08
394 1.132189842508175e-08
397 1.2273919756867184e-09
405 1.4260454598703136e-07
407 9.732229873223228e-05
434 6.029581929914591e-06
465 2.951206695898817e-07
492 2.218347682874818e-07
499 4.4853617588474377e-07
506 0.0005221111338656456
514 4.495127261351093e-06
528 1.2474066724210687e-07
539 1.0286721400105226e-06
607 1.2501702110831993e-06
610 3.861468791483172e-08
612 6.507055181890584e-08
633 7.657917525018537e-08
636 1.375811434363266e-07
646 4.859640922984525e-08
692 8.073116747605199e-09
698 4.295336566485159e-08
725 2.258634430829135e-06
726 5.7457724655322626e-08
151 7.138406954956686e-07
422 2.6338202288575844e-07
424 6.982916098869994e-09
431 9.924842238727032e-09
496 7.225071127627521e-07
533 3.291408426766501e-05
575 2.4403454538733783e-05
2 5.0373413086555054e-08
4 2.804427829584914e-07
7 1.714339709788587e-08
8 3.847578323799539e-08
13 6.9485211791438695e-09
14 5.091813745540894e-09
15 5.6938056552306266e-08
16 2.9006279279511486e-07
22 5.3128925512319254e-08
23 7.40066861014875e-08
24 7.717816016037954e-08
26 2.1444383723953576e-07
45 5.191909071885618e-08
50 9.523775440069029e-09
52 4.311158338245497e-07
54 1.875100804480996e-09
55 3.992425862492209e-07
57 2.9683232000299052e-08
58 6.048487682796967e-07
62 1.9614186999241444e-07
63 6.051228443874276e-09
64 1.3239117196504343e-07
67 1.676821044490051e-08
68 5.021889444791567e-08
69 2.159041810775252e-05
70 5.000828014975016e-07
71 4.916924303625644e-08
72 3.2673834681236967e-07
74 7.471036668629007e-07
75 2.462167690465387e-07
76 5.429225894195316e-09
77 5.429225894195358e-09
78 1.2038923271769748e-07
79 4.715845457409812e-09
81 4.984452606104977e-07
82 1.0400716290655311e-07
84 3.6822909236415063e-07
85 1.282468906229561e-07
93 5.888298877824637e-08
99 2.5177889604608858e-09
101 1.9899868207434892e-08
104 4.418743590920726e-08
121 4.279130972128462e-09
126 3.38837581151218e-08
127 2.081734835192465e-07
132 4.9593997175572225e-08
140 5.2891672767019376e-09
142 1.4099652539710902e-09
146 8.05936963164656e-10
150 9.495121100992173e-10
152 4.500493294916874e-06
155 2.5084418528573136e-05
156 4.41781281967e-08
158 4.6585978225150465e-06
160 4.349872649633704e-06
165 6.347870513244309e-06
175 5.591199404112011e-08
180 9.974552578546869e-09
195 6.110304793340834e-08
198 1.3796310848684465e-09
200 1.6231015928074598e-08
204 2.6123673042431546e-09
205 7.559133663322e-08
208 1.4204373620064812e-07
209 3.128061605767045e-09
210 1.0857193922393844e-08
212 1.0935887848265675e-08
213 4.900503779308757e-09
215 2.0363594076541706e-09
216 4.928593924671298e-08
217 9.005420136045297e-09
220 3.2326576046116956e-07
233 3.638980078858011e-09
236 6.867855917305597e-11
240 8.741929889924784e-09
241 3.0340632842175374e-09
243 6.7325201714137315e-09
256 5.254903055607212e-09
262 3.2904649937191504e-09
263 1.1772128734298264e-08
265 3.0845872073017366e-09
270 8.706712493936882e-10
272 4.2817381502995366e-08
281 8.686255017715937e-08
289 4.533846368679234e-09
290 1.5566819918148002e-09
292 1.4093448352619151e-09
296 9.176326523282681e-09
297 3.262109348212358e-07
303 1.5956086693774644e-09
305 1.3666026632043545e-09
309 8.687372320360073e-08
311 1.572762857023568e-06
312 1.0193553659648838e-08
321 2.2545274755960258e-08
346 2.5492756835422403e-10
349 2.8896603953199765e-09
353 2.7202044384656473e-11
371 3.13008875684263e-07
384 9.43960247241144e-08
386 1.3527439214744537e-07
387 5.515285118375199e-09
388 5.472171176087989e-09
390 4.0934406146251816e-07
391 2.2763500734912477e-08
393 3.5365776716604287e-07
395 4.380961458121413e-07
396 4.889498663919142e-09
398 3.8197029015273816e-07
399 2.178980765009636e-09
400 1.4828894012547677e-07
401 1.8547290458195002e-07
402 1.1296109607021177e-09
403 1.7235028000453842e-07
404 2.0243402192369313e-07
406 8.585103836759558e-09
408 8.860190070694877e-06
410 1.2701966423948703e-06
411 3.702144505399711e-05
412 1.8881564376940096e-07
413 3.1810607826233955e-07
418 7.79200478359898e-09
421 1.861583266464945e-09
425 6.808521510560854e-10
427 2.659318839322365e-09
428 3.83336880891541e-09
430 3.695150787618803e-09
433 2.0363373745001718e-07
436 4.0917556709844696e-07
439 1.1890583489955897e-07
440 3.515491694365768e-08
441 1.8390336322855813e-06
442 2.52055583362391e-06
445 5.629434843998773e-08
446 5.6548210574148785e-06
450 2.052382606746014e-08
451 1.1617618367383444e-08
452 1.275125401198339e-06
454 2.929095774994971e-06
455 6.380795224801265e-08
456 8.151156093277097e-08
457 1.0240620277797595e-07
459 3.0913469056188913e-07
460 6.596288513619758e-09
461 1.2741227853870084e-07
462 1.2351265836034146e-09
464 6.297812013910611e-07
466 1.221727369457574e-07
468 9.825010952324715e-09
469 1.853598070287452e-07
473 9.537283255857834e-08
478 7.540602193983884e-08
480 3.077242247080097e-08
481 8.46621571047769e-08
483 1.654093179578196e-08
488 0.00010893624389627109
504 8.03221107780494e-05
515 2.992807712740772e-07
518 4.068380245516993e-07
519 3.290376590782409e-07
521 1.0664152322313088e-07
522 1.331863325386997e-06
525 3.3907004123409805e-06
526 2.57114112663625e-09
529 1.424583383029206e-07
531 5.320144884706957e-08
534 2.7078242020328466e-07
535 1.2060998235257132e-06
536 8.279406496256279e-07
537 5.302223727421234e-06
538 6.960773229075031e-08
540 1.7982930768012864e-08
541 3.462452028331401e-07
543 8.179925721843066e-08
545 2.957136717420598e-07
546 2.984139206355748e-08
549 6.547723123839741e-08
550 3.666922782747342e-09
551 1.7021275344226022e-07
553 5.522258566995011e-05
560 7.829739868872514e-07
572 9.598893881540516e-09
608 8.82058112973251e-08
609 7.151880864190568e-08
611 5.163846610718583e-08
613 1.0705893171103326e-05
615 3.96868920804353e-08
616 3.5159787634439224e-07
619 1.0782298606915955e-05
620 6.507635198368982e-08
621 1.2315940966117795e-06
622 9.30190055763368e-08
624 5.775486620077709e-08
625 4.350782308656302e-08
626 3.1464868901474126e-08
627 1.2612084981828968e-07
628 1.5439874473060087e-08
629 1.3740874611384138e-07
630 1.3457233334202273e-08
631 7.881783856818748e-09
632 1.0222777581707691e-07
635 1.4039943442513968e-07
637 2.682952957120198e-07
638 5.740941436051045e-09
639 6.466806010492382e-09
640 1.242052361519526e-07
641 4.937464559139226e-08
642 1.7332069779429253e-07
643 1.9325086611428993e-08
645 7.1432987102821205e-09
647 5.0070998206370285e-08
648 1.0038052733731215e-08
649 3.81213767521481e-08
650 4.945784457730996e-08
651 1.1247311824638958e-05
652 1.6306646175853636e-08
653 3.1535924794639394e-08
654 3.967173233468941e-07
655 7.454878564564527e-08
656 6.077712122913143e-08
657 6.450639069561592e-08
658 3.084726018671644e-07
659 2.5780592974919715e-07
661 5.581777065017016e-08
678 1.3866265290391926e-05
710 5.5751336115384345e-08
720 5.215414605444293e-10
721 2.0665165335459748e-06
722 4.0648021952865425e-07
723 1.7591599683355772e-07
724 6.3268758854861156e-09
729 6.272539278220189e-10
730 2.8236126047386207e-09
731 1.2300234043014406e-09
