0 0.00027480260828090805
1 0.00013497972848622227
3 0.0001854783249306329
21 1.0532034501883518e-05
29 0.0002239256801255897
34 4.227439599294507e-05
35 1.9092187566729763e-06
41 2.643520489610063e-05
42 9.934300043487735e-05
46 5.7045316025056086e-05
47 8.173351825493834e-06
48 7.551890324706728e-06
114 3.3215725606640222e-06
145 1.219266605654121e-05
149 2.3832823759470262e-05
158 4.515055439069234e-06
160 4.4461922483054466e-06
165 6.587709087811331e-06
167 5.0576634519665e-07
187 1.5203510639381798e-06
231 3.596761027812567e-06
234 2.5554630488114467e-06
249 1.0410406775249621e-06
257 2.8519379755668467e-06
284 3.468445212887036e-06
305 5.039670388015343e-06
352 2.1087694941362116e-05
374 3.9382267109676635e-06
379 2.6238950809830664e-05
381 1.7249151845650152e-06
460 4.386626002502102e-06
484 0.0001377377083198084
500 6.675777903136828e-06
503 4.9204253644588106e-05
544 4.4415792219293924e-05
557 2.0803565209209025e-06
564 2.611239882188677e-05
568 3.9731315316128424e-07
572 6.95132658615969e-07
581 3.520817513562285e-06
590 1.2004779163816121e-05
608 1.567799869703789e-06
652 5.006467028217975e-07
667 1.3811411270295737e-05
674 1.0287635837159645e-05
708 1.1349470313727309e-06
11 1.2980831592369113e-05
37 2.423145097320333e-05
136 1.7553758448825355e-06
225 4.739649072590979e-05
243 6.401663885013995e-05
247 5.2570696755848845e-05
252 4.993372735718248e-05
441 9.174536237821392e-06
450 5.862296816720775e-06
480 9.091216591105184e-05
524 4.207251708138086e-05
558 3.06255935195769e-06
653 4.321716756552929e-06
221 7.89312013820676e-05
296 4.801585697645325e-06
325 1.4385380306516051e-05
478 1.6720691702022092e-05
661 1.4994646084790125e-05
663 1.0817446102247673e-05
689 4.162809662765246e-06
561 1.5884346943334295e-07
559 5.251715923065801e-07
39 5.449193798617979e-06
285 8.52292408926927e-06
341 6.045624019398048e-06
354 4.315843237317667e-06
471 2.4178814254606813e-05
567 1.3010491405724894e-05
577 5.516270009796332e-06
657 1.338372726863795e-05
668 1.7306917741235315e-05
670 2.9178277926013852e-05
445 1.6092281639507654e-06
595 1.5472270683350724e-06
33 2.000022264174932e-05
196 3.403546753155424e-06
255 3.7570943728307486e-06
358 1.1073162499631764e-05
360 5.1549095532886524e-05
366 6.865512365791679e-06
414 1.4801797129152673e-05
498 2.0016370550005447e-05
698 3.681667059829383e-06
250 2.8074315584531223e-06
253 4.531791482508888e-07
417 1.2929290695155742e-06
423 2.7591494897678674e-06
482 1.5743958981946396e-05
17 9.154266325724602e-06
27 1.823713208598683e-05
65 2.5505448391920072e-06
277 1.5448293473891153e-05
289 2.740081892416231e-05
324 2.2961043888664447e-05
330 3.7017009650328844e-06
434 2.3306755212886345e-05
582 3.0031225150514997e-05
613 2.9063333176933968e-05
696 1.5810863294865085e-05
705 3.288671510170055e-06
706 4.704575864488134e-06
245 3.998238359669095e-05
493 1.1020416232552644e-05
588 4.291162629249208e-06
6 1.3622124685614124e-05
19 5.522645144003935e-06
73 5.330728255918413e-05
179 1.2604018940142201e-06
199 4.460460734834942e-06
308 0.00011491365805192974
377 2.6753534787395596e-06
429 3.6700919874742483e-06
455 7.162173414939646e-05
475 1.3630456917044399e-05
501 0.00010785257985244816
514 7.496259018389944e-06
538 1.2242034240728517e-05
624 4.320210340369241e-06
707 2.169577853302515e-06
59 3.509468591263497e-06
188 3.428243493362221e-05
306 3.2075119925242216e-06
321 9.596982630501043e-06
372 6.877910972791366e-05
376 5.754562205024398e-05
380 6.847681633634127e-06
491 0.00011358085287950734
496 9.232736667159779e-06
508 3.20098577556681e-05
518 2.0708004785226762e-05
553 2.7540975820219866e-05
664 3.205291833414898e-06
676 1.002498848241456e-05
683 2.9155355211596245e-06
694 8.826172729744062e-07
189 2.825499812655479e-07
552 3.6239959703237702e-06
292 5.352736536768729e-06
322 5.522257625700018e-06
407 1.3223064645044885e-05
485 0.0001572144695254555
489 0.0004361714288625797
550 9.114862899566426e-06
672 0.00010536600167414492
684 2.300321801315756e-06
60 1.1907628479407894e-06
125 6.7652713593300254e-06
89 7.626113131725577e-06
223 9.250742706163238e-06
228 7.068348599036411e-06
364 2.3374047231951288e-05
523 3.084068041052386e-05
570 1.9827331746797346e-06
686 4.395830836684965e-06
691 9.597113849165946e-06
115 8.550255641021446e-06
201 7.497094500814342e-06
219 1.4511046390710841e-05
317 2.2621036511399243e-05
609 1.9390142847932582e-05
658 6.277800926632094e-06
86 5.340736966527005e-07
