596 5.905350195444817e-06
432 6.88051130048055e-06
717 2.789283097723154e-06
675 4.068848285775769e-05
692 2.890451889382925e-06
211 8.82096453890605e-06
328 1.6756538625244108e-05
659 5.150569752322275e-05
545 4.278768409364287e-06
562 3.188046842878826e-05
502 1.2703324576897372e-05
547 1.0454210159542833e-05
113 5.525206076283246e-06
32 1.0160656289514364e-05
170 6.913892388918325e-06
332 2.5569275332976652e-05
593 1.1659490588995588e-05
603 1.3999273856821373e-05
665 1.472880958959467e-05
383 6.02538481670882e-07
9 2.8750548999239696e-05
45 2.342918523867946e-07
57 1.7938272976083896e-06
140 8.534208027317688e-09
146 1.3250807335456573e-09
147 7.292904664794652e-07
190 1.0748807413525404e-06
195 1.718611784879068e-07
215 4.514995068265606e-09
240 8.409141228285312e-09
295 5.189708914121322e-07
400 2.966314878153394e-09
415 7.117150719123788e-08
418 4.810257690565007e-09
457 1.1409197267192955e-08
477 4.283465639121463e-07
479 6.679760494744871e-08
487 1.0800372097604095e-05
594 1.2462627751313544e-05
709 1.2693027405749182e-09
711 1.6033594157863916e-06
718 1.5052171863372767e-09
592 1.3509745240204886e-05
435 1.0185055203431373e-06
394 7.1306976367949556e-09
2 5.922940878039548e-08
24 1.0581057017204436e-07
50 5.310442578676488e-08
67 4.583588525363026e-08
76 3.679964193131202e-08
77 3.679964193130371e-08
101 2.2036968470264987e-08
121 2.1233405142544533e-08
126 6.272962495654963e-08
132 7.183731106491945e-08
142 2.879095835792504e-09
150 2.7237802204320398e-09
172 1.4619247445527058e-05
198 5.775665700545685e-09
200 2.2726713381023048e-08
204 1.2121964175813126e-08
209 1.706421171942059e-08
214 7.796515765222106e-08
239 1.0837599743334666e-08
261 1.5010258645333577e-08
263 9.57397681436964e-09
268 4.258111623595349e-09
283 7.059220172460459e-06
288 2.7483360088335916e-09
290 5.517525769652961e-09
301 8.004953561697066e-09
302 1.6985757382040115e-06
303 7.454907654021204e-09
351 6.432427225316947e-10
385 4.001725567780182e-08
386 3.9491735194587726e-08
392 2.3294662709847335e-07
422 3.3767532483097157e-09
425 1.1264011280104493e-08
430 3.9211567042813265e-07
448 3.286613349390022e-08
452 9.194994818374369e-08
510 6.357748631366693e-07
643 7.354829363227041e-08
719 2.8492251051388014e-09
486 0.0003907641262114241
323 1.9808194752907764e-06
141 3.857013200159236e-06
7 4.890010394629034e-08
8 7.866581047221868e-08
15 2.714307526829882e-07
22 1.06042493806982e-07
54 2.505183583649563e-09
62 2.0311363172581098e-07
63 9.166019297031451e-09
64 1.8138043596531656e-07
79 1.7593241889084892e-08
93 6.564579690979256e-08
99 5.802575455343264e-09
107 3.8538008991699595e-10
111 3.993435786399618e-08
118 3.6260585533750588e-09
119 2.4238064068474485e-07
134 1.1045042709794458e-10
137 7.952368162639729e-10
138 1.0482148656372958e-09
156 1.1926590118567083e-07
180 2.558385122111704e-08
194 5.721593863814321e-10
235 1.1175788010831788e-09
254 6.571214977875146e-09
259 2.6418035734314575e-07
260 6.094929886418512e-09
262 1.3634281323826137e-08
275 7.0771566794346155e-09
280 6.196204110013019e-08
287 8.328100421742433e-09
319 4.6442083206360814e-08
344 1.3698349030725795e-09
345 7.985692544143459e-09
347 7.816962728497844e-09
397 1.1761121428609857e-08
404 2.2307686899178866e-08
437 1.3637767139631648e-07
517 2.867018874171561e-09
537 3.828531448775611e-08
540 4.8004673032193026e-08
541 9.66385089936261e-09
563 1.5813705082228146e-08
605 6.128439438548552e-08
622 2.1374372376510372e-07
628 1.6513213877620954e-08
629 2.529441869748856e-08
635 2.0894293586530842e-08
636 8.592724977906693e-08
638 2.283650434180285e-08
649 5.030267132222678e-07
713 2.465385194750198e-08
720 2.858276351736049e-09
51 9.080293426367184e-06
120 9.167413049886773e-06
505 7.624443610210259e-05
4 3.0227556906618276e-07
13 9.809040368938766e-09
14 1.570194222024509e-08
23 3.510742247177912e-07
26 9.56773037463e-07
52 7.972676880738918e-07
66 1.6555942303439242e-10
68 1.0813830223285996e-06
71 7.8950724834828e-07
75 7.843506877916938e-07
78 3.386232484836617e-07
82 1.9773775481212453e-06
83 5.735009858119116e-10
100 2.0474199601920835e-09
104 4.551383658221968e-08
108 4.067218715116312e-09
109 8.531453726180079e-07
112 9.34856328916926e-09
127 2.794021896600404e-07
133 5.084744657460265e-10
173 1.6923557400796915e-06
175 3.1196430597422764e-07
181 1.072260356448718e-07
182 4.302789398893434e-08
193 8.125598761882957e-08
197 1.872695732349969e-07
205 1.1359518914529804e-07
210 1.0155964613748409e-08
212 3.5636490144212587e-08
213 1.5988041423941516e-08
216 1.0647486224859276e-07
217 1.8078144307595063e-08
218 4.9603101811443904e-11
232 5.712826589882834e-09
233 1.2027442328802385e-09
238 5.778941013013155e-10
241 6.375768570019902e-08
242 1.6374608166820707e-08
264 1.6559211036666242e-07
270 3.741530230874551e-08
271 1.1651756622770822e-08
274 1.6180830045806258e-08
279 1.1032692970783969e-07
282 5.766308953115848e-09
291 2.7906811885976408e-08
294 3.540067900796088e-08
310 4.9398298175919187e-08
337 1.0969395427615586e-08
338 2.0795028304315572e-07
346 4.271788292669049e-09
348 1.7053048759578778e-10
361 9.213273362859475e-08
367 6.35820336977668e-08
368 1.1197827891841892e-10
369 3.6658150500485164e-07
382 1.0738594284398644e-06
384 7.225059255621791e-06
387 7.17855357126613e-07
389 1.2894284217180037e-06
395 8.91166618139316e-10
399 6.240344965280467e-07
403 1.3875150988006793e-06
421 1.6011270930956413e-08
424 4.575290826242147e-09
427 1.2367288327047603e-08
428 2.64914680916241e-08
439 3.4486453559833313e-06
442 6.780809502161064e-08
447 2.9221841459900163e-08
453 8.31685729534937e-07
454 1.7577285530475382e-07
459 4.901088490178672e-09
465 1.802012291386236e-08
470 5.048813386355798e-07
474 2.838670924505022e-07
476 9.291018061896587e-08
522 5.737162191499794e-08
526 3.3974385224033377e-06
529 2.2091178178484364e-07
531 2.476076654703357e-08
532 3.867349270468805e-07
534 9.273458321012947e-08
598 1.0280644243303791e-07
599 1.2039569964671255e-07
601 6.510786126961228e-08
610 1.2058762774502571e-07
614 3.724946458235237e-08
615 7.68632613401201e-08
616 1.3947079263020964e-07
618 9.833078820742174e-08
619 8.088100389730961e-08
620 5.08330627509229e-08
621 2.6913116396278096e-08
623 2.1369343063850157e-07
625 2.7295460101483195e-07
630 1.4262632561182083e-07
631 1.1080556865718397e-07
633 2.9874229642274204e-08
637 7.418076452366524e-08
639 8.587449821108189e-08
640 4.597561406245657e-08
642 8.106493836380247e-08
646 7.076476208890689e-08
647 5.360900145714048e-08
651 3.746487549705816e-08
681 2.442287284549872e-08
699 2.0223971561909783e-07
56 1.6499709730273813e-06
12 1.27608851469811e-05
16 2.858459053470294e-06
18 2.02391140179167e-06
25 4.968631752666769e-07
53 4.166083224698359e-08
55 4.3443548722537297e-07
58 2.580217343134105e-06
61 7.526179388598724e-08
70 3.358457449792606e-06
72 3.247513782450146e-06
74 3.7850006267943603e-06
81 3.9112183319654046e-06
84 5.891403979671691e-06
85 1.7618436648416359e-06
90 8.383755504396924e-08
91 2.758856649185332e-07
92 2.4687437135816943e-07
95 7.770968692680766e-08
97 2.0607727599501214e-07
98 1.0347236004215118e-07
102 1.2404757115527462e-07
103 4.6981326656282994e-08
106 2.612339529246944e-06
110 1.43381634415087e-06
116 8.445650087505057e-07
135 2.1744724500331634e-07
139 5.541676847603564e-07
143 1.2679708934934294e-07
144 9.455025334419214e-09
148 1.5436458659989811e-07
157 2.0794681545027116e-06
166 8.152106473784322e-07
174 8.812047957818787e-07
177 5.534862608018715e-07
185 2.944530935127065e-07
202 1.872046063286153e-05
203 3.2288478718408566e-07
207 1.8062530630852192e-07
208 2.4345021022805054e-07
220 3.7245357641846025e-07
226 1.2402936022493666e-06
244 2.9945349629522097e-07
246 2.5820530398490814e-07
256 1.6010025105596285e-06
265 7.798200598183397e-08
266 4.3087408714369084e-08
267 1.1243465606276762e-08
272 3.343135209742081e-08
273 1.2926263659877454e-06
278 2.9944674694985004e-08
281 1.679386542773112e-07
286 4.365442240210132e-06
298 2.7895098167453644e-07
307 1.37562215318928e-07
309 2.1710183697928255e-06
311 1.9740895195303242e-05
316 7.601936865243715e-07
339 5.320345992000864e-10
349 3.9292745437885085e-08
362 1.2990895391786848e-08
363 2.7786740223354723e-05
365 1.2697592743055167e-05
371 1.9976536578480545e-07
388 1.1298283251919507e-06
391 5.58857863644158e-06
393 4.074937046850285e-06
396 3.0407265464221836e-06
398 6.456241198865193e-07
401 2.1812684730738397e-06
402 2.266181222693909e-06
408 8.92872959240618e-06
410 1.653965061869194e-06
411 1.1224212988163195e-05
419 4.630707842972721e-07
420 2.61176021088738e-08
433 1.9729796375925492e-06
436 3.2970579965677247e-07
438 3.75847201781006e-06
443 9.774674289104825e-06
451 4.845386232262032e-06
456 4.381305707169908e-06
458 1.4909708577881979e-06
461 1.579314784688404e-06
462 6.092949127212229e-07
463 4.7106788797157814e-07
466 2.5627816367769568e-06
492 5.292369448452693e-07
506 5.605622027138305e-06
507 5.467817062225379e-07
511 4.643502548857192e-07
516 4.240774078597613e-06
519 1.4534296944749195e-07
520 4.6552230714485715e-07
525 6.958603818978947e-07
527 8.855838566484542e-07
528 6.654251077376136e-06
530 1.4486338828728538e-06
533 7.213121407297883e-07
536 4.14428256056585e-07
539 5.306684735971944e-07
542 3.6639274708373577e-07
551 8.934592052005765e-07
575 2.4421623816683224e-06
597 2.0413898103959474e-06
600 1.974009710191534e-07
602 3.8614682235889666e-07
606 3.7602263163551486e-07
607 0.00018221522405245682
611 9.550276015686774e-07
612 2.3888589792454836e-07
617 1.8618078050834948e-07
626 2.3020626702263664e-07
627 3.3863678755171296e-07
632 3.656431273725287e-07
644 9.772362909535049e-07
645 1.762567939060528e-07
648 2.3687191001627846e-07
687 7.808299766226302e-08
710 5.920173764911348e-06
712 2.5276642186108276e-06
714 3.912141370446181e-06
715 1.2693672138405034e-07
5 6.441449205768039e-05
10 0.00019594872883416632
20 4.484917924467399e-06
28 5.202185135732522e-05
30 2.6953984659267403e-05
31 1.7427249389785455e-06
36 8.21254489449476e-06
38 5.9779380441238345e-05
40 6.388139833827428e-06
43 2.6511187485227986e-06
44 5.339646457380231e-06
49 2.7796292435196915e-06
69 2.5265583384013047e-05
80 6.628476166814908e-06
87 0.0001896186287687252
88 5.477996345149447e-05
94 4.241189850068863e-06
96 3.108331745447624e-05
105 6.220476811414681e-06
117 1.5828434225996297e-06
122 6.360793907415389e-06
123 3.7231840969899864e-06
124 1.81705747601654e-06
128 2.0052246893322105e-06
129 3.831779953533022e-06
130 4.445684768025616e-06
131 1.3460243159845065e-06
151 7.660281350156905e-07
152 5.086296211522184e-06
153 0.00013295235494212678
154 1.0164415295730638e-06
155 3.035755866273678e-05
159 3.996874232204326e-06
161 5.64352294016413e-05
162 2.6463918606944322e-06
163 3.023428014255836e-05
164 2.0560961071130358e-06
168 4.53070257257307e-06
169 3.920783973242243e-06
171 5.139101804810945e-06
176 2.746748112012945e-06
178 1.199366087870636e-06
183 2.795951843818301e-06
184 4.162843996047285e-06
186 4.874221629678036e-06
191 5.6896608965267515e-06
192 1.4190076524354187e-05
206 3.247556058759505e-06
222 4.785022439262111e-06
224 1.4051724007800727e-05
227 4.482604160158194e-06
229 6.362313140559702e-07
230 3.863558964996937e-06
236 1.1384305707329701e-06
237 3.4780437787669856e-06
248 2.405763753844879e-06
251 1.7728520762046784e-05
258 7.022247248389979e-05
269 3.4723768792956667e-06
276 9.015613512077931e-07
293 6.889026781459917e-06
297 2.8979306440525094e-05
299 1.1228576205224644e-06
300 2.8330318288690802e-05
304 3.2558734022976536e-06
312 3.461248493646876e-05
313 4.2329538835317424e-05
314 1.162325568300841e-05
315 8.81761405749887e-06
318 1.7688650495337307e-05
320 9.031663185244278e-07
326 2.668387812219988e-06
327 2.3006892242903723e-05
329 2.9871593051956863e-05
331 5.7075694430015835e-06
333 7.592887713960111e-07
334 1.1539104569625409e-05
335 6.217854237516509e-06
336 3.679781754097574e-06
340 3.8133851845665894e-05
342 8.61590300670553e-06
343 1.1427130839455578e-05
350 8.037102089619385e-07
353 4.367635472225132e-06
355 1.1309388104739969e-05
356 3.0085118186461167e-06
357 4.3795445092299505e-06
359 1.4282064015818774e-05
370 3.274862800399946e-05
373 1.9064094134913528e-06
375 4.55767440180384e-06
378 6.1374124797135515e-06
390 1.1044088727685213e-05
405 0.00010556600220122294
406 1.1544969055561152e-05
409 3.7674345849718654e-05
412 1.2487817460301198e-05
413 7.413115166622323e-05
416 7.768429559529364e-06
426 9.313296470258769e-06
431 1.0055322486528298e-05
440 9.086832625852685e-06
444 3.388853602775121e-05
446 8.795188569982275e-05
449 3.955002938009487e-06
464 8.033542345305148e-06
467 6.98129428485846e-05
468 2.341598167461242e-05
469 2.6179896684170845e-05
472 6.95378387744605e-06
473 1.0055193444782067e-05
481 0.000185202906593543
483 2.2560321900002646e-05
488 9.37471924274182e-05
490 1.6753490842388006e-05
494 1.126674464029834e-05
495 4.089746084760383e-05
497 0.00011435383452033723
499 0.0005748836869209387
504 4.745886095584972e-06
509 1.2382839010007357e-05
512 4.418053265695783e-05
513 1.2592181061535482e-06
515 2.462029607105048e-05
521 7.893667551407946e-06
535 7.488152549854455e-06
543 2.4918570718445397e-05
546 6.01479301189162e-06
548 2.7953628844900656e-05
549 0.00015257231351299244
554 1.0462447017794844e-05
555 6.384530598929068e-06
556 1.1949686931183809e-05
560 6.7899019693395025e-06
565 4.190444898950438e-06
566 2.6470964784080635e-05
569 1.4664257432289947e-06
571 1.9548701338526336e-06
573 5.940438586420996e-05
574 0.00010043581997439036
576 8.952879391288621e-06
578 7.787060923264418e-05
579 2.6103429415538677e-06
580 6.138118917225402e-06
583 1.3416113266434861e-05
584 5.280231405048295e-06
585 5.7207939692901486e-06
586 4.691115303857025e-05
587 2.793272200198026e-05
589 1.8975989431330504e-05
591 3.3291456965231244e-06
604 6.839359707693856e-06
634 1.5405520820064512e-06
641 1.4970401038699095e-05
650 8.90443778461621e-06
654 7.729467518836275e-05
655 7.848971770435051e-05
656 2.8660144766176303e-06
660 6.629226887713554e-05
662 2.2311716234346114e-05
666 8.243555820942083e-06
669 3.1300445436692378e-06
671 1.5125427707708775e-05
673 6.5720807250773955e-06
677 8.895833645617475e-06
678 4.28227100886115e-06
679 1.2685325398619623e-06
680 4.977257015488181e-06
682 9.895433270972088e-07
685 4.945092805683701e-06
688 6.408643498253011e-07
690 8.486970727415739e-06
693 5.0186979868600536e-06
695 2.181157527322948e-06
697 5.199920306532842e-06
700 5.5482275272567265e-06
701 1.442823733546293e-05
702 2.2283094827328493e-06
703 6.1459573001616095e-06
704 4.8929580804553615e-06
716 1.2644791699167527e-06
