0 0.0002131828963376
3 0.0001460958081129367
42 9.852203265272861e-05
48 5.919441123396911e-06
149 1.5912455236263985e-05
158 4.134077424535128e-06
243 4.7281716486572644e-05
379 2.33370103955963e-05
484 0.00010796116606931443
665 1.2378281250509807e-05
1 0.00010477493841225209
6 3.3406780775084057e-06
21 4.249574966450523e-06
27 1.4276796247736938e-05
34 4.65725173466464e-05
38 6.211855060117051e-05
57 4.764899145908415e-08
69 2.089181381918052e-05
70 6.82949606488579e-07
74 1.0110005509941128e-06
81 8.114500329542422e-07
84 5.964762574308032e-07
151 6.198520258830677e-07
152 4.121049599436496e-06
153 0.00010418101907083525
160 4.510095594821327e-06
165 5.492455845481707e-06
221 7.325678267059761e-05
225 5.111917730152549e-05
252 3.721238959537785e-05
283 5.8200961844976735e-06
391 4.6737122968618154e-07
393 4.2739539267784107e-07
396 3.8906786964240363e-07
405 8.605557367345815e-05
408 1.3135011582393325e-06
409 3.9156803799308684e-05
411 4.261768205134582e-07
431 5.769530500644562e-06
438 1.937903942304086e-06
446 6.95856609033102e-05
455 4.2509998595953306e-05
497 7.886803006186557e-05
512 1.7993551049470227e-05
513 1.0438968394252134e-06
515 4.4714663521485825e-06
524 3.1527473607295564e-05
528 5.548083922071405e-06
544 4.0679221942747764e-05
556 8.492624230612256e-06
566 2.3598317696552774e-05
607 0.0001356469058893982
609 1.168930321545541e-05
641 1.0320041712738011e-05
667 1.3957353410340125e-05
12 1.0301597801098776e-05
16 3.8346907155715143e-07
23 3.089259376930069e-07
26 4.3438161076858247e-07
28 3.684327313175473e-05
29 0.00017953854368756882
45 1.9903365705950263e-08
52 7.427449940051119e-07
55 6.299459848592323e-07
58 7.797007173054372e-07
60 4.927312778099985e-07
61 6.71567220917472e-08
65 2.002712999425978e-06
68 6.334840874452187e-08
72 4.643238581497763e-07
75 5.056241342434585e-07
82 1.9283969674528884e-07
85 2.926356529890669e-07
86 4.2220555505688707e-08
87 0.00016574077408789366
89 4.902609095544606e-07
90 5.457527824096445e-08
91 9.305880363972466e-08
92 1.1181968029465305e-07
95 3.501037734818117e-08
97 6.568116048455634e-08
98 5.754403049048882e-08
102 9.318322596790312e-08
103 3.2001557628200713e-08
105 5.211108256695266e-06
106 1.9851235626246427e-06
116 4.821950866472165e-07
117 8.481923381676658e-07
124 1.0100755865684373e-06
125 5.1241857104407375e-06
126 5.85084097178605e-08
145 1.024052000238485e-05
148 4.876220366943117e-08
154 7.02170213931215e-07
155 2.139786762432042e-05
157 1.3257374991258573e-06
163 2.6142907202314578e-05
175 2.567248002637271e-08
177 7.741324500379924e-08
181 6.578356129761324e-08
185 6.172067443820026e-08
189 6.96882308514448e-08
190 7.537159296798877e-07
193 5.4782263140877276e-09
195 3.579062354846366e-08
199 7.73624070046493e-07
201 4.6085526950183716e-06
202 1.2693876957998837e-05
203 2.1515124474481278e-07
205 1.4744912403828847e-07
207 1.7189554870949875e-07
208 1.710521192383861e-07
212 6.15563621601097e-08
213 4.497938019732743e-08
220 3.391257360728202e-07
244 1.1007522464713278e-07
246 1.458033268943811e-07
265 7.054837616851856e-08
266 2.7383504369955976e-08
269 2.940514933573536e-06
270 7.650305332231574e-08
271 2.995469080683207e-08
272 3.968413509562834e-08
273 1.0462334189490612e-06
278 4.6351866825506214e-09
281 1.360172427544135e-07
285 6.356029084622458e-06
295 2.856895235841591e-07
297 2.555636044859477e-05
298 1.9803063808353147e-07
300 3.1261535770922003e-05
307 1.4129603880599055e-07
308 9.939837799668102e-05
309 1.6584609744357531e-06
311 1.5710604289033597e-05
313 4.162833991995977e-05
315 5.071031069354095e-06
316 3.422856837666218e-07
326 1.8426327344911558e-06
338 1.2952563257767603e-07
343 1.057281633385853e-05
349 4.173901409076121e-08
359 1.1530136599848133e-05
362 8.807268424659029e-09
370 3.415963828299463e-05
382 1.7722858040396753e-07
383 1.687782753561785e-09
384 2.565426189944691e-07
387 2.5000441199752646e-07
388 4.0105381032653217e-07
389 1.1211959772969752e-07
398 2.3498906431352425e-07
399 2.4199427429771377e-07
401 2.207533385524797e-07
402 2.9642418959234936e-07
403 2.993789709847964e-07
406 8.982675436165782e-06
407 6.628097098528864e-06
410 2.433846102420629e-07
413 5.866325862766556e-05
419 2.332204489562348e-07
421 2.1768848735680767e-09
428 2.0558675348151327e-09
430 4.797020487211352e-07
433 5.796898790011115e-07
436 3.3531543332898e-07
439 2.690781302287628e-06
445 8.438164980302269e-07
449 1.0876163890868957e-06
451 2.770666902640466e-06
453 2.3156034981706917e-07
456 4.994273253192797e-07
458 2.5547997918612605e-07
461 7.865395747951724e-07
462 3.852186824454223e-07
463 2.9232512022267623e-07
466 3.2319342380047573e-07
470 3.4693089920296516e-07
474 1.6529116133189723e-07
476 1.6583171112122924e-07
477 6.364958700177188e-08
479 1.1660558227815964e-09
487 5.910950122653261e-07
489 0.0003440445807793979
506 4.234783516824845e-06
511 4.673310086835274e-07
516 3.090580997674927e-06
520 2.8231587063910976e-07
522 2.7941260834840956e-07
525 3.9522937939531853e-07
527 9.447151069429786e-07
529 2.4807663838775635e-07
530 1.1147745727176472e-06
531 1.2337268647541111e-07
532 5.596063042485528e-07
535 1.814298823367692e-06
536 3.858112347386429e-07
542 2.45960370935846e-07
549 0.00010877978480399941
551 8.439291723497796e-07
553 1.3367626334472425e-05
569 1.3413778383575102e-06
597 1.1994111935184663e-06
598 2.1953412497960807e-07
599 3.758165395290839e-07
600 2.2875562864781412e-07
601 3.271139727235101e-07
602 1.8366746644289097e-07
603 1.0092554511111888e-05
606 5.708716367698593e-07
611 1.2068894893527277e-06
612 3.3099901225575355e-07
615 2.792984051726981e-07
617 3.216334458307341e-07
619 4.160245894628592e-07
626 3.089729159859217e-07
627 4.2762669196669873e-07
630 4.245036171893846e-07
631 3.1807213418077255e-07
632 3.3166452087660073e-07
637 3.354415530485716e-07
640 3.0864110561978933e-07
644 6.059989420494888e-07
645 3.3463246162109893e-07
647 2.9986798891228265e-07
648 5.248728042797408e-07
651 2.7509105371487264e-07
654 6.746589979390545e-05
687 2.8961796433922372e-08
699 4.5095034926867436e-08
710 2.1209937843388263e-06
711 6.295894536859993e-07
712 3.0686448588415083e-07
714 2.4460977599596826e-06
715 4.3171753406175084e-08
552 2.3989507594263824e-06
482 1.0642866834191279e-05
2 1.0175744652963909e-07
4 3.0164751240494695e-07
7 2.69574970547432e-07
8 2.830339213434843e-07
10 0.00015756632685911886
13 1.0893473624732716e-07
14 1.0985305331047612e-07
15 2.4065642752768485e-07
18 1.2543689701360615e-06
22 3.0436581335411115e-07
24 3.1868140703166205e-07
41 2.955662906854164e-05
50 1.8087135294938482e-08
53 4.2784673971201645e-08
54 5.4847318895483844e-08
62 2.5736844225371945e-07
63 7.609647749053506e-08
64 1.9635331573686317e-07
66 2.3864060610516986e-09
67 2.838494214359621e-07
71 1.5680568117555583e-07
73 5.1685226970742186e-05
76 3.9308439340749815e-08
77 3.930843934074977e-08
78 2.726858801240858e-07
79 1.5446713825367803e-07
83 2.745647660662368e-09
93 1.182320147989373e-07
99 6.071497676936886e-08
100 1.6546344292128628e-09
101 3.704125660053249e-08
104 8.09951534505536e-08
107 4.40660892243881e-09
108 7.775001849146427e-09
109 6.577409422184695e-07
110 1.0051909085396442e-06
111 2.9372350721036782e-08
112 4.2573772617382256e-09
118 9.977255037668464e-09
119 1.5722603606106198e-08
121 3.1860587271658396e-08
127 2.1194221514620254e-07
132 8.993800964045748e-08
133 1.0308911837783917e-09
134 4.439869425269265e-09
137 1.8410250052842761e-09
138 4.025573821818993e-09
140 3.197245515758423e-10
142 1.4092504241381022e-09
144 1.3730139136804713e-10
146 8.559886523461598e-11
150 1.655184704815188e-08
156 1.3578768585346973e-07
166 5.635336425488283e-07
169 3.5036911698209656e-06
172 9.843537526811689e-06
173 8.673423547863904e-07
174 6.25162602013583e-07
180 1.7189017845120252e-08
182 6.1261436165356035e-09
183 2.30374549480328e-06
194 1.5451438761410833e-09
197 1.6658662203790146e-07
198 4.653097911233772e-08
200 3.666836257455968e-08
204 5.705169023343719e-08
209 8.171956521943368e-08
210 4.0420738566655854e-08
214 1.3852701971937659e-08
215 2.7371007360910583e-09
216 9.743355238063784e-08
217 5.1521714506526726e-08
218 2.0932274792342216e-09
232 1.7912716159223124e-08
233 7.98224205429856e-09
235 1.0823532754265867e-08
238 1.541941261870924e-08
239 1.5232114531270467e-08
240 1.534410454360685e-09
241 4.692907058300106e-08
242 5.763283845564118e-09
247 3.4451382337955484e-05
254 5.8419160560004385e-08
256 1.1353114311383936e-06
259 2.7664109169187134e-07
260 5.528602966016638e-08
261 1.8370548305233538e-08
262 4.385832475101853e-08
263 5.0155691647490454e-08
264 1.774226831292471e-07
267 2.1805234235028966e-08
268 3.31214854238784e-08
274 3.271792472367505e-08
275 4.046154102178072e-08
279 1.22148112652679e-07
280 1.1323149207548382e-07
282 4.6294233530917236e-08
286 3.0697672653396784e-06
287 7.042178486947298e-08
288 2.893942787251179e-09
289 2.0803558089515503e-05
290 3.2712838731696055e-08
291 3.530541320392839e-08
294 4.6054926787347916e-08
301 4.623661837793061e-08
303 4.261267158534937e-08
310 1.485557001477427e-07
319 2.8760545330183007e-07
329 2.27083474769914e-05
337 4.323176043978795e-08
339 5.01893261832877e-11
344 1.8719833267457844e-08
345 2.507766021702999e-08
346 2.1031393112219796e-08
347 4.154055322645614e-08
348 1.7080008333203548e-09
351 8.245390489425258e-09
356 2.310522419538788e-06
361 1.0430201474389795e-07
367 6.072487976794892e-08
368 2.684126972996385e-11
369 2.8976475642710664e-07
371 1.0591262551416305e-07
385 1.4185348280549405e-07
386 9.282816173772007e-08
392 8.126968731305041e-08
394 4.824764331275189e-09
395 7.2505623769075e-10
397 3.0718645708344485e-08
400 3.6789777492714778e-09
404 7.297876327075563e-08
415 1.8203872784958198e-08
418 3.6947755694569725e-10
422 3.085484829883121e-09
424 2.619325181975441e-09
425 1.540819627712884e-09
427 3.210976509684104e-10
437 1.6761600574970968e-07
442 2.411949514598688e-07
443 5.25123179028087e-06
447 2.495018461982252e-07
448 2.232279573899863e-07
452 2.553415416592715e-07
454 2.728319272795315e-07
457 2.582188716555383e-09
459 3.714707066849899e-08
465 1.0453036172658172e-07
481 0.00013734395180305562
488 6.602662861054344e-05
492 5.193433938879805e-07
507 4.0961724818227213e-07
510 5.512215726985213e-07
514 3.4852220689061886e-06
517 1.5669484183685998e-08
519 1.392494293215313e-07
526 1.368327804509714e-06
534 1.7903739965176878e-07
537 2.602454578784431e-07
540 3.134458532519078e-07
541 1.1942039423976794e-07
554 8.958954052750152e-06
563 9.646746186640628e-08
564 3.3418332735399045e-05
565 2.33860660647031e-06
605 2.9366467151014613e-07
610 2.8274485602716666e-07
614 3.0718630055233426e-07
616 2.2247269521045424e-07
618 2.318992724715399e-07
620 2.148239245662679e-07
621 1.7730060641606429e-07
622 3.0906383572665763e-07
623 2.43216015132084e-07
625 3.7139969661149057e-07
628 1.5415365696612346e-07
629 2.3774948322671853e-07
633 2.66370724057125e-07
635 2.3746582530007412e-07
636 2.387062460998732e-07
638 2.391752257989907e-07
639 2.5311557116252456e-07
642 2.5173646414306544e-07
643 2.2751494551444876e-07
646 3.1798896232871946e-07
649 5.013546971879554e-07
659 2.9734510051819167e-05
681 8.623153456472796e-08
709 1.1032913150642549e-10
713 2.3096937569590048e-07
718 4.758497549787921e-10
719 2.5430841832253718e-08
720 2.041102343251483e-08
420 8.810436054894697e-09
352 1.8018379420074527e-05
168 3.87147934586683e-06
547 5.096753104368525e-06
5 6.980253818759481e-05
17 7.118565594914316e-06
25 3.330179276623057e-07
114 2.320441909559233e-06
122 4.924424466904601e-06
128 1.7661574354095536e-06
135 1.594888556351512e-07
139 3.569908496501777e-07
159 2.8219288652047427e-06
161 4.632737820210713e-05
164 1.7608862162989126e-06
176 1.6990327709774885e-06
188 2.6058276840403693e-05
226 8.275543674804846e-07
234 2.2064964697426956e-06
250 1.921386535146903e-06
253 2.9453040123462125e-07
257 1.6626655752250176e-06
276 7.82745704438167e-07
292 5.717486537384359e-06
302 1.2481564902093983e-06
306 3.3282215944563635e-06
328 1.4227553278685824e-05
350 5.508025741844697e-07
363 2.1287975296978196e-05
364 2.4182472387331932e-05
365 8.504751524258894e-06
372 6.853794089581567e-05
375 2.832399181697306e-06
412 1.1106602331805525e-05
423 1.4640997160500574e-06
435 4.473811532475146e-07
472 6.52845893164806e-06
480 9.010040464686537e-05
483 1.2488888992517148e-05
485 0.0001276829070440093
486 0.00033339164215626853
491 7.18554140942253e-05
499 0.000458479845820392
518 1.3083642129091502e-05
533 1.5407982187659675e-07
548 2.1637748065693662e-05
559 3.428412612452519e-07
561 1.1771188166585537e-07
568 3.1880467248520586e-07
575 1.5191609300603004e-06
593 6.898078416353516e-06
669 2.306793593228967e-06
679 1.0088822450140828e-06
680 3.3838174955127956e-06
682 5.733652769791216e-07
706 3.3093522204883496e-06
9 2.3527445560464683e-05
573 4.706132623320224e-05
35 9.294160014996195e-07
80 3.738685896881415e-06
96 2.9932818913536724e-05
120 5.032620708608747e-06
123 2.2014723398066525e-06
143 6.680270726386998e-08
184 3.5260093085951403e-06
191 3.849699945687125e-06
211 5.474534007416062e-06
245 2.0214246153500476e-05
312 2.0585102801112797e-05
327 2.0170981010520503e-05
332 2.2690344726873554e-05
342 6.973009416921137e-06
357 3.659268088105794e-06
360 4.1829114986846564e-05
374 3.2818583156035075e-06
429 2.926756325465088e-06
434 2.3717659887286266e-05
493 9.194338547231658e-06
504 1.8446299604179702e-06
523 1.846574732402997e-05
539 3.634614072362584e-07
562 2.4158843976567684e-05
574 7.977673746478342e-05
591 2.10025714519705e-06
595 6.790805317001821e-07
701 1.2225235865355634e-05
655 6.791791052157557e-05
32 7.95341552112712e-06
46 4.442225426414657e-05
376 5.9449822443268884e-05
417 8.926716636401989e-07
505 6.771708495008382e-05
558 3.840262209248189e-06
702 1.6692938515568984e-06
707 2.2445198649652617e-06
192 1.172918954306891e-05
578 7.297418089422992e-05
588 2.302720784932502e-06
705 2.7290832305753444e-06
88 4.98008532609686e-05
426 9.895964284399746e-06
444 2.960994144092981e-05
471 2.2626759414644203e-05
672 0.00010144011912626792
248 2.330122505655957e-06
314 9.977807584453049e-06
469 1.6358491416637978e-05
478 1.2087543532044427e-05
494 1.1975473602518544e-05
147 2.5914132217628424e-07
162 2.4164314134572277e-06
258 5.159222234637143e-05
277 9.756177864407899e-06
503 3.465935732384155e-05
657 1.5788914918486172e-05
675 3.242647548595657e-05
686 4.452962675009048e-06
717 1.853652898419097e-06
321 8.425088489199417e-06
508 1.2947715692424737e-05
695 1.5097627991100457e-06
696 1.403603492147958e-05
