11 1.465986292256546e-06
19 1.8424089178272242e-06
20 3.3877939837415747e-06
30 6.1553155861770525e-06
31 3.424182821060215e-07
33 6.120883283684151e-06
36 4.728579246983972e-06
37 1.5937744779310846e-05
39 2.207248668343686e-06
40 2.4907963833107057e-06
43 1.5447549833638573e-06
44 3.5704897767718034e-06
47 5.345428459564772e-06
49 2.1553115375364803e-06
51 2.384389028001782e-06
56 2.789834542927999e-07
59 1.3342733449625674e-07
94 1.8638303607827216e-06
113 3.1840067838183495e-07
115 6.4432688319843e-07
129 1.9584693770351893e-06
130 2.3380839114644615e-06
131 4.845793378851394e-07
136 3.452211478644378e-07
141 2.458295902609633e-06
167 4.331017813652806e-08
170 3.5593496919530716e-06
171 7.08782868841673e-07
178 6.613504724393698e-07
179 2.9168577896507093e-07
186 1.0258127688913276e-06
187 2.862015172303281e-07
196 2.807309660971856e-06
206 8.575219407527087e-07
219 4.183605578342979e-06
222 2.5376404094956125e-06
223 4.439514549315191e-06
224 1.0798779520311037e-05
227 1.1514072436722757e-06
228 3.7214919374071575e-06
229 2.6777125010907704e-07
230 2.665861388842158e-06
231 2.852300675677099e-06
236 3.449189713134998e-07
237 2.2278987328753187e-06
249 6.312058159092267e-07
251 4.269723522040742e-06
255 1.0886064056606225e-06
284 2.0771799428882768e-06
293 1.4869028457104954e-06
296 1.1056404776300517e-06
299 6.522069703662019e-07
304 1.867202836237464e-06
305 1.930577745938675e-06
317 7.5575555369320945e-06
318 1.1111622486801167e-05
320 3.7393850739417267e-07
322 1.758921502034204e-06
323 5.683281374912995e-07
324 8.706534680430511e-06
325 6.8201030313010565e-06
330 1.5468659996199396e-06
331 3.4142208416747367e-06
333 1.8240200381508126e-07
334 3.973058517385164e-06
335 4.495685018001829e-06
336 7.607994582012142e-07
340 2.14894705808101e-05
341 4.772034277567086e-06
353 1.4221044304568026e-06
354 1.6216150058961894e-06
355 9.535830689110944e-06
358 2.589353438904914e-06
366 1.7946900140386492e-06
373 4.0674321009697474e-07
377 7.331223482023818e-07
378 1.2214285101178658e-06
380 2.187452104503853e-06
381 9.325669791275523e-07
390 8.122192592520566e-06
414 5.638643738081074e-06
416 3.04529601528438e-06
432 5.931842938742146e-07
440 6.070392529701782e-06
441 5.765702715619066e-06
450 2.373389602107922e-06
460 6.743919309695539e-07
464 1.6699179760930733e-06
467 4.9638611812750054e-05
468 7.381238102908326e-06
473 5.993521034143865e-06
475 1.212880211094696e-05
490 5.481783670207239e-06
495 2.8099414462931497e-05
496 5.2020534354854425e-06
498 1.026198927293766e-05
500 3.4754294854821463e-06
501 9.673567705513657e-05
502 4.734091898653254e-06
509 5.1592521896419756e-06
521 1.0319794462046165e-06
538 4.0717097517843676e-06
543 1.5053201863137171e-05
545 5.692996454342727e-07
546 1.2110611879168982e-06
550 2.8284807051694116e-06
555 5.323565710819228e-07
557 7.77077025847351e-07
560 1.6283852934668944e-06
567 4.618868860301403e-06
570 7.213897257992781e-07
571 2.2407462403641444e-07
572 3.118682010515443e-08
576 4.202988479920134e-06
577 3.944134028074456e-06
579 6.96537814936157e-07
580 2.812466108645913e-06
581 1.31213874681281e-06
582 1.8190487623257613e-05
583 1.2349238219539189e-05
584 2.6838277881033334e-06
585 2.738741700578923e-06
586 3.4597575619963154e-05
587 1.6211256933465414e-05
589 1.4430188557282195e-05
590 1.2023240474790219e-05
592 5.796333567672162e-06
594 8.685673820130878e-06
596 1.6517216428047674e-06
604 2.2720112313371668e-06
608 6.584077199690653e-07
613 2.2063872762173698e-05
624 1.0810123891356706e-06
634 4.0018265700392063e-07
650 1.4753256330798392e-06
652 1.5840454939192993e-07
653 4.125077934483406e-06
656 1.0697613852021962e-06
658 2.5978475441309585e-06
660 5.526055903901737e-05
661 7.540412185885662e-06
662 9.12152903745369e-06
663 3.2762761796199895e-06
664 4.58189907921193e-07
666 4.132124861976241e-06
668 6.826799417597147e-06
670 2.135921766218085e-05
671 5.847471346209875e-06
673 2.6433208362952765e-06
674 6.212650318200412e-06
676 5.095911950985341e-06
677 2.9945125013530495e-06
678 3.3544204737726546e-07
683 2.1642389409501115e-06
684 2.816219351425723e-07
685 1.7820227407162112e-06
688 3.399783048639011e-08
689 8.488632976678132e-07
690 1.717070485523184e-06
691 3.6614771532656787e-06
692 7.157754808173463e-07
693 3.0558464653408197e-06
694 1.7471590224080446e-07
697 7.237589571063988e-07
698 2.1323630561066473e-06
700 2.2128951042038678e-06
703 8.150721639269989e-07
704 2.7968655459230767e-06
708 9.317111012398531e-07
716 5.743413931996333e-07
