11 9.953132279095392e-07
19 2.066379656017543e-06
30 6.249688846314916e-06
31 1.943459125440024e-07
33 6.021673598409261e-06
36 4.733962974919308e-06
37 1.6643048514759338e-05
39 1.692164957594675e-06
40 2.4239105303589942e-06
43 1.3883656956383438e-06
59 1.0772025033157799e-07
113 7.368336675579596e-07
115 1.0401928587744682e-06
167 1.0860165803522836e-07
170 3.62146901523333e-06
171 1.0356671611059696e-06
251 5.266793813909713e-06
293 5.513695206009453e-07
296 6.604781841480158e-07
305 1.8358171014558265e-06
317 6.000253136896065e-06
322 1.907987121718289e-06
323 6.375590355373614e-07
324 7.5241030739451745e-06
325 5.5648175534384515e-06
330 1.5590549825199575e-06
331 3.939871837627049e-06
334 3.0568799773302916e-06
336 4.772565531880176e-07
340 2.1945578113178278e-05
353 1.270459645181478e-06
354 1.368152113521809e-06
358 2.51675117572494e-06
366 1.9827991011862857e-06
373 3.489691259104292e-07
377 6.398955524345776e-07
378 7.233277698592681e-07
380 2.243552623242883e-06
414 7.428397889501265e-06
416 2.267622616819296e-06
460 7.828309174921567e-07
464 2.2445259091700924e-06
468 6.199542572765894e-06
490 5.630060096471906e-06
495 2.8914448753059236e-05
498 8.170008638845542e-06
502 4.506927178346304e-06
521 1.0249454862270224e-06
538 6.373144859769111e-06
543 1.348041598622344e-05
545 3.671569852642801e-07
546 1.4972611700471607e-06
555 2.4052070423658435e-07
557 6.782561791059079e-07
560 1.0774610433603252e-06
567 4.58093320463018e-06
571 5.8838575118574794e-08
572 1.537061581319089e-07
576 3.442999339391637e-06
577 3.622459536285104e-06
579 5.130917289448153e-07
580 2.703241135446177e-06
581 8.456629870365619e-07
582 1.844220245961314e-05
583 1.1546598300971023e-05
587 1.6686192621856554e-05
590 1.2359473763363304e-05
592 4.806928744487912e-06
596 1.2292144808293082e-06
604 1.4408032065007212e-06
613 2.3307063021814634e-05
624 5.821846385015415e-07
634 3.793749094104351e-07
650 8.392246233272647e-07
661 5.805641145323811e-06
662 8.63973797136391e-06
663 1.7875098167009148e-06
664 3.6117899786439423e-07
666 4.3985494694563975e-06
668 4.525958677000347e-06
670 2.1845767285142484e-05
671 5.060125487590936e-06
673 1.9003752292394525e-06
674 5.988748048307801e-06
676 5.64647981011247e-06
677 1.5394240782796855e-06
684 1.4790788576036603e-07
685 1.6908196446030784e-06
690 1.1374871542104177e-06
691 3.5166417507107788e-06
692 7.007851525502905e-07
703 1.8101790019116594e-06
