297 2.6441221926054824e-05
343 1.1129589821443913e-05
357 3.7659428706302803e-06
659 3.115542220313324e-05
5 7.290195027709028e-05
518 1.3719322170741132e-05
128 2.0896377386417344e-06
342 7.362272871172369e-06
423 1.5473593420713529e-06
472 6.964855456348255e-06
595 6.939291466983265e-07
283 5.8936486855912825e-06
120 5.339524495831037e-06
276 9.6430845019479e-07
485 0.00013014572091893866
533 2.0425872354464952e-07
679 1.173021066178132e-06
221 7.336437215516328e-05
176 1.946808158205558e-06
306 3.4311013599909502e-06
25 3.5369597819369755e-07
302 1.311350094923039e-06
435 4.807965065750467e-07
480 9.22369410251773e-05
544 4.0841919952728305e-05
486 0.00033889167751158207
17 7.2803268560218615e-06
328 1.4519510392582156e-05
412 1.1650584267778547e-05
564 3.432071961107003e-05
593 7.033818619789059e-06
253 3.133978724234924e-07
257 1.7357226256776945e-06
565 3.1325336779855e-06
407 7.844846855384988e-06
42 9.894453987690962e-05
243 4.449802289969387e-05
1 0.00010559037779098395
145 1.0318575956411863e-05
160 4.5040226911270946e-06
234 2.395581486609813e-06
559 3.840255881243808e-07
547 5.194808153246944e-06
163 2.6670014025163382e-05
488 6.783897341348444e-05
0 0.00021457080523067825
3 0.0001477774801698254
21 4.308097486459381e-06
48 5.9616832975199155e-06
34 4.608445306724545e-05
667 1.4126513105411426e-05
226 9.001601846497031e-07
706 3.532976663140822e-06
149 1.586477842793672e-05
379 2.3486478231146488e-05
165 5.436997929972841e-06
252 3.7435044013746644e-05
561 1.4607246770307508e-07
285 6.819009753599243e-06
364 2.4943646389628463e-05
183 2.5436826811925434e-06
289 2.1749650910927542e-05
489 0.00035214245378451317
29 0.00018096663333961886
114 2.4396691283715908e-06
117 9.289878916610284e-07
124 1.2920021778018448e-06
247 3.487517202574681e-05
375 2.982081107297659e-06
568 3.3078247771854587e-07
682 5.900645965418317e-07
65 2.2542700228759486e-06
188 2.660550032692145e-05
158 4.062664522573276e-06
352 1.8315442317813947e-05
116 5.159774503416763e-07
326 1.912398635217614e-06
356 2.387499546306541e-06
370 3.48062415411867e-05
308 0.00010205919888008305
455 4.3645359609529586e-05
515 4.719494063934867e-06
484 0.00010721797221741328
665 1.2378363514241389e-05
524 3.0568400212592575e-05
566 2.2808622004594196e-05
135 1.7595737910372346e-07
139 3.8580049466320797e-07
250 1.974529544056936e-06
497 7.909009826437272e-05
225 5.091729875050958e-05
300 3.186627635523176e-05
512 1.4994289017689905e-05
60 5.695081306876415e-07
125 5.227635116172339e-06
189 9.171344025510024e-08
359 1.1803488385616057e-05
419 2.490090321038311e-07
514 3.8069941778661476e-06
201 4.814175869981871e-06
199 9.099062446477695e-07
431 5.606701228088253e-06
86 7.305592425529041e-08
177 1.1996636508782687e-07
185 7.730011589874435e-08
362 9.8549512168525e-09
420 1.0546742896626368e-08
445 8.844378911794661e-07
575 1.5479974608309702e-06
105 5.317306114311603e-06
552 2.437869596694429e-06
146 2.0603940217826905e-10
202 1.2904158449454377e-05
339 9.901112844028806e-11
428 4.659189310687326e-09
168 4.014040437088387e-06
164 1.8196143363638803e-06
491 7.359084370439345e-05
499 0.0004673629442162325
573 4.768873651158783e-05
482 1.081214014286677e-05
18 1.2802751000770024e-06
45 2.9635383192336443e-08
109 6.65001829776429e-07
110 1.0278245589343958e-06
140 8.186233897043452e-10
144 8.55585660326146e-10
159 2.938365585563077e-06
161 4.7672910092578875e-05
166 5.762513704042136e-07
172 9.975702010193591e-06
173 8.762188197282408e-07
174 6.525659988971825e-07
193 9.728041017673196e-09
278 6.042371359926285e-09
286 3.1487634024430065e-06
295 2.941489124145282e-07
315 5.578460274972329e-06
350 5.73274577789801e-07
363 2.175310901878351e-05
365 8.682788146175504e-06
368 9.206369654741365e-12
369 2.961482395471224e-07
371 1.0868991025666225e-07
394 3.727116555683787e-09
418 1.9329171148792629e-10
421 3.0203226675253786e-09
425 1.208871410288933e-09
427 4.54621628162722e-10
443 5.359689257730543e-06
457 2.8983044239865987e-09
481 0.00014060388882017723
483 1.2795553029914312e-05
548 2.2068749826048836e-05
569 1.4561113197384768e-06
669 2.353833633037392e-06
680 3.456636535324405e-06
709 2.9013474454022663e-11
2 7.75677319283507e-08
4 2.85467903751203e-07
6 3.1730992976535978e-06
7 1.3613391740277455e-07
8 1.6150681537303043e-07
10 0.00016148980628537339
12 1.0176918105021047e-05
13 5.289542731003117e-08
14 5.3234611858744864e-08
15 1.4684090036279574e-07
16 1.622182952970731e-07
22 1.8959994930602906e-07
23 1.2628711012785563e-07
24 2.025357503349605e-07
26 2.1265143967946237e-07
27 1.4223439095905551e-05
28 3.7791346987073295e-05
38 6.354131221828648e-05
50 5.427291012007456e-09
52 5.019766975033053e-07
53 2.4008449472360522e-08
54 2.5921795937929935e-08
55 4.116680223091269e-07
57 2.535820718701993e-08
58 4.91001833394961e-07
61 3.8502150137478805e-08
62 2.2193803342198798e-07
63 4.214580664612756e-08
64 1.6414327270220548e-07
66 8.850121541911964e-10
67 1.4674498923399353e-07
68 3.016527266991538e-08
69 2.0109192650123037e-05
70 3.0550569943040577e-07
71 7.680497948239983e-08
72 1.783596381505271e-07
74 6.256428928678496e-07
75 2.5732397422611994e-07
76 1.4520838635307953e-08
77 1.4520838635307928e-08
78 1.7535696528399496e-07
79 8.044323068314887e-08
81 4.04479570527898e-07
82 9.841289486897132e-08
83 1.1090772762579846e-09
84 2.3671785700963998e-07
85 1.157681689253135e-07
89 3.257408531529372e-07
90 3.7484462608367804e-08
91 1.1138336317908936e-07
92 1.105791154903598e-07
93 8.916210885821114e-08
95 2.233615315768611e-08
97 7.573213476249242e-08
98 4.4490224301404394e-08
99 3.0186168221091663e-08
100 3.211499115109968e-10
101 2.8508039817165787e-08
102 8.025337157080508e-08
103 1.614767271996372e-08
104 5.460323024559412e-08
106 2.0311054315256625e-06
107 2.1845139382624923e-09
108 2.2701842695303673e-09
111 2.4091276817485966e-08
112 2.970646977268783e-09
118 4.187866169731134e-09
119 1.2019394562059345e-08
121 1.2415318729080988e-08
126 3.732310147619764e-08
127 2.0153123860753853e-07
132 6.204908952950427e-08
133 2.968946588958774e-10
134 2.0087516335838606e-09
137 7.160388376472294e-10
138 1.721867029446558e-09
142 4.389345483001059e-10
148 3.807940777258234e-08
150 8.122900176331225e-09
151 2.234461621806168e-07
152 3.5289073327753385e-06
153 0.00010693830802484399
154 6.637417757884041e-07
155 2.1887592291404147e-05
156 7.528579522553207e-08
157 1.3230811076444507e-06
169 3.588437590504052e-06
175 2.8223263698925354e-08
180 6.879752655483029e-09
181 6.48738536906367e-08
182 3.837420109498665e-09
190 7.511588910542773e-07
194 6.73197799624666e-10
195 3.840427386809075e-08
197 1.650566519510133e-07
198 2.4386857395682947e-08
200 2.360815177966762e-08
203 1.9281570033389877e-07
204 2.734253409885522e-08
205 8.996488499146175e-08
207 1.274541924331079e-07
208 1.339139651371796e-07
209 3.979531459345772e-08
210 2.0234760879315863e-08
212 2.266306806711094e-08
213 1.4895074337984636e-08
214 8.74100395050994e-09
215 8.026034839128838e-10
216 6.575399217923518e-08
217 2.0871850557451916e-08
218 8.749125095037371e-10
220 3.021350045435202e-07
232 9.149253936997386e-09
233 2.6761214140502356e-09
235 4.430463022408865e-09
238 6.4831270318742154e-09
239 1.0159695379677443e-08
240 3.012791885612041e-10
241 4.725937635246947e-08
242 4.414328607641019e-09
244 1.3486646782199781e-07
246 1.4104379516437487e-07
254 3.19052669378421e-08
256 1.1380776353427428e-06
259 2.5827672943189776e-07
260 3.02097372797382e-08
261 1.498978010856981e-08
262 2.390348553711072e-08
263 2.5890046987387422e-08
264 1.5506784959704163e-07
265 5.0626440201695744e-08
266 1.3012323135813037e-08
267 1.3402296683072528e-08
268 1.6873509687913598e-08
269 3.004395075802351e-06
270 4.646877824433132e-08
271 1.2021412864867424e-08
272 2.1332737788672852e-08
273 1.0210326250315422e-06
274 1.3107402098055754e-08
275 1.918452061363412e-08
279 9.662002443726077e-08
280 7.938804728100254e-08
281 1.1913367235361663e-07
282 2.1117981933925556e-08
287 3.9019097629164434e-08
288 9.978021053824335e-10
290 1.6504530856858748e-08
291 1.4620280350944134e-08
294 1.8149972329897497e-08
298 1.9953890081143213e-07
301 2.3476547723290374e-08
303 2.1282949374894853e-08
307 8.566478086504027e-08
309 1.4774586440816895e-06
310 6.463225633772513e-08
311 1.5858626318526417e-05
313 4.228105334180671e-05
316 2.527596344766447e-07
319 1.5574888669122794e-07
337 1.885542169535965e-08
338 1.102928503588417e-07
344 9.337335632144818e-09
345 1.4628507132955987e-08
346 1.0017960148703592e-08
347 2.176555904308356e-08
348 5.399352963796188e-10
349 2.3524868263518344e-08
351 3.752153239528119e-09
361 8.933820681556865e-08
367 4.696734006144951e-08
382 6.203250947609639e-08
383 1.0588784097499666e-09
384 1.1106610730593186e-07
385 6.676305558284746e-08
386 4.037501167116291e-08
387 1.0343507783879645e-07
388 2.8803709540730927e-07
389 4.9487570068982285e-08
391 2.021210661294797e-07
392 4.077482534766147e-08
393 2.1626253819148236e-07
395 1.6777961979229994e-10
396 1.539248794641591e-07
397 1.2443061133843961e-08
398 1.3400100532211422e-07
399 1.835780388078593e-07
400 1.2442049269431374e-09
401 7.32468560169789e-08
402 1.0805833914962416e-07
403 1.2939978232548888e-07
404 3.405215190966113e-08
405 8.72394648308013e-05
406 8.912407883580082e-06
408 1.0835075513765672e-06
409 3.885258276420193e-05
410 9.223928466724644e-08
411 1.3877538351514192e-07
415 4.621935972476337e-09
422 1.0420428131864573e-09
424 2.1184013966163557e-09
430 2.571399636623387e-07
433 3.666060087532984e-07
436 1.5201249001742998e-07
437 8.44807413143372e-08
438 1.5835425509995183e-06
439 2.521186474243032e-06
442 1.3837939267865065e-07
447 1.2590322884949614e-07
448 1.222024968404631e-07
449 9.236584893629651e-07
451 2.478869363886563e-06
452 1.6291308908571394e-07
453 1.0736515336035171e-07
454 1.6294698133997472e-07
456 2.3549418031346095e-07
458 1.1452901961653958e-07
459 1.8169207241268354e-08
461 6.356499761334027e-07
462 3.0564569854425144e-07
463 1.2611430162535198e-07
465 5.369415730619901e-08
466 1.4065066281084584e-07
470 1.3612098965007393e-07
474 8.793892122698247e-08
476 7.513809483600024e-08
477 5.91228612046883e-08
479 1.8986633345772683e-09
487 3.405014012004756e-07
492 4.37389853585899e-07
506 4.162075629866624e-06
507 3.2020539522000644e-07
510 4.786504069348144e-07
511 2.1964899937052168e-07
513 7.399356597645442e-07
516 2.85296795245981e-06
517 8.97117004813723e-09
519 1.2700690897104228e-07
520 1.51151253815597e-07
522 1.2026134344757027e-07
525 2.2253974848521922e-07
526 1.2504493064275819e-06
527 7.714750845223007e-07
528 4.8502111710065075e-06
529 1.0876102999113468e-07
530 1.0470018061346614e-06
531 4.627370220021048e-08
532 3.306468063325472e-07
534 1.1789192365989676e-07
535 1.7600358144855777e-06
536 1.4368256848328468e-07
537 1.3487473457513e-07
540 1.679147353627946e-07
541 6.047950550726708e-08
542 1.0704193871682692e-07
551 7.782764351011304e-07
553 1.415486532438563e-05
556 8.383212634929926e-06
563 5.446405160179831e-08
597 1.211910478714759e-06
598 1.2738612679404347e-07
599 1.9094728614381074e-07
600 7.26285359637052e-08
601 1.4989467153304718e-07
602 8.490746905256544e-08
603 9.922540539931587e-06
605 1.6079427644192676e-07
606 3.4626814821026364e-07
607 0.00013715285967718814
609 1.1381273490882015e-05
610 1.6835887249654317e-07
611 9.363139134198839e-07
612 1.585965225361752e-07
614 1.540143292527355e-07
615 1.2632804159153036e-07
616 1.0028210570044432e-07
617 1.4176049579170572e-07
618 1.0659930119162436e-07
619 2.1730822293013693e-07
620 9.541559026480948e-08
621 8.349494352977263e-08
622 1.8054606548867015e-07
623 1.4090423592961557e-07
625 2.316850511318381e-07
626 1.8992505956034824e-07
627 2.5142714574864397e-07
628 8.347041105115392e-08
629 1.2472197095619222e-07
630 2.158151151364499e-07
631 1.4680079790491862e-07
632 1.4588792706556447e-07
633 1.3726628629064491e-07
635 1.2697678940982015e-07
636 1.4636935964258334e-07
637 1.6694753779684903e-07
638 1.299246582069668e-07
639 1.3351410597772288e-07
640 1.3989707624072204e-07
641 1.0151535329292273e-05
642 1.1169917421515262e-07
643 1.1173763847703102e-07
644 4.095038066788179e-07
645 1.4352258510939278e-07
646 1.869913743457263e-07
647 1.3524617032612092e-07
648 3.1997373170460923e-07
649 3.696930690387385e-07
651 1.2669550867922828e-07
681 3.900159256956827e-08
687 1.971572791556815e-08
699 3.3022379435504056e-08
710 1.936106928136301e-06
711 3.113825895070367e-07
712 1.0110317033678814e-07
713 1.2109600484206298e-07
714 2.283054638314118e-06
715 3.463031709457758e-08
718 1.3994067661690912e-10
719 1.2139680994059605e-08
720 1.0244184601750344e-08
