9 2.2917590477460023e-05
35 9.158947794819349e-07
46 4.39670783103033e-05
73 5.0291341818332276e-05
80 3.772703603700283e-06
292 5.769490163263143e-06
332 2.289242462363789e-05
374 3.351180273420404e-06
429 2.935036643263658e-06
493 9.373468954757493e-06
539 3.948418367456057e-07
554 8.429675066951136e-06
562 2.3052745497932065e-05
413 5.947315106940297e-05
32 7.825037103779608e-06
123 1.0984307653400124e-06
143 3.885845155518328e-08
184 2.866322599319554e-06
191 3.5287229574435733e-06
211 4.683733399628068e-06
245 2.0110774499208662e-05
312 1.982817821749658e-05
360 4.029188062541877e-05
376 5.700343564129761e-05
417 7.515964993857006e-07
434 2.20935803293962e-05
503 3.391804272714135e-05
504 1.8544804823698026e-06
505 6.664398897726677e-05
558 2.5350325068080587e-06
591 2.08597640316149e-06
702 9.523905215432784e-07
707 1.6272194192682228e-06
41 2.947182578709282e-05
372 6.972950632887486e-05
549 0.00010992985901093794
47 5.225125515636456e-06
147 1.1565114522912431e-07
192 9.917301477576971e-06
248 1.0508783628045784e-06
314 8.161001236179846e-06
321 7.3413615568880865e-06
426 9.031402425661263e-06
444 2.411738236433143e-05
469 1.5150914032110776e-05
471 1.8683144190069648e-05
478 1.0858774209486993e-05
588 2.1467358700276993e-06
672 9.870734052000835e-05
675 3.164812754300964e-05
686 4.2932576719573636e-06
705 4.738217966900783e-07
717 1.540396084462449e-06
96 3.0305452879509043e-05
327 1.7323072020963642e-05
654 6.027650479285824e-05
88 4.406097934119705e-05
141 1.6590975612944073e-06
162 2.008081750988615e-06
178 3.446383928984644e-07
206 6.788144990514343e-07
231 2.175947680331474e-06
249 3.4344278580848226e-07
258 4.9918727331818544e-05
277 3.611071808411216e-06
341 4.168528811316362e-06
608 5.484783528804719e-07
657 1.010490545467418e-05
695 1.0467404472817839e-06
122 5.063824114969799e-06
574 8.054082274809577e-05
701 1.2132836738621373e-05
87 0.00016462202266656536
299 4.4257298233624433e-07
304 1.55697678575438e-06
318 6.9883330059982485e-06
355 8.053401466772377e-06
440 5.047655859634055e-06
473 5.750354986368034e-06
496 4.6863667492234245e-06
508 7.768994057449805e-06
589 1.114547277692416e-05
653 2.63599652009198e-06
693 2.9919571391130424e-06
696 9.961308416752198e-06
494 1.147991386218917e-05
578 7.165598912968433e-05
655 6.147489320299394e-05
523 1.7367040407863472e-05
196 1.331048250663707e-06
229 1.8828238811973454e-07
390 7.184026976669551e-06
509 4.368213661147096e-06
652 9.15572954654421e-08
660 5.41327403648466e-05
683 1.8834082628292744e-06
329 2.246523229231252e-05
56 1.6953666085779027e-07
131 3.3902952177764157e-07
284 1.9863364511241015e-06
333 8.55548793043973e-08
467 4.9201997568946975e-05
708 7.957455171154771e-07
129 1.7275178363274037e-06
130 1.576325117765446e-06
228 3.189984006139876e-06
230 2.406248868856052e-06
320 3.5234701982465475e-07
450 2.069377047926939e-06
49 2.0993228438376647e-06
222 2.1566574111832647e-06
236 2.864174814162467e-07
255 7.521071583244145e-07
335 4.414820983160182e-06
475 1.2094132863321983e-05
658 2.225644162663552e-06
20 3.3747709662029273e-06
44 3.532484712862936e-06
94 1.86984188844192e-06
224 1.062886125366272e-05
237 2.2138954099836253e-06
586 3.4691058553635936e-05
694 1.6539486113735108e-07
704 2.6854187630887794e-06
716 5.689183563867948e-07
446 7.155778349129679e-05
219 4.312038432896486e-06
381 9.858108729294133e-07
432 6.938059320187409e-07
570 7.637543537129865e-07
585 2.8741435816753264e-06
656 1.1138138952714056e-06
698 2.2318638993534366e-06
136 5.604968633741725e-07
186 1.5086738547404386e-06
227 1.5045550238901052e-06
500 3.582657926520557e-06
501 0.00010042384252550749
550 4.026276170375809e-06
179 4.295134225478608e-07
187 4.7136422172264867e-07
441 6.322805223664576e-06
700 2.743701082789143e-06
223 5.2059059116831545e-06
678 8.943100691050152e-07
688 1.0672598539219215e-07
697 1.6700796254144704e-06
584 2.879716209960213e-06
689 2.217796241277926e-06
594 9.05983112079281e-06
51 2.8881349700310513e-06
