17 7.66568258245654e-06
33 2.4761841142218156e-05
37 2.4586921941661368e-05
39 3.225805636449663e-06
41 2.6662114080193158e-05
59 3.0757380882595556e-06
73 5.904135202217451e-05
136 2.939168833045894e-07
167 2.6156528505104446e-07
179 9.523809035402602e-07
187 2.880949102764883e-07
196 5.848583351608072e-06
219 1.323018398553667e-05
223 8.90179034423871e-06
228 6.398319727822169e-06
231 2.501197467976774e-06
277 1.7321598285207413e-05
296 2.4090668851060748e-06
305 4.695647987914315e-06
317 2.0014260570022504e-05
324 1.470833340906095e-05
325 1.2822280247901086e-05
330 3.07027481259894e-06
341 4.2924956817699e-06
354 2.0946085965557354e-06
358 1.7304347430614567e-05
360 3.819923197545623e-05
366 5.8131957286282395e-06
374 3.7035896718538705e-06
376 6.06710947378501e-05
377 1.3888342668489321e-06
380 3.5981953791697157e-06
381 1.4484345355681833e-06
414 1.799362259804835e-05
441 6.7490655271584615e-06
450 3.217508003414797e-06
460 2.8044136926035532e-06
471 2.156026566307417e-05
475 1.4149421331322116e-05
478 1.3333587227040617e-05
483 1.960355201070327e-05
496 6.442130544115432e-06
498 1.3647572086198104e-05
501 9.265348701857641e-05
538 1.8852736051465734e-05
550 1.4405489839631737e-05
557 1.0395021094604023e-06
558 3.1375720647441677e-06
567 9.537632722920163e-06
572 1.1140283477046605e-07
577 3.3639380999857036e-06
581 1.9497214541903404e-06
582 2.4235702466506118e-05
613 2.162973619717819e-05
624 2.490875303577699e-06
652 2.6806266775171037e-07
653 3.6955552495142502e-06
657 1.1540454475822284e-05
661 1.0372155928067048e-05
663 7.208167585062217e-06
664 2.2728918871740913e-06
668 1.768847903565229e-05
670 2.934708536653468e-05
672 0.00010912609824842253
674 5.156435492505741e-06
676 1.5541827256341682e-05
683 2.529821878552607e-06
684 2.313554475974114e-06
686 3.626322268962355e-06
689 9.776770145805856e-07
691 1.0583461052586949e-05
694 6.966777266004865e-07
696 1.1588665245551276e-05
698 3.038180977673191e-06
707 2.450332710003221e-06
708 6.78407958254914e-07
284 2.0476744119254554e-06
