20 3.7240938993189126e-06
30 1.6608444820286973e-05
31 6.752531163655742e-07
43 1.8411128575310183e-06
51 3.942358567254669e-06
56 6.965662541790606e-07
88 4.421751597750122e-05
94 1.898172571168696e-06
96 3.400215670741695e-05
130 1.2026715558558347e-06
147 5.79612079591856e-07
170 5.043156783684582e-06
171 4.095246818806565e-06
178 5.856909241910604e-07
184 5.2661706972476694e-06
186 3.976601132497429e-06
222 1.677987142136493e-06
227 1.363860342146485e-06
229 4.1159096775264935e-07
236 3.852015992667423e-07
237 2.1692693026939736e-06
248 1.5773388880214398e-06
293 3.629429230896394e-06
299 6.978681420310906e-07
314 9.90167219145265e-06
318 1.1611658303245567e-05
320 4.723468350682231e-07
327 1.9479116762516357e-05
331 4.024440018233655e-06
333 6.956991655881799e-08
334 9.352955601744471e-06
335 4.044646461508698e-06
336 1.427562731380991e-06
340 3.230778910472587e-05
355 8.428533875579305e-06
373 8.496395882563627e-07
378 2.1694125071236864e-06
416 3.967527447114524e-06
464 4.424331211271831e-06
467 4.90494226989553e-05
468 1.7348131476336407e-05
469 1.606107206731402e-05
473 5.415143241229349e-06
490 1.1102387378814801e-05
494 1.0845635501021016e-05
495 4.3643411494430546e-05
505 8.422794224751418e-05
509 7.795320467067234e-06
521 6.063911928759043e-06
543 2.677873946658981e-05
546 1.7008453130226095e-06
560 4.702282645990611e-06
576 6.356191203379388e-06
578 7.866059579921022e-05
579 1.1787641777273563e-06
580 3.0806607878017312e-06
583 1.2121978700937011e-05
585 3.1417781445630042e-06
586 3.4790749663394706e-05
589 1.2406655448752619e-05
592 1.243104776161428e-05
594 8.591110923052061e-06
604 4.172341613237405e-06
634 5.845669961111137e-07
650 5.230509426218102e-06
654 7.033433775591629e-05
656 1.7270474295931996e-06
660 6.202807999241033e-05
671 9.124587550693378e-06
673 5.277487695754527e-06
677 7.4702831248146226e-06
678 2.6483386618726714e-06
685 2.8230678354201466e-06
688 3.400264614951759e-07
690 4.32687648381354e-06
697 3.3775595534984325e-06
700 2.0865802184074534e-06
703 2.9890235642878676e-06
716 6.135647762024063e-07
206 2.291447294837205e-06
115 9.543855610413374e-06
224 1.3254082789997506e-05
