343 1.3978752857775198e-05
122 1.0016779078719662e-05
591 2.407696451237593e-06
695 1.8268648838392943e-06
429 3.7806307922044544e-06
80 5.631024918659122e-06
120 9.190413709275532e-06
283 6.612035801452456e-06
472 6.959504174643005e-06
539 5.729219583272378e-07
574 8.85760313388414e-05
669 2.5070472726548258e-06
701 1.5907982108289362e-05
221 7.471504242010078e-05
372 7.063929417884197e-05
523 2.688837493144838e-05
564 3.6423645743622846e-05
570 1.9961485088901508e-06
0 0.0002970418067922896
5 6.248708958815238e-05
247 6.157126527225553e-05
276 1.4985292739203537e-06
412 1.1653414919705551e-05
485 0.0001596218686563552
488 8.7764308092853e-05
515 1.297759763805451e-05
679 2.1822328233752544e-06
544 4.3346579268443984e-05
6 7.398051519801058e-06
21 7.0492410957398976e-06
42 0.00010070440112040197
158 4.714077676519583e-06
160 4.9374058836519195e-06
162 2.3527458299195284e-06
234 3.2861090403580666e-06
285 8.166551270641399e-06
292 8.625256779780484e-06
306 3.1335283315104277e-06
407 1.4586777714141383e-05
426 8.413371804429633e-06
482 9.528800980955493e-06
489 0.00039905600725273
493 8.293963070203682e-06
587 2.6808092631200838e-05
658 6.472873955280795e-06
97 2.4254525883717064e-07
116 6.347596112083164e-07
117 1.504408851372331e-06
169 3.634608723158256e-06
252 4.1924254169535706e-05
300 2.767459164691785e-05
356 2.7414656274684997e-06
362 1.4473078344781089e-08
375 3.5989929034360665e-06
379 2.3332866834539508e-05
413 6.798654677713286e-05
420 2.194395257236209e-08
431 7.353552447981643e-06
446 7.930468495835079e-05
512 1.924644731793946e-05
665 1.4498061208295935e-05
91 2.9185446281807966e-07
100 1.7534892469899287e-09
641 1.1897321691672317e-05
10 0.00016921396735535566
29 0.00020824522668266629
60 8.692681868898048e-07
65 3.413017481364969e-06
70 5.416511576829772e-07
131 1.245929547029025e-06
139 4.411412687750984e-07
164 1.6873323765039038e-06
181 8.617264533571049e-08
185 1.3710981634176835e-07
189 1.8389092247614318e-07
191 5.46484280696802e-06
201 5.380939650972753e-06
253 3.5225308021868797e-07
294 1.7034271504408384e-08
307 9.018045694337265e-08
321 7.419796104260128e-06
322 6.5037755751792384e-06
352 1.8788996790278648e-05
364 2.1591518177629454e-05
390 1.0261318067476947e-05
455 5.182425470884213e-05
474 1.0541065515845436e-07
476 6.212731059215087e-08
504 2.4417048370616584e-06
552 2.801759929438899e-06
575 1.7481182622168288e-06
595 9.79105510330727e-07
609 1.1967465609587407e-05
642 3.741375182583598e-08
655 6.817426536589925e-05
667 1.3460431916875195e-05
680 2.930573381470775e-06
7 9.443202249589055e-08
54 2.4492983573518012e-08
63 4.498087263768956e-08
90 9.944450657397258e-08
95 1.1220933584921176e-07
103 4.136308147491332e-08
108 3.2684352917337758e-09
134 1.0445476166390333e-09
233 3.903490359078473e-09
238 3.750047307415398e-08
241 5.064857281033922e-08
265 8.327206312497067e-08
267 1.519973148204116e-08
274 1.8262433951122077e-08
281 1.8814730494158357e-07
298 2.477490337468119e-07
326 2.128769503491985e-06
348 7.75456895979766e-09
350 6.003077020703166e-07
363 2.8850246623347612e-05
395 2.3650986352919404e-09
406 8.580066011374802e-06
525 7.238782628994133e-07
527 7.499177775428047e-07
529 2.46503155948935e-07
531 2.2478954747890164e-08
542 2.7675690779555955e-07
600 9.158060212537895e-08
602 7.306088861194497e-08
611 1.005558375443008e-06
681 8.247844760998142e-08
715 1.5072207320398744e-07
4 2.922978476832906e-07
15 2.8711397452813457e-07
23 9.283570984559326e-08
26 1.9863896849539497e-07
50 1.4812210567001957e-08
53 2.7005663578372657e-08
58 6.702815775131487e-07
64 1.2850569899912808e-07
68 1.0244401664708206e-07
71 1.714849433911914e-07
74 5.14540100889711e-07
81 5.329138654372162e-07
84 6.078728363132048e-07
89 1.259062558913087e-06
101 1.8736455540011303e-08
109 7.620481034208048e-07
112 4.636724789484719e-09
119 2.106284888415515e-07
125 5.369380512781328e-06
127 2.307344389184555e-07
137 6.517653390349114e-10
140 4.6964019102732435e-09
144 6.014092010247367e-09
150 1.2436865157570807e-09
168 4.297869301984848e-06
174 7.250294412752334e-07
177 2.8148493987185834e-07
182 3.2355298789975924e-08
195 7.215378458460657e-08
198 1.1440468903363713e-09
200 1.9854991698730295e-08
205 1.1044071478346483e-07
210 1.2074611524702962e-08
215 1.2924756394712886e-09
240 3.5272355573795576e-09
256 1.1249841793603758e-06
259 2.4328078828408087e-07
262 5.600836647779392e-09
264 1.4213823760065183e-07
279 9.216528329522689e-08
282 4.095287263825409e-09
287 1.3778114860039884e-08
290 3.591682370618594e-08
295 3.258767603881554e-07
309 1.4585396851124177e-06
311 1.914849932782655e-05
337 2.944763233400953e-09
339 4.635276072188195e-10
345 3.633429884316805e-09
347 1.058184018056609e-08
367 5.2959351092727166e-08
386 1.480290251067089e-08
400 7.104814124177234e-09
404 4.906237872545946e-08
415 3.435600523170177e-08
433 5.747787443482129e-07
437 4.0129221804530034e-08
439 2.3900100422831714e-06
443 6.303615092172661e-06
449 1.4439408697920033e-06
452 7.016772247405608e-08
454 7.370932853995243e-08
457 7.201189549952543e-09
461 6.810857326807504e-07
463 9.578250674400356e-08
466 4.204196053102995e-07
479 3.451197342334345e-08
487 3.423902526411151e-06
499 0.0004569927563277289
510 5.916274861251609e-07
524 3.139455406964975e-05
534 7.07204199305636e-08
537 2.1358657455654895e-08
541 9.785066680891144e-10
573 5.047411495265091e-05
612 7.967896801367961e-08
615 3.78396589578234e-08
617 9.74397327566332e-08
619 6.918132203061895e-08
621 5.770293311880963e-09
623 8.093528153529461e-08
626 1.387032774905581e-07
628 1.4724058784322506e-08
630 6.710542886612528e-08
632 9.204966255911481e-08
635 3.04353381978774e-08
638 1.7725980064450723e-08
640 1.8864757719025268e-08
644 3.491530360256486e-07
646 4.518556294141541e-08
648 2.0586666121024606e-07
651 1.682387149241291e-08
699 8.046271730590066e-08
710 2.349027971495002e-06
712 3.6538423881544394e-07
714 2.1151070850911328e-06
720 2.8644517507027223e-09
8 1.8885150290828907e-07
61 5.458906960372448e-08
66 1.7463037036785839e-09
92 2.1949264761874686e-07
104 4.66124079908733e-08
110 1.085226947660151e-06
217 1.3403034246797748e-07
235 1.8139310582985574e-08
239 1.97295297660349e-08
260 1.1799606097898797e-08
266 4.579021554942951e-08
272 6.377333148349207e-08
278 4.680411564662407e-08
286 3.195545931570107e-06
303 2.2595436265597677e-08
319 1.0407867711320579e-07
349 2.3312086594065394e-08
361 1.0105470184791961e-07
365 9.193272204948858e-06
371 1.3518393559581285e-07
405 9.206987874933089e-05
492 6.479464390801964e-07
507 4.402309752498279e-07
522 4.866952032780041e-08
526 1.8761430774361254e-06
528 7.03864092194765e-06
530 1.224543917293759e-06
536 3.9849711439563436e-07
548 2.514023716223052e-05
598 1.7839714454949253e-07
601 4.2416906321406895e-08
603 9.95124757959792e-06
607 0.00012355560769883507
636 1.2777614537733996e-07
2 4.773467656396011e-08
12 1.1063615035903846e-05
22 1.4119267354306932e-07
24 8.014107664552655e-08
52 4.3578732490566345e-07
55 2.8433936906062194e-07
62 1.9735488860541455e-07
67 1.0685908596722488e-07
72 4.0836606639918155e-07
75 1.2470074464878218e-07
79 1.9422723972833624e-09
85 2.4741971393442355e-07
93 5.445336163712345e-08
107 2.926555067744717e-10
111 2.6974194572668523e-08
118 1.0556206514691569e-09
121 6.459740158228335e-09
126 3.6706582277732334e-08
132 5.3405494680108554e-08
138 2.3554333635689163e-10
142 1.5185380908329016e-09
146 4.727892114664458e-10
157 1.8509137720081098e-06
165 6.22785399178072e-06
173 9.287752863308144e-07
175 2.5975628871078153e-07
180 9.938332242142006e-09
193 3.982459563889026e-08
197 1.6707725393654921e-07
204 1.1531870454346463e-08
209 6.791771652343322e-09
214 6.794958875724019e-08
218 3.738270283641109e-10
232 7.719253061643297e-09
254 5.876406730517871e-09
261 1.3511482281202581e-08
263 4.9245091753001075e-09
268 4.248325303872397e-09
275 2.501251371392124e-09
280 4.7664324188342646e-08
288 6.694275604813499e-10
291 1.0691476944477201e-08
301 1.1091537834322805e-10
310 2.1541392257966518e-09
313 3.2927525289653075e-05
338 1.2131891363355982e-07
344 1.18155421948917e-10
346 1.3326123794854565e-09
351 1.4957230114307595e-09
369 3.1612931908249797e-07
385 1.4150064696574938e-08
392 2.1182290192767953e-07
394 5.566391612270818e-09
397 1.9248945550156484e-08
399 4.499075472999341e-07
430 1.6219745213151495e-07
436 1.663452073243405e-07
438 1.5032745677118986e-06
442 5.2093566671802944e-08
451 3.0960759678509937e-06
453 1.4258301249418326e-07
456 5.237311432174591e-07
458 1.9253330532426059e-07
462 2.837584257808349e-07
465 7.2497385535909025e-09
470 4.8281805324938484e-08
540 3.345522017538292e-08
599 1.2110553766677384e-07
610 6.026290643567071e-08
614 3.798084833755154e-08
616 6.158941343676183e-08
618 1.8834218890114553e-08
620 9.709812320572143e-09
622 9.903044329266702e-08
625 1.0699553853444967e-07
627 2.172990257697891e-07
629 1.875157308690561e-08
631 3.5662321365914877e-08
633 2.307093957105296e-08
637 2.3091042754311445e-08
639 3.025324891758777e-08
643 3.756933586781447e-08
645 4.338500957007388e-08
647 1.744573931349945e-08
649 2.502703938402667e-07
687 8.63799018849873e-08
709 5.404614189831232e-10
711 3.5980948288009e-07
713 9.655780785416166e-09
269 3.0638624721902307e-06
315 7.402054855357707e-06
45 1.0121878852009714e-07
86 2.2196133095272844e-07
445 1.1194518203097146e-06
477 1.4382527021165636e-07
13 1.1467416830004393e-08
83 5.656910951597561e-10
194 1.2939637579975582e-10
203 4.0274257575944253e-07
212 5.0074656639425324e-08
220 5.147940372684352e-07
368 2.3642643278459026e-10
447 2.9321055145452014e-08
484 0.0001294034158665252
506 5.300135819448653e-06
511 7.247421243071077e-07
597 1.3049612017145858e-06
606 2.9786151338922014e-07
78 1.485680810523883e-07
190 7.678336967688347e-07
273 1.1190079001497695e-06
316 2.9550820913039817e-07
382 8.619180605565389e-07
388 5.162158462000072e-07
391 4.942750129506992e-06
398 6.850215937158418e-07
418 6.462998073807347e-09
425 1.1458142882616553e-08
98 1.3430312321624492e-07
102 1.5702302934720771e-07
159 3.6142216385473357e-06
172 1.112432652957572e-05
207 3.1698142297981176e-07
213 3.560735906337544e-08
513 1.5736622489550529e-06
517 4.823815306667099e-09
16 5.439762265925634e-07
38 5.182977444037213e-05
69 1.980068114816419e-05
82 3.9078439437022636e-07
329 2.624222082942649e-05
387 6.62873973301845e-07
389 6.804167709509497e-07
411 4.9225327095842484e-06
422 2.3693552646165258e-09
424 5.1747637492943454e-09
427 1.1220397186802507e-08
448 2.585733222064757e-08
532 2.8175313483045744e-07
718 1.3066073055088716e-09
124 2.7397005552086867e-06
565 5.690122378929249e-06
156 7.112484873428995e-08
410 1.2928908000511106e-06
3 0.00014162058994906073
57 3.4295648725387585e-06
135 2.343410658558318e-07
152 4.175373077800109e-06
183 3.0928308878032724e-06
409 3.5314556536477704e-05
497 8.712789725402769e-05
569 1.704559333992255e-06
114 3.1496435514380147e-06
553 1.6900237106696728e-05
559 4.805194019218673e-07
561 2.2014532906962385e-07
18 1.316921500125338e-06
99 5.019313598083092e-09
166 6.302220633153354e-07
208 3.0671090270141413e-07
244 5.990326671822737e-07
271 3.51200780147834e-08
719 1.9362252897894922e-08
28 3.613580535047809e-05
76 9.318125302833803e-09
161 4.4485782141446334e-05
384 3.587001965995212e-06
393 3.385787632877719e-06
396 2.4025532379751236e-06
421 1.9385664129326795e-08
428 2.0696048461764267e-08
605 5.1003778046268546e-08
14 8.12728633841397e-09
106 2.4416737917326506e-06
133 1.9160201600068148e-09
148 1.6332394736024915e-07
202 1.4596767591093503e-05
230 4.202986136809061e-06
270 5.833128347334516e-08
459 5.723319814185281e-09
77 1.2202605290860672e-08
151 1.0318559221809555e-06
155 2.6646939312368564e-05
199 2.7158448382534104e-06
408 3.804052792749316e-06
419 3.389453087599688e-07
481 0.0001801950349891498
535 2.6283936667375906e-06
556 7.66140623882128e-06
403 1.2540836486455833e-06
435 8.274040826501492e-07
682 7.186362384568959e-07
225 4.454976718971343e-05
25 4.072990240224876e-07
216 1.0195876437866954e-07
516 3.0715866583808845e-06
402 1.8018060875969526e-06
242 3.1108174886941545e-08
27 1.343993727830036e-05
401 1.9043091742833204e-06
246 4.441949323597314e-07
520 3.389732563866093e-07
289 2.264847027216559e-05
308 9.033302980484134e-05
105 5.678194181349529e-06
154 1.5543864093710858e-06
359 1.2044902628188225e-05
519 1.7159530863739963e-07
551 6.947327367031525e-07
563 2.8886079372838863e-08
250 2.177660358879052e-06
357 3.497976715915724e-06
188 2.6839893090590348e-05
383 5.617844674395715e-07
491 7.870031564871835e-05
518 1.8923036742717577e-05
568 4.0426445921879663e-07
128 3.0699634762626555e-06
302 1.7219212255770651e-06
480 0.00010788417090364799
1 0.00012876818119554777
153 0.00011927644139429343
370 3.327873780686005e-05
706 4.205863917127005e-06
566 2.3677332200697706e-05
514 5.383325062290972e-06
342 8.30013457621428e-06
34 4.503982723198732e-05
163 2.5971661468167935e-05
486 0.00035676313015302547
257 2.007521537324935e-06
149 2.146212553877662e-05
226 1.2224249977861521e-06
145 1.1229853792705967e-05
423 1.7950201144862076e-06
297 3.376321191597264e-05
533 7.825433144230603e-07
328 1.1527048537380332e-05
