571 1.3782531855328976e-06
11 1.5681300658932786e-05
353 3.003642038624083e-06
444 3.8991223830476255e-05
9 3.3182131027470193e-05
46 4.3699691948180465e-05
129 2.420043403864644e-06
555 4.096380271450469e-06
255 4.704670501803903e-06
47 5.213922678686513e-06
49 2.1240553007146592e-06
141 2.152418014761428e-06
323 9.173952951307578e-07
440 6.4699424029518185e-06
675 3.418296405452142e-05
702 2.233556399979879e-06
704 4.2837704631383074e-06
19 3.0511154279991707e-06
32 8.970933591360085e-06
48 5.722540210714165e-06
36 5.491463544362288e-06
40 3.963080174179155e-06
123 8.865157588733437e-07
251 7.173469085559204e-06
258 4.638693145946892e-05
312 1.760321499742323e-05
332 1.7266290849199634e-05
500 4.229784752903427e-06
562 2.3215088412471602e-05
662 1.630079319965781e-05
249 5.391384441618213e-07
434 2.7330174184548727e-05
608 2.026060742723474e-06
588 2.772269944955743e-06
692 1.2261639647825256e-06
44 3.3219216575931556e-06
143 9.854685808832708e-08
176 3.1367238078391115e-06
192 1.0761550563776367e-05
502 7.342452624478402e-06
503 3.4739239242649516e-05
545 1.4169286884923684e-06
547 5.648887574438574e-06
549 0.00011097403321947738
593 7.805694450345145e-06
659 2.8106470394111248e-05
666 4.666394286266968e-06
693 2.5967429047519504e-06
243 5.1886770912506857e-05
113 1.9986436892097527e-06
304 1.527555682742861e-06
596 2.6095537000735497e-06
35 1.1354180858620312e-06
87 0.00016813520047042534
211 5.217275248218023e-06
432 1.8839137720465176e-06
554 7.668489027748697e-06
717 1.796602911399465e-06
245 3.0236851132841103e-05
417 1.205020294937825e-06
508 1.3389237489812252e-05
584 5.886608202100407e-06
590 8.407888078839182e-06
705 4.654559320495248e-06
