224 1.396719087648899e-05
297 3.398290809473323e-05
695 1.8267121856471462e-06
128 3.796818719805678e-06
302 1.932234986847775e-06
472 7.008644656738253e-06
539 6.647439483700251e-07
574 8.755268007102345e-05
669 2.4776825358674505e-06
47 5.984449198396085e-06
80 5.694401175556624e-06
120 9.405721704649348e-06
251 1.938856884732261e-05
258 5.050889505565829e-05
283 6.629707516211561e-06
332 1.750352944476449e-05
500 5.107868749797797e-06
565 7.780628903300902e-06
675 4.014770130276685e-05
682 7.658344713260519e-07
701 1.6088668095025434e-05
206 2.376223379743093e-06
0 0.000293080994383067
5 6.274504151141469e-05
32 8.900447468075854e-06
48 6.259288795464307e-06
124 3.987380207744945e-06
312 3.700147827152074e-05
370 3.335284045115145e-05
412 1.2411643367755913e-05
515 1.572073166946383e-05
562 2.9833881510842755e-05
679 2.462770400517653e-06
123 4.618663709842098e-06
183 3.6845717284755757e-06
216 4.7311940862145766e-07
242 1.4348484920010894e-07
270 4.015076401235679e-07
342 8.407288717547231e-06
356 2.79413818477849e-06
379 2.2942736206805965e-05
409 3.687413538546891e-05
485 0.00015862697150033546
488 8.746930837173853e-05
502 1.2594815491906017e-05
519 6.174246648698848e-07
520 2.262402072619814e-06
547 5.872443468504622e-06
551 1.2203892687124917e-06
563 5.54859027684661e-07
569 2.1905714891748425e-06
457 1.6399613208318175e-08
14 5.294925876656646e-07
133 2.817559978948244e-08
192 1.4199330603231686e-05
247 6.163026814591345e-05
269 3.4688378279673563e-06
300 2.7856090968215127e-05
315 9.210289766513647e-06
435 8.417077854875914e-07
497 8.8637889856319e-05
503 3.9522788482068596e-05
516 3.992091301792615e-06
593 7.960341233616636e-06
659 4.416708777313333e-05
719 1.5967171722634667e-07
76 2.0199214248309353e-07
77 2.1287092934325794e-07
156 5.259813993549957e-07
403 1.741294309045616e-06
36 6.986730564977576e-06
40 5.8305279580797705e-06
99 3.055452211660181e-07
116 7.098027696469977e-07
149 2.1053663280867574e-05
154 1.8001725492833725e-06
176 3.454632957111109e-06
226 1.1748448971998685e-06
246 7.515229833863203e-07
271 3.0574347458554264e-07
276 1.8682425689859688e-06
375 3.820585585084497e-06
446 8.18599294516539e-05
459 1.901348543975239e-07
486 0.0003510526075797373
512 2.0615177947873808e-05
533 8.055527329569163e-07
549 0.00013022816515128308
665 1.4406533425343072e-05
693 3.124015113805056e-06
126 1.211008833411102e-07
127 2.8824637258930065e-07
605 9.60917534776786e-07
456 4.691912636886623e-07
458 7.358835017494936e-07
3 0.0001394559470139576
25 4.1130041848139124e-07
35 1.2266764817711491e-06
44 4.277811847075485e-06
57 3.5160444508746902e-06
87 0.0001821583673667341
97 6.531828249451177e-07
98 5.769614882212185e-07
102 5.278341224244087e-07
105 5.6575321435335866e-06
113 4.883375788139057e-06
117 1.7990870584494923e-06
135 2.7045546455086715e-07
143 1.3587828933469065e-07
152 5.338892288685112e-06
169 3.6189497032215484e-06
172 1.1234486330660098e-05
208 4.090470718236977e-07
220 1.029642924346191e-06
230 4.392106866528991e-06
244 6.511340538214638e-07
252 4.157238260600734e-05
278 1.9812895838899688e-07
328 1.1281734736247637e-05
348 9.017904921134798e-09
359 1.193468615141264e-05
362 1.8402887653997656e-08
363 2.8714795396190897e-05
406 8.853198354211909e-06
413 6.746637124652347e-05
420 2.659285787165116e-08
431 8.131878800346642e-06
513 1.900856100518339e-06
517 5.210792861510718e-08
525 1.1961055287762242e-06
544 4.276175469657707e-05
548 2.4851542744836907e-05
554 1.5149655033573821e-05
606 1.4747871279751903e-06
607 0.0001228186418185768
666 6.041018832918476e-06
715 4.896894922104731e-07
194 8.643214640651693e-09
596 3.854890661665361e-06
1 0.00012601231034276223
7 3.3072041648532607e-07
8 2.1529283657142268e-07
13 4.3481143216200677e-07
18 1.3024708380051547e-06
54 7.732789077336203e-08
61 2.617648101515492e-07
66 7.694818145867215e-09
83 1.757865355677842e-08
90 2.615680688602175e-07
91 5.512367291014601e-07
92 5.083932658164148e-07
95 4.8080585269229e-07
100 1.5009758290883832e-08
103 1.6712391233904358e-07
104 9.851536806706236e-08
106 2.5015272374285975e-06
108 4.045671346136968e-08
110 1.0968865076335441e-06
134 2.110253433936525e-08
144 2.237483510407349e-08
148 2.1276892475421172e-07
159 3.6687597951731825e-06
166 6.269870512738357e-07
202 1.4362091465980154e-05
203 6.865785027203615e-07
207 4.210243896447185e-07
210 6.259383919310011e-08
212 3.452014134759595e-07
213 2.390043419459816e-07
217 1.0104689119222582e-07
218 9.884201052929242e-09
233 1.968142254948496e-08
235 2.1288168316618526e-08
238 2.474994371885481e-08
239 3.727478675673825e-08
241 6.222244672368159e-08
243 5.659313002131939e-05
260 1.0669373744825124e-07
265 2.600394446281496e-07
266 2.0970529641393364e-07
267 6.345108538135282e-08
272 1.5860484385611652e-07
274 1.036908614000845e-07
281 5.089341992427773e-07
286 3.2702844095978968e-06
298 3.410435827008925e-07
303 9.856818220607895e-08
304 2.088021242461745e-06
319 4.690373672465297e-07
326 2.2167897565163773e-06
349 7.820010498815923e-08
357 3.436191008364582e-06
361 2.0601321546569752e-07
365 9.119595103726018e-06
368 1.0979912841422068e-09
395 2.2040014191461807e-08
405 9.11361937408018e-05
432 5.4540792889417535e-06
447 5.913085858883039e-07
481 0.00017771826706360064
492 6.873461246607087e-07
506 5.7076982899888945e-06
507 8.195721137089595e-07
511 9.821400580982363e-07
522 4.029069630280743e-07
526 2.136180319847271e-06
527 1.1041229535973447e-06
528 7.865285763497206e-06
529 6.054078295777563e-07
530 1.7975077014917512e-06
531 2.1594630530981444e-07
536 7.831072201243941e-07
542 7.193771243963628e-07
545 3.1039994089551692e-06
566 2.3433698554808617e-05
597 1.3219249174509513e-06
598 2.2363964776799426e-07
600 3.241538860693953e-07
611 1.8849147548246043e-06
636 3.129632343098459e-07
641 1.2304776410061439e-05
681 9.710483426604234e-08
717 2.216964606746198e-06
2 1.1701204087719844e-07
4 2.920342285943741e-07
6 5.568485206216291e-06
10 0.00016644856196084936
11 1.8337008103588026e-05
12 1.1151914266722593e-05
15 3.7761883471404287e-07
16 2.1611920340802128e-07
17 7.56621749205099e-06
19 3.879586677234278e-06
21 6.902229762999262e-06
22 2.3945302122299703e-07
23 8.136030501311367e-08
24 2.1839204288440715e-07
26 2.3594244886481653e-07
27 1.2699880353139988e-05
28 3.471255159180913e-05
29 0.00020493488727818342
33 3.352504691585972e-05
34 4.375381190677625e-05
37 3.613218650939457e-05
38 5.079319904744687e-05
39 5.907000165608138e-06
41 2.8858442193752698e-05
42 9.847278183454268e-05
45 2.6075753170389474e-08
50 4.7711448130500555e-09
52 4.7267041519317167e-07
53 1.860576058343537e-07
55 4.453908466173558e-07
58 4.1271186769774423e-07
59 3.813762409569656e-06
60 7.494469687545808e-07
62 2.4084621203161816e-07
63 4.519352250590714e-08
64 1.8714807924346382e-07
65 2.5033627951548307e-06
67 1.8196035636231166e-07
68 7.76948661949985e-08
69 1.8920742268527193e-05
70 3.19372776494785e-07
71 1.7236689400887384e-07
72 1.9550449132419115e-07
73 6.122038025883672e-05
74 3.625338377305145e-07
75 3.033483546784731e-07
78 8.135733478984499e-07
79 3.7770197279105456e-07
81 2.7853728129727467e-07
82 2.2441153568660082e-07
84 3.240268110365441e-07
85 8.918923890342236e-08
86 9.708637530057448e-08
89 3.2629725427361186e-07
93 1.619220057685347e-07
101 3.436031081122252e-08
107 7.511880886408294e-09
109 7.601619201048773e-07
111 4.2256787491536496e-08
112 1.5570475745009548e-08
114 2.8492246434010234e-06
115 9.97392145492728e-06
118 6.93169827182494e-09
119 2.154814332585156e-07
121 3.785625863181626e-08
125 5.100426910631675e-06
131 1.302267594853466e-06
132 1.02412546925941e-07
136 3.7765543862430734e-06
137 9.210597459520087e-09
138 4.675484933201693e-09
139 4.2838554833538496e-07
140 4.978488261342968e-09
142 1.2571554244306948e-09
145 1.0961896079650548e-05
146 6.611323034716922e-10
150 4.294189356400604e-08
151 8.734489015968722e-07
153 0.00011644846363207795
155 2.6290415753522844e-05
157 1.8515552251731182e-06
158 4.683862815346663e-06
160 4.918642750005913e-06
161 4.382262060452435e-05
162 2.3691497640218153e-06
163 2.5262675660138637e-05
164 1.678659187054372e-06
165 6.198312178986769e-06
167 5.39288724734317e-07
168 4.2937024481959675e-06
173 9.217392942807731e-07
174 6.937862386338366e-07
175 2.481743626455552e-07
177 2.7227947724438696e-07
179 1.7499377833377924e-06
180 1.8653534521377555e-08
181 8.614507150297041e-08
182 7.365210129160814e-08
185 1.212350114943177e-07
187 1.9725539999217705e-06
188 2.6366774199287447e-05
189 1.0796017815824045e-07
190 7.54116108244329e-07
191 5.519420056844404e-06
193 5.843764437491666e-08
195 4.7615494180676964e-08
196 8.479299161575305e-06
197 1.971277279397116e-07
198 4.8496432817661754e-08
199 1.9124373689264276e-06
200 2.9195890468544156e-08
201 5.081933820177941e-06
204 4.833680210192351e-08
205 1.9289951181218518e-07
209 5.632615411446575e-08
211 6.944663710880184e-06
214 8.443747425895398e-08
215 1.933497752750874e-08
219 1.3896545192073252e-05
221 7.211510621148188e-05
223 1.0796749383380258e-05
225 4.3416436896351195e-05
228 9.116498283431542e-06
231 3.7213608998072163e-06
232 5.241070328951695e-08
234 3.0031127163976575e-06
240 5.011274411977799e-09
245 3.162768304712032e-05
249 8.656817450653078e-07
250 2.0804821201453146e-06
253 2.9704202985751034e-07
254 1.0917547588209332e-07
255 6.0302896081898464e-06
256 1.2801593701292691e-06
257 1.9000761410627804e-06
259 2.937129063487791e-07
261 2.7983500368575647e-08
262 5.8647619165938106e-08
263 3.38451419977799e-08
264 2.3600059851933313e-07
268 3.585937015079445e-08
273 1.0497396440114365e-06
275 6.642914433058866e-08
277 2.0736244851324054e-05
279 1.371441299970295e-07
280 1.0666619033825766e-07
282 9.257894001863506e-08
284 2.708944898794437e-06
285 7.43542352773399e-06
287 4.797273096129748e-08
288 7.385556070669206e-09
289 2.1516571750062427e-05
290 1.621117143352397e-08
291 2.394373358309799e-07
292 8.205013713733262e-06
294 4.524695019407876e-08
295 3.179056326566375e-07
296 5.833480344393092e-06
301 9.914031697372603e-08
305 6.8363191776308495e-06
306 3.032418571570243e-06
307 1.7063184324353974e-07
308 8.643304914891839e-05
309 1.3583610701809978e-06
310 3.231205672986998e-07
311 1.901961292201631e-05
313 3.266290983778464e-05
316 8.215389397586028e-07
317 2.27049780562097e-05
321 7.386023804601349e-06
322 6.566682371465205e-06
324 2.7686929567959715e-05
325 2.527676126831978e-05
329 2.6912623774752217e-05
330 4.947794520304293e-06
337 1.1316816691383117e-07
338 1.9246932351352334e-07
339 1.0257791465336983e-09
341 5.62548148852683e-06
344 4.2228638413241955e-08
345 4.175826125965365e-08
346 4.844914576811273e-08
347 3.600036827870369e-08
350 6.10568831276604e-07
351 2.71615516877391e-08
352 1.851977592366719e-05
354 4.795231701197352e-06
358 2.4549826680826077e-05
360 4.0844399179495465e-05
364 2.1193922493694347e-05
366 8.02090055577661e-06
367 1.1427975749972496e-07
369 3.0764902369057e-07
371 2.861767957413998e-07
372 6.905641191820817e-05
374 3.935914748882638e-06
376 5.9072131513671616e-05
377 2.8706361321298348e-06
380 8.571737094507267e-06
381 2.1930644372019228e-06
382 8.512280209383786e-07
383 5.206878563936134e-07
384 3.4992026783825824e-06
385 5.970708591019778e-08
386 3.222668871073934e-08
387 7.255938178800341e-07
388 4.0061192275343133e-07
389 7.090135295070107e-07
390 1.0234204225869455e-05
391 4.668816815192988e-06
392 2.5159583830632697e-07
393 3.2575572478183782e-06
394 1.627095859880673e-08
396 2.1651260115561515e-06
397 2.5829504260100913e-08
398 6.101682711137177e-07
399 3.9062967693894247e-07
400 6.701800748163153e-09
401 1.8364388279470881e-06
402 1.9302521513219925e-06
404 9.99436117543535e-08
407 1.3305110988489958e-05
408 3.3675921970699346e-06
410 1.2405035634685584e-06
411 4.649804540837595e-06
414 2.8116444649621983e-05
415 2.6405174920695584e-08
417 1.182572679306663e-06
418 4.9606032271095705e-09
419 3.1516511691956983e-07
421 1.5242910817756478e-08
422 3.064689784978945e-09
423 1.7012397752734028e-06
424 1.067421496750376e-08
425 1.3425342401983678e-08
426 8.28635694448217e-06
427 3.907279421775094e-09
428 8.11829253443196e-09
429 3.5318855462344955e-06
430 1.7524271759886053e-07
433 4.6994896288317975e-07
434 2.6892967003391765e-05
436 5.453997810425026e-07
437 1.4308737540463516e-07
438 1.7112802201503141e-06
439 2.460849633082287e-06
441 1.4569623385928607e-05
442 1.945158496518301e-07
443 5.942669013344464e-06
445 1.0225604126535773e-06
448 5.875146114420952e-07
449 1.8584406848372909e-06
450 1.0086322413695308e-05
451 2.944221484067128e-06
452 5.237351385395503e-07
453 3.5090979827017653e-07
454 2.9152883894565234e-07
455 4.667842257647415e-05
460 5.399189460112195e-06
461 8.956016199659402e-07
462 7.895239302625783e-07
463 1.390718535928028e-07
465 1.0738029231229107e-07
466 1.6478499628000393e-07
470 1.2099685497975232e-07
471 2.8851353730909095e-05
474 7.355671459847982e-08
475 1.7026004750162096e-05
476 6.07631653167532e-08
477 7.222452656808991e-08
478 1.4844572640821431e-05
479 2.7694351225009557e-08
480 0.0001044928202716185
482 9.365343293816841e-06
483 1.965729012494445e-05
484 0.00012731073208383252
487 3.659702982136289e-06
489 0.00039076426596510393
491 7.69958341297171e-05
493 8.165826139428718e-06
496 8.021478184132212e-06
498 2.516721971045488e-05
499 0.00044986558817363846
501 0.00011548127766065929
504 2.4292950126326433e-06
508 2.720092169603753e-05
510 6.434075806413823e-07
514 4.772767253304647e-06
518 1.7756560874860706e-05
523 2.6426126744706006e-05
524 3.0298800166605457e-05
532 2.5850358905719493e-07
534 2.151179378492058e-07
535 2.0477729654355246e-06
537 2.614780007414498e-07
538 3.7341193441398e-05
540 4.59548756547809e-07
541 1.5698442439277003e-07
550 2.177405972572419e-05
552 2.76344018689486e-06
553 1.51622562374989e-05
556 7.117831655773897e-06
557 2.5204058088184273e-06
558 5.560582398853943e-06
559 3.7165781199642095e-07
561 1.3968844679127955e-07
564 3.513880061280597e-05
567 2.3187959049513924e-05
568 3.601249115674045e-07
570 2.013503554722518e-06
572 9.554615359090844e-07
573 4.974014532802077e-05
575 1.722727027640132e-06
577 5.384154293882604e-06
581 4.530246642053991e-06
582 4.156102262892452e-05
584 6.711357115363728e-06
587 2.6882553119051792e-05
588 2.73983949104058e-06
590 9.459517168815978e-06
595 9.63271342746695e-07
599 1.926995521251538e-07
601 5.975915289354079e-07
602 6.63383245050137e-07
603 1.0384726534647376e-05
608 2.3927546465801653e-06
609 1.2196982732894928e-05
610 5.149899139526482e-07
612 4.073165768739893e-07
613 3.195284237503135e-05
614 4.968775094293476e-07
615 4.311217509879386e-07
616 3.7029108712561603e-07
617 4.5381774204264825e-07
618 2.838742386919241e-07
619 3.7232111297384103e-07
620 3.256376592824191e-07
621 2.1840299587442267e-07
622 2.2250858866439082e-07
623 2.9020674732055566e-07
624 5.618789964231998e-06
625 2.583488342896609e-07
626 4.168086030592453e-07
627 6.321720067433024e-07
628 1.2992653808268205e-07
629 1.904489129108809e-07
630 2.1579300645393327e-07
631 1.5078176002573321e-07
632 3.3720593402978126e-07
633 2.6916366824551385e-07
635 2.5805354149377785e-07
637 3.4999787212250997e-07
638 2.2871489091266108e-07
639 1.7447085145329335e-07
640 2.659185823677775e-07
642 1.0721575696858457e-07
643 9.490338181080288e-08
644 4.2809916742054055e-07
645 3.09399301150105e-07
646 2.1338403401955107e-07
647 2.600226584406097e-07
648 7.617197297348572e-07
649 7.198040861854296e-07
651 4.3738958671194216e-07
652 5.504787911616256e-07
653 9.71912705792383e-06
655 6.853386370657149e-05
657 2.6199094822547113e-05
658 6.628343788381895e-06
661 2.2584398460980668e-05
663 1.8559255474498723e-05
664 4.219855973275095e-06
667 1.3208714686727054e-05
668 2.5971514134157956e-05
670 4.142275858210119e-05
672 0.00011319728148811219
674 7.660037988249991e-06
676 1.9237996910372143e-05
680 2.8975943245658643e-06
683 2.9354109302107227e-06
684 3.042917975696096e-06
686 4.0458518899843835e-06
687 3.546670348058175e-07
689 1.2024489310467463e-05
691 1.4003430938357259e-05
692 2.3475497644090526e-06
694 1.1542835177075448e-06
696 1.8578681606748437e-05
698 3.850441651925998e-06
699 8.133106831198255e-08
705 5.736229566237104e-06
706 3.898572862869949e-06
707 2.6068233437044814e-06
708 1.2109171245441598e-06
709 5.919209725283805e-10
710 2.0263366166171933e-06
711 2.0767675092698993e-07
712 1.6640764732223336e-07
713 1.928548050113583e-07
714 2.1212802648066014e-06
718 3.525178289767239e-10
720 1.598622409195394e-08
