9 3.449864114124837e-05
20 3.599904985183416e-06
30 1.6375519013118163e-05
31 8.069172587180678e-07
43 1.8208251018515185e-06
46 4.256836599164342e-05
49 2.521212451756512e-06
51 4.503785201376632e-06
56 6.706376690899845e-07
88 4.362799210777995e-05
94 2.0585011658131797e-06
96 3.210141278980503e-05
122 1.035393935291635e-05
129 3.3725043368817807e-06
130 1.7899227941592254e-06
141 3.633340319608144e-06
147 4.6160457593691164e-07
170 5.129647152878225e-06
171 3.453123954732765e-06
178 6.455700123181109e-07
184 4.213190395435788e-06
186 5.062983109246763e-06
222 1.8738651790633608e-06
227 1.224549318484378e-06
229 3.3337996570559186e-07
236 5.355734403114159e-07
237 2.1743610396503304e-06
248 1.3656279940304106e-06
293 3.918645621635274e-06
299 5.371625410897898e-07
314 8.445981163830248e-06
318 1.5228806412679736e-05
320 4.1108479844172703e-07
323 1.4386692240487858e-06
327 1.818516986520683e-05
331 4.625018935134554e-06
333 1.184179225683657e-07
334 8.428600281706849e-06
335 4.242379680589505e-06
336 1.5823404157390145e-06
340 3.349517867840647e-05
343 1.332678021146904e-05
353 3.3780670443894397e-06
355 7.807908388860985e-06
373 7.658873940544874e-07
378 2.7211459008834106e-06
416 4.396119294547237e-06
440 8.322857578449896e-06
444 3.378578599444969e-05
464 4.439570639530368e-06
467 4.992627271510382e-05
468 1.9730128484224317e-05
469 1.6061707050835622e-05
473 5.594839422899428e-06
490 1.2096301761761531e-05
494 1.0813964392346827e-05
495 4.174636916601726e-05
505 8.021270279045644e-05
509 7.634035689331914e-06
521 5.7940990650680214e-06
543 2.4218977204159467e-05
546 2.1464684828078614e-06
555 5.3774591105904166e-06
560 3.939948538391372e-06
571 1.1535065916892738e-06
576 6.025480749912923e-06
578 7.569162317626263e-05
579 1.3555326700958015e-06
580 3.166395667688096e-06
583 1.149667026740849e-05
585 2.7729552168060113e-06
586 3.4377013123939306e-05
589 1.3706482704986934e-05
591 2.364639346492132e-06
592 1.1198186228329997e-05
594 8.235879003062877e-06
604 4.215806713922821e-06
634 5.436177913968651e-07
650 6.881556261225207e-06
654 7.154379099471083e-05
656 1.4290526546074994e-06
660 6.337033409352318e-05
662 3.205195239325896e-05
671 1.0114404821182764e-05
673 5.350709746517184e-06
677 6.9267317091454405e-06
678 3.630223770352527e-06
685 3.3015255618856347e-06
688 4.529677530814177e-07
690 5.362130027652975e-06
697 1.8726479603696807e-06
700 2.095143617222821e-06
702 2.860332534331291e-06
703 2.4846086217267303e-06
704 5.708380493805924e-06
716 5.4057324820242e-07
