147 3.1239323704381876e-07
325 1.1501634285614648e-06
355 3.149456800192043e-06
36 6.846201291927281e-06
40 5.2687245562050326e-06
49 2.101666971692548e-06
171 1.2717107182331365e-06
230 3.4901764222770216e-07
244 5.8373947043674874e-06
336 4.309737103122646e-06
443 5.815608129992845e-06
530 1.6367007559283284e-06
564 2.8582975157641815e-06
580 7.660392902216098e-07
604 8.638682756663683e-06
673 1.8676085452614127e-05
704 3.6370323486947077e-06
715 3.5349720510642606e-06
20 3.4488546101430084e-06
30 6.706576408337412e-06
31 7.075720425905263e-07
43 1.586477823277332e-06
51 2.719262575573927e-06
56 1.6775817108380573e-07
88 9.09561455121152e-06
94 2.2310140211716396e-06
115 3.261110783989913e-06
130 5.776825500655167e-07
170 4.364651211654202e-06
178 5.035823620780033e-07
186 1.8976011230707014e-06
223 9.146647763693869e-07
225 1.3551136741777557e-05
228 8.790042864881836e-07
231 3.441047520942238e-06
237 4.082739898378616e-07
238 2.3525734296458192e-06
250 1.3790609449971692e-06
295 1.1376557928838142e-06
301 4.995797094665101e-07
316 6.4987035688395074e-06
319 4.741841692118107e-06
320 3.251592229337203e-06
322 4.5753617985315256e-07
329 7.452265676528513e-06
333 4.3221664712653525e-06
335 1.1313247373025223e-07
337 3.4574942017060295e-06
338 1.374370950170366e-06
342 3.4245856467053413e-06
357 6.095475026244447e-06
375 7.616169262388018e-07
380 1.3796415655428014e-06
392 8.971733059769116e-06
419 1.777885897955655e-06
447 6.497866516967885e-06
467 5.789835197593809e-07
470 1.895432932084841e-05
471 5.821800096892822e-06
472 1.79192663811004e-05
477 6.468274713711977e-06
497 2.5272099274952888e-06
501 1.0977844244784348e-05
502 3.102355511593262e-05
513 1.1537847972008036e-05
517 4.400324400276986e-06
552 6.261839649812974e-06
555 1.430371044814547e-06
569 1.673096228925463e-06
582 2.0255714365171092e-06
586 4.665539373434981e-06
588 7.019291549669471e-05
589 1.3154224985227733e-06
590 2.8112736653936016e-06
593 6.105819846699593e-06
595 9.962973672358146e-07
596 3.656637515656675e-06
597 1.7835446544236552e-05
599 5.112745519222727e-06
601 2.7516615532771916e-06
602 2.722156806733636e-06
614 1.6697884758026509e-06
644 5.046873484133184e-07
660 2.57143886543853e-06
664 1.128886686632997e-05
665 1.56994204919762e-05
666 1.4382774524148621e-06
670 1.028908353777959e-05
680 3.195691809384732e-06
682 2.2329575639932257e-06
684 3.1397238777741816e-06
688 1.4601609651721238e-06
689 1.4201010258917588e-06
696 2.797519086843219e-06
699 2.5348491453177433e-07
701 3.138104049728818e-06
708 4.486453315264427e-07
711 1.5341593541272659e-06
714 5.744916474337953e-07
727 7.036293138562962e-07
222 4.4774806973670543e-07
671 3.4140110627583583e-06
