11 3.355699105588807e-06
19 3.1559915079810756e-06
33 5.520980536444933e-06
37 8.09910359367007e-06
136 2.2436738513773675e-07
167 1.4633898390569322e-07
196 3.7545097324237138e-06
232 2.3520344524826285e-06
257 2.828599884592752e-06
279 3.5450121080981315e-06
286 1.8835963851904424e-06
298 2.030035990032911e-06
307 3.024942465827514e-06
327 3.336452274378848e-06
343 3.3019706614644583e-06
360 4.286260907035172e-06
368 4.218850429728071e-06
417 4.5220279786010585e-06
444 3.3480235818924956e-06
453 1.2342378757808395e-06
463 7.85924710202072e-07
474 1.318699692205564e-05
482 1.298840309941208e-05
491 4.2727251028348064e-06
508 7.023711710728448e-06
566 9.292607768242327e-07
567 4.064516892846924e-06
576 2.5282580590251603e-06
581 5.0978347827126346e-08
591 1.725621207871269e-06
663 2.941645289948774e-06
667 2.8681007654952668e-06
672 2.69020851110586e-06
674 2.0210740290529037e-06
679 3.5976496540437226e-06
681 1.1845864429418753e-05
685 5.404429745925919e-06
700 2.0466381712010558e-07
709 2.6003819559061537e-06
719 6.69407554313501e-07
41 3.056997214980047e-05
187 3.12448841142418e-07
583 5.62022578395782e-06
326 2.505270110145303e-06
356 1.8309763995454439e-06
587 2.6796793542274968e-06
592 1.0196739204914904e-05
707 6.260012816923705e-06
379 1.0751399391990303e-06
503 5.533955828249271e-06
623 1.1589785702799304e-05
662 2.3490521808552864e-07
245 3.4430101456561593e-06
39 2.751685262778765e-06
382 3.100983225973574e-06
383 1.3444728218491403e-06
479 1.4207575320677883e-05
495 1.354506435710925e-09
505 5.987298964562935e-06
634 2.2390098876202073e-06
697 3.1089870204139363e-06
179 1.0304995727722207e-06
332 2.5362117916673362e-06
547 2.168696277938967e-06
675 1.9981347431081533e-06
687 5.888747863308283e-06
705 6.542222030540228e-07
59 9.59804769450229e-07
219 6.232385285811255e-06
224 8.057260053632262e-06
229 5.989951379017595e-06
559 4.162012135206549e-06
695 1.7567794623096e-06
702 6.729885777325405e-06
416 2.933732538182423e-06
