145 1.1718433661218101e-05
29 0.00021230273141161407
666 7.188052452236972e-06
296 6.483544217165583e-06
47 8.192505813985412e-06
128 2.99847770941177e-06
503 4.686302971910518e-05
276 1.934372795782927e-06
5 6.97297676526428e-05
48 8.303556717414197e-06
302 1.6447204070064477e-06
306 3.152926333899383e-06
499 0.00059867305267051
539 6.655287585620105e-07
593 9.822758589653447e-06
653 9.879766518763189e-06
675 4.235478687267413e-05
299 1.2121411742542853e-06
143 1.0609188775859348e-07
414 3.349071915339425e-05
73 7.267779790734649e-05
160 5.051934453312849e-06
251 2.1569641277057795e-05
283 8.534676839432391e-06
328 1.3354540028896309e-05
558 6.215696128531006e-06
682 7.724013534003176e-07
707 3.0189969247839185e-06
444 5.67404126663321e-05
488 9.268437187618318e-05
30 4.0058134838919735e-05
113 6.641473231937677e-06
277 2.1649834277224855e-05
588 2.997090369973346e-06
705 5.679849329280121e-06
10 0.00018078537727086725
21 1.2587759337941368e-05
131 1.1407255556150827e-06
158 4.798822693967689e-06
165 6.414577795384453e-06
201 5.61281931714283e-06
360 4.3289577300207074e-05
412 1.4586408821181729e-05
502 1.3893404339364796e-05
515 1.3224414832874234e-05
554 1.5351863267304377e-05
562 3.468908175664939e-05
565 6.017635276390102e-06
572 1.151420844270602e-06
211 8.541408487325608e-06
423 1.940165946664334e-06
549 0.00015702507885054695
662 3.481418226493694e-05
717 2.692509630152374e-06
500 6.851280449483771e-06
32 9.434536923950062e-06
70 4.4176140824787125e-07
123 4.569089962474463e-06
124 2.6821351743894963e-06
234 3.5216790528844162e-06
242 9.114536613290849e-09
285 7.96369536341459e-06
315 7.629139410537341e-06
379 2.6341057907654807e-05
419 3.9597771619924084e-07
477 1.2036013959992477e-07
481 0.0001831239625598087
482 1.5615252482632466e-05
489 0.00046574416751098585
547 8.058781956228507e-06
552 3.0747718495764674e-06
564 3.799560680888024e-05
584 6.403356826067919e-06
641 1.2936352725268487e-05
712 1.9803494848480604e-07
141 3.669468821415479e-06
105 6.9020660950114696e-06
297 3.406744137148266e-05
308 0.00012004816966726369
486 0.0004948101168975328
504 4.124040366608261e-06
508 3.083314939437114e-05
533 1.1799949143040585e-06
668 3.397574480160092e-05
704 7.678484609318584e-06
6 5.926931814146538e-06
15 7.260447246587504e-07
24 7.840714230541898e-08
35 1.410503743158811e-06
38 6.118786186372796e-05
58 6.483331541365517e-07
68 4.35179809381279e-07
69 1.8563641612327936e-05
71 1.9241543580621883e-07
72 3.9438752648874235e-07
77 3.398384794478232e-09
86 5.354041352288396e-08
92 2.140522678466218e-07
97 3.6362883904853293e-07
111 2.9251640610236463e-08
112 6.178321080993254e-09
117 1.4831194416408276e-06
142 1.5947651849581474e-09
144 1.5935549555583895e-08
149 2.0915615200177912e-05
151 3.3956318492612826e-07
172 1.1502134569405921e-05
180 6.1295306647997445e-09
181 8.677832965835956e-08
189 1.0764419905706134e-07
199 2.5587864717860742e-06
221 8.581941963293524e-05
241 5.7300043175204306e-08
245 3.066421494576642e-05
247 5.21862595995359e-05
250 2.7899444407943454e-06
269 3.4101050794874464e-06
294 3.170674134267997e-08
295 4.5464008337773824e-07
300 2.5820012841743013e-05
307 1.0385469895977343e-07
321 8.65641361667911e-06
338 2.5135904738542e-07
339 5.886750434305516e-10
342 8.96604445403708e-06
347 6.836262620327288e-08
356 2.6625891603747733e-06
357 4.4197975023369515e-06
370 3.43356349800789e-05
385 7.156603202307825e-09
386 7.408944338438688e-09
398 4.721624211796987e-07
408 3.383632591729466e-06
409 4.183127841502566e-05
413 7.904805237040621e-05
433 5.785222437589198e-07
435 8.564354340538517e-07
457 9.209229857040183e-09
466 1.7394759133000995e-07
484 0.00012564881700154732
491 0.00011580516032775341
497 9.213562940388799e-05
510 6.305681513080557e-07
513 8.766217286445571e-07
514 4.5227510024719295e-06
520 2.9975074577037903e-07
551 6.684043918252883e-07
553 1.6413725314935056e-05
563 2.910705105452301e-08
568 3.7448905761691965e-07
573 5.869152308520425e-05
609 1.3863302919551875e-05
627 5.315354319864027e-07
642 6.692585998212662e-08
643 1.453606549958582e-08
644 3.495588506034224e-07
645 9.33494311210824e-08
647 2.202383260983292e-08
665 1.5170172234573787e-05
715 2.77448261024033e-07
1 0.00013192912116757115
65 3.6204912846924304e-06
87 0.00019675193077548953
176 2.99714173723088e-06
253 4.5847223973251417e-07
289 2.2209376151030473e-05
312 3.452311755198406e-05
350 7.001294419661945e-07
352 2.4903962313906927e-05
364 2.544814350273543e-05
406 9.16324472580973e-06
417 1.4054354570021412e-06
420 2.0863195591648774e-08
455 5.6163667100278525e-05
472 7.191511163264669e-06
511 2.3707885793937768e-07
518 2.157456466874235e-05
566 2.639868375711865e-05
591 3.1475010586459873e-06
659 4.5378307092992506e-05
669 2.534423095512386e-06
679 1.7611545379743804e-06
706 3.854881786370329e-06
2 6.178502721229756e-08
4 3.7000318334442245e-07
7 2.8915753067910365e-07
8 3.554595765705912e-07
12 1.0768578728784919e-05
13 9.403539161964082e-08
14 4.397085991245115e-08
16 4.6288490663831157e-07
17 8.192281746042118e-06
18 1.2448982384993127e-06
22 3.9053638522185727e-07
23 2.348838666603315e-07
25 3.888940883135597e-07
26 2.456580342852267e-07
27 1.3230312069659883e-05
28 3.8418566399565545e-05
45 1.2430484816016073e-07
50 2.6195305284142313e-08
52 5.448147607077467e-07
53 2.521151994682821e-07
54 6.25930793321858e-08
55 3.3853242246100186e-07
57 3.3903713504094187e-06
60 1.0737669321660349e-06
61 4.680215780868543e-07
62 4.191397231885946e-07
63 1.1275190782679887e-07
64 2.0091914879233112e-07
66 4.367352438233851e-09
67 3.370776069372788e-07
74 6.247708801978051e-07
75 3.279997442273768e-07
76 7.275633459698191e-09
78 1.9548201838984794e-07
79 1.622534045800352e-07
81 5.554012418325133e-07
82 4.7520151807137536e-07
83 5.10347503546728e-09
84 1.075141645297037e-06
85 5.456173763672995e-07
89 1.1658756362337932e-06
90 2.3879431233522997e-07
91 3.08961496510323e-07
93 5.879589239846836e-08
95 1.3278971974559284e-07
98 2.5191368883062335e-07
99 4.1825649030746427e-08
100 1.0921372473409953e-09
101 2.4189277388783733e-08
102 2.471529244092824e-07
103 2.2375155767666435e-07
104 6.987283003166153e-08
106 2.687243357883887e-06
107 2.3085149653064795e-09
108 2.040219220279414e-08
109 7.377537260533372e-07
114 3.066656594768606e-06
116 7.229334969073721e-07
118 7.411860216444242e-10
119 2.3225335428787245e-07
121 1.3796053990895518e-08
122 9.420849261907512e-06
125 5.535756288154356e-06
126 2.6949649589476298e-08
127 1.920330721197005e-07
132 6.64822892549911e-08
133 3.6859185781254023e-09
134 5.69976136847234e-09
135 2.3133142088030785e-07
137 2.2365618395138727e-10
138 6.348422149340494e-09
140 1.0817763099560693e-08
146 1.4192578527707096e-09
148 1.2210706804919615e-07
150 1.6815860763936694e-08
152 3.3615007091912196e-06
153 0.00013177709042160032
154 9.664764296126053e-07
156 3.361111413503682e-08
157 1.8023184998382858e-06
159 3.5035752578247405e-06
166 5.969069665676333e-07
173 9.191929571319772e-07
174 7.938393679397222e-07
177 3.440634725307215e-07
182 1.521498341272763e-08
183 3.3532261457865753e-06
188 2.831910682800308e-05
190 9.309594522859493e-07
192 1.5024109099749431e-05
193 1.0759143826649265e-07
194 9.395345729423257e-10
195 1.1733060608826313e-07
197 1.904665200622733e-07
198 8.261561200046845e-09
200 2.6284579329095446e-08
202 1.7049061177557966e-05
203 6.650128937226618e-07
204 6.855232600940749e-08
205 1.5163316443984116e-07
207 1.6244681291677569e-07
208 1.580739538412379e-07
209 6.06780336737349e-08
210 3.6404081512898106e-08
212 3.658445264309942e-08
213 1.3458091129516779e-08
214 7.51786886770359e-08
215 5.58087752316526e-09
216 6.317529944440692e-08
217 1.1498502544736169e-07
218 1.1579581312977636e-10
220 3.068618448339784e-07
230 4.462364283310091e-06
232 5.219584150301499e-08
233 1.9665256909474836e-09
235 1.3011590294578684e-08
238 3.580345778033722e-08
239 3.149775249007518e-08
240 1.3614970190844441e-08
244 2.0698360437659113e-07
246 2.4357747808640157e-07
254 1.469237469822231e-07
256 1.1526464822669067e-06
257 2.253799407151953e-06
258 7.486082740011554e-05
259 2.5195567341839146e-07
260 2.7480490075178584e-08
261 1.2640132325176999e-08
262 6.808604247320634e-09
263 1.0555261505910985e-09
264 2.399348118390154e-07
265 2.0382429917348898e-07
266 3.1109778324126125e-08
267 1.5841772757095565e-08
268 5.207302318362189e-09
270 7.951468279700934e-08
271 3.2668369889091925e-08
272 7.641767739872924e-08
273 9.521611424486224e-07
274 5.890093957514649e-08
275 1.6678738784376232e-08
278 5.3975158189949e-08
279 7.991498521891612e-08
280 4.550697443889453e-08
281 1.9284743746142075e-07
282 9.847700475217279e-09
286 4.365243323121755e-06
287 2.2949133793524786e-08
288 8.279547051221718e-09
290 8.957521365483589e-08
291 1.117063785715716e-07
292 1.0086038090541627e-05
298 2.996039445942655e-07
301 3.393588359581261e-08
303 4.6411784325594994e-08
309 1.4322788463126692e-06
310 1.8909903782023544e-07
311 1.9938621789152157e-05
313 4.3765256381529436e-05
316 5.47194038760123e-07
319 4.281340695916855e-07
326 2.171227543326926e-06
329 2.730847334067085e-05
337 1.0820070694213379e-07
344 2.6886436643494034e-09
345 7.225218422814405e-09
346 9.525886087580608e-10
348 2.8221386809794466e-09
349 9.938869443495254e-08
351 3.6871275281626416e-08
359 1.1834748057546275e-05
361 2.533677888320089e-07
362 1.858381785977249e-08
363 2.8928904511736247e-05
365 1.0367857678422898e-05
367 4.283563144091109e-08
368 1.173000613877437e-10
369 2.9487673087165784e-07
371 2.0896830270651598e-07
375 4.279994368308779e-06
382 7.293614484479522e-07
383 5.170637796495297e-07
384 3.364800801549976e-06
387 7.099592197285865e-07
388 2.2084710787478663e-07
389 5.76782270179249e-07
391 1.3520866219760496e-05
392 3.869551335469759e-07
393 3.073965602344356e-06
394 8.956147667217605e-09
395 9.740566697268132e-09
396 1.96184814044802e-06
397 4.4729048074732465e-08
399 3.5965369212960157e-07
400 1.1619140209759067e-08
401 1.6255796787510448e-06
402 1.5220307727558812e-06
403 2.076717923586806e-06
404 8.143052476829698e-08
405 0.00012313964145137284
407 1.738854715245905e-05
410 1.033955263434341e-06
411 9.096875070186145e-06
415 1.126451875282809e-07
418 3.2711202831940704e-09
421 3.0390557037347047e-09
422 1.9856268162900137e-09
424 3.4217096322535675e-09
425 1.7205364062851197e-09
427 5.969018910092489e-09
428 2.6074796722687632e-08
429 3.886052263501818e-06
430 2.8062038093605403e-07
431 7.289400198399546e-06
436 1.2520793343230596e-07
437 4.9639287682342784e-08
438 1.785303616511451e-06
439 2.519961773437082e-06
442 2.0883572548433245e-07
443 6.015325977694419e-06
445 1.1013139610538248e-06
447 1.0711789975439139e-07
448 1.3199411105107446e-07
449 2.1774231433288985e-06
451 3.451980857178592e-06
452 2.1754312357634883e-07
453 6.025664373184519e-07
454 8.613823974001517e-08
456 4.300562907280121e-07
458 3.749963300380808e-07
459 1.572832043874676e-08
461 1.132988651564912e-06
462 4.1450510210048256e-07
463 2.9284657031933156e-07
465 6.016601005541646e-08
470 3.431317839389074e-07
474 1.442070097439848e-07
476 1.1982022218467535e-07
479 4.70238272552949e-08
487 3.3318084909162293e-06
492 3.9524633135392687e-07
506 4.998124575631002e-06
507 9.514168035657447e-07
512 1.8223522054602542e-05
516 2.9492462188886945e-06
517 3.818910070103458e-09
519 1.8349421586319074e-07
522 6.294297437475515e-08
524 3.2215176574516214e-05
525 5.445805622201753e-07
526 2.0499419193280882e-06
527 7.626449276403709e-07
528 5.50893640506335e-06
529 4.165378447175677e-07
530 1.504945765384612e-06
531 1.3775172473871965e-08
532 2.8180923374855724e-07
534 9.922627811516104e-08
535 2.3559530931966336e-06
536 3.104889263853786e-07
537 2.212825523499404e-08
540 4.273485247844369e-08
541 2.0798197305808747e-08
542 3.186994423435858e-07
548 2.3446306492010562e-05
556 8.165323941054955e-06
559 6.061069901307491e-07
561 2.5001365654117367e-07
569 1.7681917066429317e-06
574 0.0001046145454612419
575 1.8678262274353295e-06
587 2.9824535371057607e-05
595 1.0428416608646706e-06
597 1.1702739199508762e-06
598 2.538719015789078e-07
599 4.797076677740487e-07
600 2.6502575429958707e-07
601 1.9094988905300284e-07
602 4.021426695982187e-07
603 1.0748477952701028e-05
605 7.046474426305631e-08
606 6.476985315575002e-07
607 0.00014596532264881388
610 8.888393018893996e-08
611 1.1168159366166316e-06
612 2.2591983047520138e-07
614 4.208085025054731e-08
615 2.5439820328743542e-08
616 5.0038382124493975e-08
617 7.243012718657386e-08
618 2.2481562999986178e-08
619 9.533414498283117e-08
620 1.4327366998036364e-07
621 1.207755442846766e-07
622 2.906379191081592e-07
623 3.9376758406323644e-07
625 4.324009855489714e-07
626 4.114674042440174e-07
628 8.769275747090742e-08
629 1.5384130564477768e-07
630 3.482248117974159e-07
631 1.7653301569971267e-07
632 5.140904413303385e-07
633 4.872961977802466e-07
635 5.788175782861324e-07
636 2.9156307507805534e-07
637 2.331856027388727e-07
638 1.5140520506100914e-08
639 5.7403585199560406e-08
640 3.997064130573632e-08
646 5.853295759556032e-08
648 1.7731392627857994e-07
649 3.804338483210176e-07
651 6.65881394328056e-07
667 1.7700235544660514e-05
680 3.921839537791608e-06
681 1.3337441287030473e-07
687 2.625178689301092e-07
699 1.3273505940726724e-07
709 1.4571746153002641e-09
710 2.9348765579752115e-06
711 1.4046942816812135e-07
713 9.51294048853537e-08
714 2.2281908875750754e-06
718 2.224417285506442e-09
719 1.0262622257283769e-08
720 1.1336543175646532e-09
