690 5.29268028609565e-06
331 5.2321959751482595e-06
224 1.1216360712438003e-05
701 1.0811278942293963e-05
9 3.3354724204238576e-05
59 3.798893073918708e-06
80 3.921391432103056e-06
88 4.319578025458627e-05
94 1.7588643551875763e-06
96 3.825867301468717e-05
115 4.8803002444017114e-06
120 9.984555617537318e-06
129 3.7126860830653385e-06
130 1.3262233291419705e-06
147 4.5221469084512253e-07
155 3.1702541934476735e-05
161 4.850839786024924e-05
168 3.826052825160723e-06
169 3.447161404125562e-06
170 7.047286531993403e-06
171 3.772218434487753e-06
178 6.987908770260413e-07
179 8.775637977666875e-07
186 2.94377595015399e-06
191 4.288228838360659e-06
206 1.5606690359574993e-06
226 1.0224760069930262e-06
227 1.572016719423814e-06
229 2.791868292566226e-07
248 1.4474318498146339e-06
293 5.699559922088225e-06
317 2.186166679819625e-05
318 1.6394585039136337e-05
322 6.474163745256297e-06
324 3.005076746659026e-05
330 3.349976489759561e-06
332 2.306789243518708e-05
334 1.0521812925319377e-05
335 5.643191157173067e-06
336 1.8066118999825962e-06
340 4.590002963110478e-05
343 1.4758815530892106e-05
353 3.4892843760380532e-06
355 8.543457387051302e-06
373 1.0800866573113e-06
374 3.6663877906122097e-06
378 3.1187884046531636e-06
380 7.322788707180644e-06
381 1.7156792617969108e-06
390 6.6825517052190315e-06
416 7.986099283614919e-06
426 9.151953920299152e-06
441 1.833540943926994e-05
446 8.169064835253147e-05
464 9.288516486996932e-06
468 2.0244053423114275e-05
469 2.330157090766801e-05
475 1.769810335475189e-05
490 1.816444471706646e-05
493 8.088571671458567e-06
494 1.1554281762877908e-05
495 5.0430348484630506e-05
505 9.112675693934303e-05
521 6.844758874289794e-06
523 2.0147976599475495e-05
543 3.662662762815295e-05
576 7.90243586042234e-06
578 8.58540255639179e-05
585 5.836605228885455e-06
586 4.883623799108959e-05
589 1.5135560757875281e-05
590 1.2177632705566821e-05
592 1.9094117316230766e-05
594 1.1786916227314662e-05
596 5.090149915851736e-06
604 5.641388427788858e-06
650 6.331528501909056e-06
654 8.071937542525128e-05
655 7.32284669103659e-05
656 1.4212454832658931e-06
660 6.98290890501052e-05
673 6.000044323817559e-06
676 1.7205997836817668e-05
685 3.1647824095204317e-06
691 9.819323023868384e-06
694 2.5869383613197196e-07
700 4.646660859558232e-06
702 2.3029786432108205e-06
703 2.8927888051985365e-06
716 5.108308005015783e-07
671 1.9495075368466343e-05
164 1.7101176238570995e-06
162 2.3492805415903135e-06
688 5.124220073498166e-07
110 1.0156741334432743e-06
