0 0.0002560891098154916
3 0.00017888850744401783
11 2.2798074367287902e-05
19 3.3936114008600826e-06
31 9.239059789545634e-07
33 3.267089922437596e-05
34 4.759779324242167e-05
36 8.391676401156604e-06
37 2.5172864321248442e-05
39 4.0837744775421945e-06
40 7.493042690540108e-06
41 3.199097460878546e-05
42 0.00010882497892585426
43 2.4764545443536708e-06
44 4.767682074954906e-06
46 3.9808801284402175e-05
49 2.6150322877494876e-06
136 2.089502401185606e-06
163 2.672732065735909e-05
167 6.150804256667419e-07
187 4.267977909245106e-07
196 4.502798193469081e-06
222 3.7057330058133262e-06
223 8.816558970794918e-06
231 2.3042335149943702e-06
243 4.238082819348874e-05
249 6.899042487517128e-07
252 3.6825280514633597e-05
255 3.727257287444619e-06
284 2.385662337733882e-06
304 1.9440824990428555e-06
305 3.7874168097331746e-06
314 9.530545448512056e-06
320 6.960886117241982e-07
323 9.883621883734257e-07
325 1.53544061849134e-05
327 2.706917204658224e-05
333 3.674395158888937e-07
341 6.069312234736973e-06
354 2.3525385283252678e-06
358 2.7807689850843675e-05
366 4.912832565520421e-06
372 7.952085754995394e-05
376 6.848210217581318e-05
377 1.4817877587843822e-06
432 6.297604968503332e-06
434 2.3015041948388298e-05
440 6.944632752195671e-06
450 3.62205697145963e-06
460 4.613051042894204e-06
471 2.3587929146064405e-05
473 5.108970951707883e-06
478 1.3158547478509432e-05
480 8.637863866178625e-05
483 3.5918733512830395e-05
496 6.508441814845453e-06
498 2.342287196987592e-05
501 0.00012166176816620842
538 2.7107607457389464e-05
544 4.5763569842452856e-05
545 2.308588975763117e-06
546 3.17550418436695e-06
550 1.1893246393040708e-05
555 5.978934384746287e-06
557 1.0862224334323375e-06
560 5.725614526075625e-06
567 1.1463581632642167e-05
570 1.518309331559423e-06
571 1.0742304624649512e-06
577 3.5115800933305085e-06
579 1.620428812890199e-06
580 4.7134092488903e-06
581 2.2214864616887633e-06
583 1.6696188860567692e-05
608 1.137108350773363e-06
613 2.9573667255098552e-05
634 7.457999626639596e-07
652 3.8624591106767597e-07
657 1.5171342991521797e-05
658 4.712560666904632e-06
661 1.3841126476738469e-05
663 9.227740370235392e-06
664 2.6354225373415674e-06
670 5.08746968335545e-05
674 6.6565263820320194e-06
677 1.2823383845167537e-05
678 2.5364179762011144e-06
683 2.562897608514795e-06
686 4.2022578041402486e-06
689 3.832852060246529e-06
692 1.7564211890980762e-06
693 4.666560024924587e-06
695 1.1510456984762956e-06
696 1.3222788323738517e-05
697 2.3989766559834653e-06
698 2.549472381015131e-06
708 1.0755937157993008e-06
219 1.2988150001812947e-05
237 2.6803042342944755e-06
485 0.0001684051733153842
509 1.1187526475898824e-05
56 8.585096989035019e-07
467 7.189096388387794e-05
51 6.8583036737272855e-06
20 4.44456712474614e-06
184 3.7302798457105896e-06
228 8.122102925345104e-06
236 9.706726899628221e-07
225 4.439374006576891e-05
684 3.3973177492739037e-06
672 0.00011884440077714934
139 3.85176344594611e-07
582 4.606296185702744e-05
624 6.156383001316909e-06
175 3.17371168077104e-07
185 2.1970547483809404e-07
