64
0.001680595232623251 0.0007580024449935498
0.001011955668044629 0.0006904453256072287
0.0003914688283240898 0.00029610741423958186
0.00013190968499126842 -0.00028668825437671143
0.0001766217111796568 -0.0005561964215273529
-0.0004267165407762962 -0.000514282987702005
-0.00035659301313886857 -0.00022126836273950965
-1.0314447124527128e-06 -0.00040299852609472367
0.00031511887930149384 0.0015186229207346917
0.00028503662093601654 0.0012027043903885507
2.2879604006930015e-05 0.0008589202443870428
2.3228386208643437e-05 -1.6307931387353423e-05
6.510640202343468e-05 -0.00018462431108726618
-0.00025862419148897116 -0.00013962915486661045
-0.0002450998337423133 -0.00018996354748665012
-3.4092283868747564e-05 -0.0003248919372662525
-0.0002994009670791775 0.0012708303474886634
-9.316376697723612e-05 0.001163293882249609
-5.746762359559367e-05 0.0008893325708005528
-8.567187966512614e-05 -0.00034502969234791105
7.869538323927055e-05 1.3326989453292338e-05
0.00011883975618673776 9.188284438763733e-06
0.00040614418014539507 -0.0002891765235349222
0.0006726401455917748 -0.0003110602461166043
-0.0004068900724043938 0.0010894940610213847
-3.0061991471460083e-05 0.0006073563552416404
0.0004793165709891159 0.0005394699795197901
0.000558673146182513 -0.00030592371832213945
0.00039770388823325367 -1.0803555733583552e-06
0.0004271201633934529 -4.516494455185833e-05
0.0007180870348476061 -0.00026072580030545776
0.0009753954950925252 -0.00021374738650271186
-0.0003201624519439806 0.0004315169149193
0.00021710053993580604 5.922145392693475e-05
0.0007604123303038473 7.675426932320385e-05
0.0006778695557354978 -9.857699301569936e-05
0.00059126233906501 0.0002239127489845536
0.0007538018038967621 -2.069471907396163e-05
0.0005967860001098808 -0.00012046965474536291
0.000682047461718087 0.0005493238020769827
7.475084808911565e-05 -0.0003657807796223616
0.0006438023170283881 -0.0005236531829127745
0.0011732581438698465 -0.00034686775617090665
0.0009132246202094873 0.0001539973032630335
0.0004898645161201591 0.00027007347133416616
0.0004177541416898274 -0.0001703798136671281
0.00041415864055464684 0.00015597276341995325
0.0004493541842305845 0.0006254658922587045
0.0005672774948959219 -0.0006521444791071841
0.0009011111484583729 -0.0007391636328161027
0.0006111766041923828 -0.0003396541877736293
0.0004210686341699827 0.000534333276529671
0.00047921222856732416 0.0006704901193816071
0.00015352758705810992 0.00010562711436066613
0.00015245417722784224 0.00037600275593349295
0.0005090661762000513 0.0004391289841706516
0.001017154726450292 -0.0006320670690188635
0.001145768535872909 -0.0006607977807736901
0.00010078390684776351 0.00019974430716215684
-0.000528383196421474 0.0011220590105126746
0.0003666931174089038 0.0015347735468085137
4.0830844105048466e-05 0.0006442455791708361
-0.00016713373036686708 0.0005046887751713906
0.0002804876662642112 0.00015605250023070135
