64
0.003537777954608655 -0.01795333977676703
0.00660801195308331 -0.012601724767177922
0.009847819801020487 -0.0026959937504343477
0.01070097078533104 0.0038566247355526113
0.010204259349278731 0.008178579028128428
0.009087934538588326 0.010633783833596023
0.008921872032582639 0.012505382521377234
0.009474241782747441 0.014115527570872533
0.004032763635227906 -0.016725728697144122
0.006060812426975563 -0.011774416350989695
0.008191879873301559 -0.002635140292451727
0.008641240061126395 0.004446828734185843
0.0077289380509033175 0.008650601735578077
0.006610200362890149 0.010899371572123315
0.006390294548157945 0.012398425081634513
0.006844905627010624 0.013777119071640281
0.0032932013473862477 -0.017230449040543643
0.004330821625066117 -0.011627452059310135
0.005301703952492857 -0.0021232828036969625
0.00489585155259232 0.005582245002456692
0.0032844874050883903 0.009724523971674198
0.0019295230896438852 0.01137708404232454
0.00176570304563786 0.0122927928556705
0.002131712546645398 0.01343673149016742
0.00032729969294957654 -0.01763106554202637
0.0009330382443363731 -0.011030877610722856
0.0013213668275028803 -0.001081966548737054
0.0006075554140612948 0.0069011617425300785
-0.0010051466009104427 0.011181919627297886
-0.002728587487278429 0.012056359058139622
-0.003051612557160547 0.012420096129097277
-0.002922928930793374 0.013157404857631116
-0.003235384422758969 -0.015909337265600093
-0.003148235990423339 -0.00994974751401571
-0.002810314533511109 -0.00011419352170281513
-0.003242798391523316 0.007956172417830146
-0.004237825139936744 0.01239685038150312
-0.005490280710155972 0.013283548474920628
-0.006033317076930573 0.01337805410048738
-0.0061209335507412714 0.013916965991331853
-0.008186803830584904 -0.012949195255138157
-0.007641372090783746 -0.008058771537222734
-0.007270321323214081 0.00092686428610283
-0.006919177517340227 0.008760041968330778
-0.006534743395004644 0.013358625506973906
-0.006237638025215433 0.015043552059339793
-0.00629960979496947 0.015747102602707157
-0.006355347282816135 0.016775911433067957
-0.011920178207260317 -0.009388917707323485
-0.011154606999649524 -0.005937186244068095
-0.010650018328920624 0.0017935151082510523
-0.00951998382822223 0.009398657783093753
-0.007984131475004168 0.014207446980494857
-0.006562786516255362 0.01645375076012176
-0.005606200371574213 0.01808281491316043
-0.005217495516542829 0.01965125229433309
-0.013990534375427075 -0.008489795325193625
-0.012797984395633418 -0.005289190240796825
-0.012302561671896558 0.0019899586867038856
-0.01083549794943124 0.009864139009284687
-0.008578716186641551 0.015122562416659525
-0.006442869276524222 0.017435013648834447
-0.004644776088218599 0.019405769803209277
-0.0037165191941105936 0.021529871746123013
