64
-0.013075938161375845 0.0036486804534970347
-0.013933543051030511 0.0020173744622968464
-0.013951082977794958 -0.0006003964558665034
-0.012415656713238365 -0.0044808144201581015
-0.009774770376269623 -0.008658712768758752
-0.005498219159918988 -0.012254497525134595
-0.0011429869987589474 -0.014480862333216884
0.0013349569470716175 -0.014896741140235247
-0.01443930087638613 0.0027227636386176
-0.014307552116549306 0.0012724455284715535
-0.013478679036105482 -0.0016751562294887506
-0.011598739694077145 -0.005674733767560206
-0.008718641174470724 -0.009553616559458763
-0.004804720370412811 -0.01275659671722212
-0.001288142173072321 -0.014382958482558394
0.0006049488599506682 -0.014790864849108448
-0.014857613730981508 0.0017848495531913094
-0.014104526968769411 0.00012968791854754455
-0.012567601763485257 -0.0035298624447327094
-0.010130603025684609 -0.0078121175706265915
-0.007105434701910975 -0.011500240329436912
-0.0035129363563017545 -0.014024171306581628
-0.0007032056011452722 -0.014935093681061103
0.0007350694026089655 -0.014979043273928577
-0.01381639709256805 0.001977320586317243
-0.01276327864100783 -0.0003731515389246995
-0.011029370868326682 -0.004992276095708929
-0.00820771286913641 -0.009685371077515053
-0.00508919360718104 -0.013116007091367198
-0.0018983213317003483 -0.014859664095953707
0.000333305723482363 -0.015199411162071994
0.0014370592294568384 -0.01536281288209032
-0.011141884527020572 0.0031456101831192906
-0.009923243743002463 0.00020660461629891952
-0.008139361931394362 -0.005427886428736305
-0.005532352300548865 -0.010687245585719646
-0.00297293311772796 -0.013954269277206482
-0.0005973291853718081 -0.0153623887585761
0.0010948438587300082 -0.015461467956760015
0.0019280038501268445 -0.015474230828024935
-0.005925684307871045 0.004987045219764022
-0.005139211007618304 0.0013572826454343893
-0.003851176490678194 -0.005393741618311391
-0.001992613446308722 -0.011174076891668475
-0.00034955931845174847 -0.014268669244522412
0.0011396663412556352 -0.015394673077521322
0.00210273951744539 -0.015664459382940896
0.0026451474631772748 -0.01596982278824484
0.000501229749411103 0.00826051545048878
0.0006559105442614817 0.003767945169205994
0.0008599376052325588 -0.004189998901520323
0.00138027268464364 -0.01097907287976244
0.0017896666518342462 -0.014003133582935421
0.002439847372035724 -0.014740491908861605
0.0031015636430909 -0.014656813379361108
0.0035320139347163 -0.014661794896473618
0.003889973203496104 0.011667731654270071
0.004094942664734149 0.00629752834410848
0.004540906304157417 -0.002487869151369912
0.004020665391524371 -0.01078188697720101
0.0030429320107968508 -0.013883003786340265
0.0030606754020077865 -0.014136741298655012
0.0035266460780357515 -0.01354887800796955
0.003981072081750129 -0.013105923172591594
