170 3.810521439842114e-06
500 3.6616600755034177e-06
147 2.5378588371945204e-07
11 1.508559518022682e-06
19 1.7917978269659419e-06
20 3.302674340830093e-06
30 6.128142842426846e-06
31 3.7475222861903145e-07
33 6.528314877894486e-06
36 4.873995423241903e-06
37 1.6925203390676024e-05
39 2.318957597220866e-06
40 2.49881931580944e-06
43 1.5741479467168933e-06
44 3.673196502283401e-06
49 2.1971935185635042e-06
51 2.427373693973331e-06
56 2.445057341133899e-07
59 1.5607097591550557e-07
94 1.8479261334373978e-06
113 3.539495354876073e-07
115 6.774535759969284e-07
129 1.968776325122055e-06
130 2.4635207343667363e-06
131 4.2515274632846966e-07
136 3.5577044299715813e-07
141 2.4819516152019784e-06
162 2.4781091894497027e-06
167 4.656207014317064e-08
171 7.449414977432728e-07
178 5.863634468503927e-07
179 3.154566809500129e-07
186 1.1060867215231016e-06
187 3.034797892641743e-07
196 2.9188596752928304e-06
206 8.616562286077896e-07
219 4.066409407402869e-06
222 2.599061423342787e-06
223 4.66258738002915e-06
224 1.1174134424389915e-05
227 1.1732489391381951e-06
228 3.7319283695009888e-06
229 2.4549992018229154e-07
230 2.670319106652369e-06
231 2.894757063653524e-06
236 3.287141550394903e-07
237 2.285008234166602e-06
249 5.922258917373627e-07
251 4.644112936912104e-06
255 1.1847458842158563e-06
284 2.119937193091869e-06
293 1.4698383778318464e-06
296 1.1587825713425367e-06
299 6.394572825732968e-07
304 1.8603112817118566e-06
305 2.066879879207649e-06
317 7.735978997325977e-06
318 1.2441331808528288e-05
320 3.693710774936353e-07
322 1.8637333787652716e-06
323 6.044638846156149e-07
324 8.703789708101727e-06
325 7.028706554848363e-06
330 1.6704466844281574e-06
331 3.538624805530578e-06
333 1.568129511411579e-07
334 4.153392303978531e-06
335 4.623266293134695e-06
336 7.845189926416647e-07
340 2.1672342008739046e-05
341 4.935105114656434e-06
353 1.5385108345038687e-06
354 1.6745068136974512e-06
355 9.91189198345187e-06
358 2.7287026414818033e-06
366 1.9005903421696831e-06
373 4.5812950061805625e-07
377 7.90186922632413e-07
378 1.3267664657542095e-06
380 2.2130829945879814e-06
381 9.696022080928816e-07
390 8.365438713406461e-06
414 6.0386004191354025e-06
416 3.230494160488589e-06
432 6.279280606903792e-07
440 6.191101810935493e-06
441 6.147154374645148e-06
450 2.5713975552771833e-06
460 7.299464364484371e-07
464 1.726585955711749e-06
467 5.210803308634819e-05
468 7.611311273410922e-06
473 6.159671837357175e-06
475 1.2819091336752725e-05
490 5.683013789509503e-06
494 1.1945815300103288e-05
495 2.6752545765865322e-05
496 4.959623856295765e-06
498 1.0109603677226657e-05
501 0.00010043412506284554
502 5.098909385052678e-06
509 5.006620695789741e-06
521 1.0451270003538127e-06
538 4.786778791375816e-06
543 1.5503667863378754e-05
545 6.096141041338192e-07
546 1.281475030448484e-06
550 3.527608863780996e-06
555 6.086543945293558e-07
557 8.622069177052616e-07
560 1.6948723955906583e-06
567 4.613268915527572e-06
570 6.983574662377542e-07
571 2.595439826488294e-07
572 3.23669148706837e-08
576 4.383428020552851e-06
577 4.119440930961874e-06
578 7.66814178289794e-05
579 7.435335457687062e-07
580 2.9448534955266935e-06
581 1.42383087417567e-06
582 1.886848338867062e-05
583 1.2742046333087506e-05
584 2.7375791053850457e-06
585 2.8849200011637193e-06
586 3.666759512661942e-05
587 1.7081682358079848e-05
590 1.2600647249225412e-05
592 6.169136695134856e-06
594 9.062217162981947e-06
596 1.7712438160893008e-06
604 2.4101559640430875e-06
608 6.59426119794443e-07
613 2.2951609053535464e-05
624 1.1900314919069087e-06
634 4.3166321931981404e-07
650 1.5681154126291679e-06
652 1.3647505363032615e-07
653 4.305070371707883e-06
656 1.0490857481365237e-06
658 2.645682459038851e-06
660 5.810745664287802e-05
661 7.687075642545175e-06
662 9.508309894042576e-06
663 3.298125414792716e-06
664 5.080115666568149e-07
666 4.341332686596858e-06
668 6.8778502309171325e-06
670 2.2083426389849845e-05
671 6.090989865191408e-06
673 2.796428404320714e-06
674 6.427995901992246e-06
676 5.466478124817389e-06
677 3.05323650771716e-06
678 3.5106980157750373e-07
683 2.1648372700864646e-06
684 3.142168312338589e-07
685 1.9341671232121702e-06
688 2.589381175563826e-08
689 1.019030098271207e-06
690 1.7618730871077105e-06
691 3.873949034403975e-06
692 7.379981339787147e-07
693 3.155629423573758e-06
694 1.6021981457930852e-07
695 1.4724681116116585e-06
697 8.499072550333095e-07
698 2.191991787861752e-06
700 2.3293568326155518e-06
703 9.094221113858909e-07
704 2.638978085140823e-06
708 9.134436652722696e-07
716 5.629735776098929e-07
