0 0.00021913104645653853
1 0.00010753642329592828
3 0.00015112803205515044
21 4.3491297356679655e-06
29 0.0001842658738897105
34 4.6862107764976636e-05
42 0.00010186984068866693
48 6.002714259112331e-06
149 1.6414485102590292e-05
157 1.3725608568299134e-06
158 4.11245622023591e-06
160 4.51002190381366e-06
165 5.538233351131706e-06
214 6.66761068574089e-09
243 4.713695025922043e-05
252 3.8061667207828924e-05
352 1.8729782858464052e-05
379 2.416022903429059e-05
484 0.00011023985583591476
486 0.0003457058422340346
524 3.192671431774891e-05
544 4.155825569401897e-05
552 2.479037214966558e-06
665 1.2710433885467528e-05
6 4.7612836707247814e-06
9 2.4500983312315134e-05
16 5.177044162816877e-07
23 2.1040106095792704e-07
26 4.361661453123034e-07
27 1.5608701905703733e-05
46 4.520636424550712e-05
52 6.410033353607722e-07
55 5.949387442462571e-07
57 5.3479760674386744e-08
58 9.659064396914096e-07
61 5.2465288997098525e-08
68 5.6598289889542154e-08
69 2.2056598934016796e-05
70 9.970338599626644e-07
72 7.199364420451922e-07
74 1.3577358478413068e-06
75 4.534822780263973e-07
81 1.1613615491440273e-06
82 1.8197739831942333e-07
84 1.0930067377049499e-06
85 3.185413677479027e-07
89 9.34959949443304e-07
90 4.48045497868324e-08
91 1.1336975450366299e-07
92 1.1916180529518548e-07
95 2.659135625741296e-08
97 7.745955658991248e-08
98 5.040456809198552e-08
102 9.001100934445972e-08
103 2.4678840687383043e-08
125 5.364931246844023e-06
126 4.556199271156211e-08
127 2.0566821756059264e-07
140 1.0238158101426513e-09
144 1.025556255192429e-09
145 1.0408998556594619e-05
148 5.397360391249213e-08
151 9.82130938247836e-07
152 5.373766740142083e-06
154 9.622796692662827e-07
175 3.547888383158163e-08
180 7.512035303856593e-09
181 6.876564407080351e-08
190 7.762823525252183e-07
193 9.294085568929617e-09
195 4.1563107489844564e-08
199 1.1211736624159456e-06
202 1.3093059942772793e-05
203 2.2721670634429714e-07
207 1.4780304294587763e-07
208 1.6711960266819207e-07
210 2.008334897898488e-08
212 2.7778410061416444e-08
213 1.621428973462036e-08
217 2.2438163463642176e-08
221 7.576984781623882e-05
225 5.3502736961535e-05
246 1.782205221639851e-07
247 3.415532405828703e-05
265 7.092331182120184e-08
266 2.0242551350182347e-08
267 1.5179220693084667e-08
270 6.016540762654542e-08
271 1.640518375668497e-08
272 2.94634799784575e-08
281 1.2896325710278464e-07
283 5.988693672278638e-06
295 3.019651120939694e-07
307 9.607505618001013e-08
309 1.7128959498347069e-06
311 1.6437194016559693e-05
316 3.5041159453324423e-07
328 1.4773965484883852e-05
338 1.1504741795308494e-07
349 3.147107158208849e-08
367 4.649195190055642e-08
370 3.564226535303268e-05
382 2.0114978967769166e-07
383 1.6557393940389834e-09
384 2.9154453394691476e-07
387 1.5236002532535248e-07
388 4.416946913751228e-07
391 5.520538570903509e-07
393 5.810945610992609e-07
396 5.669546196275363e-07
398 2.410446348298314e-07
399 2.38392217520444e-07
401 2.536152867881285e-07
402 4.000107736551216e-07
403 2.6194370448241053e-07
406 9.728716782830812e-06
408 1.5335103850612084e-06
409 4.258850537028768e-05
410 3.118582833393313e-07
411 4.4685696880923784e-07
421 3.541239627955365e-09
430 4.2461691768368083e-07
431 6.787847250016908e-06
433 6.296135536079102e-07
436 3.245296020263869e-07
438 2.3488012040341223e-06
439 2.803587998493599e-06
443 5.37173066814413e-06
449 1.6666047791709684e-06
451 3.1304615701173637e-06
453 1.7652462434891284e-07
456 8.043808614545682e-07
458 2.4894256630538163e-07
461 7.953398223445932e-07
463 2.524338390739912e-07
466 4.480455683593119e-07
470 2.9985841807046014e-07
476 9.376065710944219e-08
477 6.712899305533102e-08
479 2.261079935688039e-09
480 9.022527204640764e-05
485 0.00012965857313061217
487 3.992233248433454e-07
492 4.2751713444521e-07
497 8.410859573828088e-05
506 4.309819453205471e-06
511 5.46139236158639e-07
512 2.032624350535442e-05
513 1.4086064812784935e-06
516 3.20469840353921e-06
520 2.3973355103475906e-07
522 1.5328295572255585e-07
525 4.5162005504654976e-07
527 9.192285529112598e-07
528 6.438130666627339e-06
529 1.7229747359319432e-07
531 5.6365521036459924e-08
532 5.773518887112475e-07
535 2.087433170091045e-06
536 4.4299557973843473e-07
540 1.54762431437793e-07
542 3.059454689629918e-07
551 8.403265177788301e-07
556 9.530422232720994e-06
564 3.4212804942879465e-05
566 2.5080057165972734e-05
598 1.39981115151354e-07
599 3.0539599454323224e-07
600 1.7274408181912457e-07
601 2.0608685989512412e-07
603 1.0733330299902179e-05
606 5.861411073995131e-07
607 0.0001432026757850235
609 1.3398227863206979e-05
611 1.25631221954488e-06
612 2.743489955445666e-07
614 1.5516952560556943e-07
615 1.6309205652067256e-07
617 2.3738216002248187e-07
619 2.798899389014478e-07
627 4.1915330182422606e-07
630 3.749747262056816e-07
631 1.948424332323493e-07
632 3.2525444264428603e-07
640 1.818324107240205e-07
641 1.1227738034033233e-05
642 1.0771113607004754e-07
644 5.752994305947013e-07
645 2.815812386765078e-07
647 1.5241021014899275e-07
648 4.253781395866404e-07
651 1.769114086349979e-07
667 1.4486825879725827e-05
687 2.7754572279744554e-08
699 4.620219288034978e-08
710 2.4220047413754495e-06
711 7.589135921324605e-07
712 4.775212247747776e-07
714 2.281747289168708e-06
715 4.726116427223866e-08
482 1.1097766605279582e-05
2 6.722882914597912e-08
4 2.917352895467691e-07
7 1.0229028341070594e-07
8 1.3729293325514848e-07
12 1.0802020632840374e-05
13 3.529350968070767e-08
14 4.2146682724754396e-08
15 1.0131784582941731e-07
22 1.6648061784930973e-07
24 1.6866088405940052e-07
28 3.9377583833246904e-05
38 6.569232486499774e-05
41 3.058421324916979e-05
45 2.5754962540902047e-08
50 8.60756670195786e-09
53 2.2674282350643975e-08
54 1.803651950138318e-08
62 2.1838339025084774e-07
63 2.8995139441473765e-08
64 1.55180054754492e-07
65 2.2594724663193373e-06
66 4.3036666000444397e-10
67 1.371267834929004e-07
71 6.17403928687509e-08
76 1.3678025846024713e-08
77 1.3678025846024693e-08
78 1.5044195190579236e-07
79 5.1075163524664656e-08
83 5.53060272497444e-10
86 4.996424194882195e-08
93 7.343747362728833e-08
99 1.939145775472781e-08
100 2.0871622332264012e-10
101 2.6106063503933503e-08
104 5.8909171986938133e-08
105 5.5027762646799205e-06
106 2.075321730412749e-06
107 1.1924171029861183e-09
108 1.6412760080115202e-09
109 6.754658889022734e-07
111 2.6282804572245068e-08
112 2.6798742410271607e-09
114 2.39033496495865e-06
117 8.571481264014877e-07
118 2.463238248749032e-09
119 1.1951705288050826e-08
121 9.999125538424041e-09
124 1.1268173385754206e-06
132 6.323838137173611e-08
133 1.6003308531583346e-10
134 1.0744659702629317e-09
137 3.403182564315736e-10
138 9.074255057379992e-10
142 2.1338123021146502e-10
150 4.760248917851012e-09
153 0.00011035614200404459
156 8.574044450941707e-08
172 1.0179242220852652e-05
173 8.909107006881811e-07
177 8.882771588311538e-08
182 3.428581019544362e-09
185 7.286381696380891e-08
189 8.344521757188799e-08
194 3.2026460737693816e-10
197 1.6832333073661497e-07
198 1.4480495616665365e-08
200 2.451401754688209e-08
201 4.991024888709068e-06
204 1.837601064005716e-08
205 1.2459355598245667e-07
209 2.7295850285979813e-08
215 4.4980357927183716e-10
216 6.462796432978536e-08
218 4.290569834533061e-10
220 3.659670537698562e-07
232 6.967313198945043e-09
233 1.7213393157260027e-09
235 2.671360125324119e-09
238 4.098480702728134e-09
239 1.0720291365969328e-08
240 2.43361170962778e-10
241 4.829145134009351e-08
242 3.4642586843907137e-09
244 1.3408506134149953e-07
245 2.0624082996413847e-05
254 2.146933508930449e-08
256 1.1602757915479582e-06
259 2.4653157158141994e-07
260 1.915872989392188e-08
261 1.342510887794451e-08
262 1.521391203689004e-08
263 1.849874022988985e-08
264 1.5824603597378091e-07
268 1.010943172847851e-08
269 3.094196580180186e-06
273 1.1052148176792487e-06
274 1.1578572451256993e-08
275 1.2661644689590007e-08
278 5.085903243673699e-09
279 9.136329689832788e-08
280 7.586796554667895e-08
282 1.7847251280538498e-08
285 6.602739528168843e-06
287 2.527963247428652e-08
288 4.919429946787803e-10
290 9.967295155398721e-09
291 1.3609899268853336e-08
294 1.8308721267196605e-08
297 2.6463209575502037e-05
298 2.0522623104848846e-07
300 3.270041709607776e-05
301 1.4392909548738864e-08
303 1.3232074390518007e-08
308 0.00010355500740794074
310 5.488944952497881e-08
313 4.368633787613063e-05
315 5.3303750476707565e-06
319 1.0668400481440744e-07
337 1.280102491207964e-08
343 1.1122364910911626e-05
344 5.48201169311051e-09
345 9.603913681557166e-09
346 7.246503548693588e-09
347 1.4271236270576211e-08
348 2.2803006980871476e-10
351 2.1119247780651717e-09
359 1.2060205442993755e-05
361 8.910626570008053e-08
368 1.2150520392725726e-11
369 3.03452638984183e-07
371 1.0316481367475565e-07
385 5.2755943533149375e-08
386 3.5029016855429334e-08
389 9.067013622785026e-08
392 5.349283321309115e-08
394 3.0157005134908885e-09
395 1.0213696605465935e-10
397 9.464138522502968e-09
400 6.422381748215924e-10
404 3.4748811573162934e-08
405 9.087145328101101e-05
407 7.013418047692602e-06
412 1.1279291064326255e-05
413 6.110486845820673e-05
415 7.705916020617213e-09
418 2.6743809850074773e-10
422 5.072294410079872e-10
424 2.078975789789451e-09
425 1.3962487686849875e-09
427 6.170410606907499e-10
437 7.730145228585073e-08
442 1.2726569192530013e-07
447 9.58131223477548e-08
448 6.616117701002714e-08
452 1.2796221928261905e-07
454 1.9775507297923402e-07
455 4.538735667569192e-05
457 3.0585550029320503e-09
459 1.1963182512495842e-08
462 3.432804864477088e-07
465 3.9870593793794114e-08
474 1.3870756430022027e-07
488 6.930454487763443e-05
489 0.0003594494132829498
503 3.459433616331e-05
505 6.975868258896867e-05
507 3.6827999908804707e-07
510 4.5845726492201693e-07
514 3.513468764697137e-06
515 5.851918431242054e-06
517 6.7616025449136915e-09
519 1.1909666274694026e-07
526 1.4132950400190698e-06
530 1.042934317097855e-06
534 1.1573512982356675e-07
537 1.1407196346516927e-07
541 3.999559044722236e-08
553 1.4650024143152493e-05
562 2.407537732306093e-05
563 3.620373769292486e-08
565 2.207398420394283e-06
593 7.1478742386699655e-06
597 1.239729470475916e-06
602 1.0091204237543432e-07
605 1.6056738858321725e-07
610 1.7008652104390123e-07
616 1.102980900127436e-07
618 1.3186066242007817e-07
620 7.957640996149964e-08
621 6.982353880264593e-08
622 2.080251120300597e-07
623 1.3845419647327066e-07
625 3.9167231796900034e-07
626 2.0605217397795167e-07
628 5.202670513200816e-08
629 7.968412759076184e-08
633 1.1207657510234563e-07
635 7.711136487996919e-08
636 8.821626554706353e-08
637 2.3241756750058236e-07
638 8.581056413873533e-08
639 1.2018365756819358e-07
643 1.1572736360470918e-07
646 1.5902407332823073e-07
649 3.6498633870782673e-07
659 2.9333345462423965e-05
681 2.965215079795329e-08
709 2.7109670638135192e-11
713 7.736521692466759e-08
718 7.293217253212005e-11
719 1.1028318301386133e-08
720 6.933435405532792e-09
146 2.6621398055269696e-10
339 1.2597302722236768e-10
420 1.067390058981729e-08
428 4.639624017916906e-09
547 5.27737462786902e-06
10 0.00016991468551456686
17 7.395461168665728e-06
18 1.312852511127923e-06
60 5.637318152055859e-07
73 5.331338009989299e-05
110 1.0443075990921824e-06
116 5.068249932843467e-07
128 1.8074143307835215e-06
135 1.7201650017196064e-07
139 3.8124359625962493e-07
155 2.2665895509678056e-05
159 3.1268482413090275e-06
161 4.9458904422744e-05
163 2.724482168328689e-05
166 5.888899542295707e-07
169 3.7619926630655543e-06
174 6.660482338332905e-07
176 1.6964669474063457e-06
183 2.4540384418246227e-06
188 2.715116709585385e-05
226 8.562537099066226e-07
234 2.2767161584565356e-06
250 1.9999956808107e-06
257 1.7214343527625243e-06
276 8.209956406150719e-07
286 3.193105855637045e-06
289 2.1816201998959442e-05
292 5.551470791606516e-06
302 1.2833243653638352e-06
306 3.4527505585567533e-06
312 1.8057898243554658e-05
326 1.9496389664968996e-06
350 5.901460439834719e-07
356 2.4172257723964726e-06
362 1.0254791450272085e-08
363 2.2183965331706116e-05
364 2.507986258321602e-05
365 8.933432971015815e-06
372 7.116311122472745e-05
375 2.951735853272658e-06
419 2.4916047145517497e-07
435 4.603807915062897e-07
445 9.006933593476295e-07
446 7.221401789398998e-05
472 6.707803884760414e-06
481 0.0001450918016843834
548 2.2662031225047874e-05
549 0.0001120327779774138
554 9.138210918874571e-06
559 3.6503473854130875e-07
561 1.3193293742991372e-07
568 3.3445518906723897e-07
569 1.4746118482095553e-06
575 1.584215372697901e-06
669 2.402487118804735e-06
679 1.0110625092804636e-06
680 3.540415088009157e-06
682 6.022061805797347e-07
706 3.4388436851643095e-06
35 9.440431448028235e-07
25 3.518186186564062e-07
80 3.876911101895242e-06
87 0.0001730354432945382
120 4.9359953719411045e-06
122 5.1979832925834075e-06
123 1.8678861314699042e-06
184 3.2779424712137517e-06
191 3.857448524322752e-06
211 5.7449446451199245e-06
253 3.1647550974624074e-07
329 2.3973419748001187e-05
332 2.3540554888243076e-05
342 7.061410427453537e-06
360 4.346391354177773e-05
374 3.3920235967811396e-06
423 1.5210196427381441e-06
429 3.0590691914485715e-06
434 2.450244871869612e-05
483 1.3182758060300181e-05
491 7.493049823680331e-05
518 1.3760121452410319e-05
533 1.5711714177661235e-07
539 3.718790274940396e-07
574 8.361416757250641e-05
654 6.894951816220842e-05
675 3.190384488472641e-05
701 1.290575803552507e-05
5 7.549194908775264e-05
96 3.087799002123058e-05
143 7.26200431999359e-08
164 1.889743520080683e-06
168 4.171052658965104e-06
327 2.0399214022955075e-05
376 6.175468847870629e-05
426 1.0299981993552032e-05
444 2.96143934289229e-05
471 2.2678535902280274e-05
493 9.640798975935814e-06
499 0.00048337230012468723
523 1.93781687362518e-05
558 3.529852038968375e-06
573 5.152433543861853e-05
192 1.227758207382944e-05
314 1.0052435367092907e-05
357 3.879197179062722e-06
417 9.253594498936601e-07
504 1.9339591643485284e-06
591 2.1952253827178817e-06
595 7.105692319693191e-07
655 7.030978128778492e-05
657 1.5335961605033354e-05
702 1.621927353348304e-06
705 2.338684024024474e-06
707 2.2849710735894567e-06
32 8.277777600862461e-06
88 5.1622121961719764e-05
248 2.162643611345925e-06
277 9.448910472993658e-06
469 1.6889381653730446e-05
478 1.2337132594645628e-05
508 1.2583091817967559e-05
672 0.00010534702214288372
258 5.358639136638902e-05
321 8.529184919857194e-06
588 2.3907090375327053e-06
696 1.4345488280423314e-05
47 5.600689400210516e-06
589 1.3537066668023745e-05
717 1.9219998545208157e-06
686 4.663072800719566e-06
