1 0.00013566931951149996
2 6.01254623250951e-08
3 0.00014862096424242334
4 3.4855867543745716e-07
5 6.625865299344102e-05
6 9.141496549356013e-06
7 7.06090904351159e-08
8 2.414394413041559e-07
9 3.8649518700590186e-05
10 0.00017986829849231444
11 1.9959920682532477e-05
12 1.1690080496372324e-05
13 5.3550694056048576e-08
14 1.5624775376532824e-07
15 8.29371413466423e-07
16 4.5183981116177154e-07
17 8.235729312290925e-06
18 1.3861192974166728e-06
19 4.2879525885308565e-06
20 4.848982232064547e-06
21 7.521762002121283e-06
22 7.16535166730692e-07
23 2.562495932535739e-07
24 8.991335684051144e-08
25 4.2384925797734683e-07
26 2.5653342812307376e-07
27 1.4035002016098916e-05
28 3.769315959372031e-05
29 0.00022075137283970522
30 1.8991047436445093e-05
31 1.7711574412044875e-06
32 9.526974375228332e-06
33 3.7323287139769916e-05
34 4.7310499437115e-05
35 1.3207683516682848e-06
36 7.515101854262778e-06
37 4.0077137023392574e-05
38 5.487718925944245e-05
39 6.552445299026724e-06
40 6.278540715366413e-06
41 3.157845072818532e-05
42 0.00010646448341821772
43 3.247348524762381e-06
44 4.585309678186568e-06
45 9.926925089867868e-08
46 4.7385380917308e-05
47 6.393001901116854e-06
48 6.7135905555213066e-06
49 2.9916276261594628e-06
50 4.618630675953035e-08
51 7.327022716744077e-06
52 7.186623781060744e-07
53 6.846536780577758e-08
54 2.8388416495108072e-09
55 1.0393161957149663e-06
56 1.8248907287690328e-06
57 3.6127353590003623e-06
58 1.0582854969533125e-06
59 4.181469071352719e-06
60 1.0346828361755556e-06
61 3.8937692360457295e-08
62 2.2673517170773987e-07
63 5.474177841691122e-08
64 1.323510155132469e-07
65 3.393479705398099e-06
66 7.49050681334018e-09
67 1.432374831325511e-07
68 5.402938400545786e-07
69 2.081853856559878e-05
70 6.677153443761695e-07
71 1.7726950869239045e-07
72 5.706833006495397e-07
73 6.717010995007884e-05
74 7.786139463102733e-07
75 1.1271202184202205e-07
76 4.8247352993227725e-08
77 3.573846188725746e-08
78 2.435786967953728e-07
79 1.4290804380288775e-08
80 5.939676918181698e-06
81 6.347302229171883e-07
82 4.956416414509915e-07
83 4.4223491643930745e-09
84 7.11971824581943e-07
85 2.5830166473209537e-07
86 3.6804380176027965e-07
87 0.00019582881672705117
88 6.190699451767867e-05
89 5.848396012989553e-07
90 5.9372950346905205e-08
91 2.8907602813343197e-07
92 2.423682495371627e-07
93 5.756891101719955e-08
94 4.954878478722031e-06
95 1.682542355926489e-07
96 3.873003736699293e-05
97 4.041868878604234e-07
98 2.1561075860263308e-07
99 6.552344121434262e-08
100 7.334081484314929e-10
101 2.5644376052846252e-08
102 2.827464037970006e-07
103 3.568384730252835e-08
104 1.4859582798283562e-07
105 6.057175727660108e-06
106 2.533097979740967e-06
107 3.9084540083608633e-10
108 9.046280876895317e-09
109 8.407558477620034e-07
110 1.1238109679980782e-06
111 3.393534648063435e-08
112 7.13003416401721e-09
113 5.299144856080609e-06
114 3.2808963510102586e-06
115 1.048003230339921e-05
116 6.578844795818111e-07
117 1.7128459679662627e-06
118 6.43039513143647e-08
119 2.2727474700448216e-07
120 9.776158044898035e-06
121 1.1778865709825626e-08
122 1.0331883093532543e-05
123 4.7574579390015575e-06
124 3.3934694555036784e-06
125 5.5428007864623485e-06
126 3.846557717408985e-08
127 2.1292858607530432e-07
128 3.565141327196504e-06
129 4.493274351823371e-06
130 1.1415649516819064e-05
131 1.3782237920564574e-06
132 1.1016702801150179e-07
133 1.196823471119444e-08
134 3.1966978061442927e-09
135 2.396664859696483e-07
136 4.369978263920558e-06
137 4.098773237447884e-09
138 2.4173140170210876e-08
139 4.673107059595489e-07
140 6.630837522683792e-09
141 3.903736191805183e-06
142 2.137936505303726e-09
143 1.1808554646723483e-07
144 1.2378817970484579e-08
145 1.1962404853241089e-05
146 1.293412304822884e-09
147 6.556237461851251e-07
148 1.1270216752856691e-07
149 2.2514921007868893e-05
150 2.502257465404261e-09
151 1.849583940833466e-06
152 4.422839349497033e-06
153 0.00012540893442228757
154 1.4498384986570286e-06
155 2.7882926209112158e-05
156 1.5411168675874085e-07
157 1.95416345519546e-06
158 4.995015260327314e-06
159 3.849514931552192e-06
160 5.271105218068269e-06
161 4.7018056967854245e-05
162 2.5248545846304235e-06
163 2.7354586851223737e-05
164 1.789431798135647e-06
165 6.642790654229019e-06
166 6.61195831973697e-07
167 6.250282022866852e-07
168 4.527361471588826e-06
169 3.819185766431379e-06
170 6.089341864179769e-06
171 6.68002349432044e-06
172 1.1755499666803006e-05
173 9.94429001961407e-07
174 7.964395456991305e-07
175 3.0098210675896254e-07
176 3.537776709076636e-06
177 3.5710725785026703e-07
178 1.3078113416732927e-06
179 1.958950028532074e-06
180 1.4705697213235524e-08
181 9.673784787339022e-08
182 6.26203132048932e-08
183 3.649528957984028e-06
184 6.461087247062518e-06
185 1.7466481226649135e-07
186 8.504192588051545e-06
187 2.3202639067348894e-06
188 2.8465443551989072e-05
189 2.723859965813047e-07
190 8.820663996984453e-07
191 5.521290134064887e-06
192 1.4948139592223336e-05
193 5.993550371073462e-08
194 1.8060963583866586e-09
195 1.1309375646893275e-07
196 9.816955382450713e-06
197 1.881470936906426e-07
198 2.9735567679248033e-09
199 2.9176254081324193e-06
200 1.9881628281258262e-08
201 5.886543069526458e-06
202 1.5344504012298444e-05
203 3.732444245695265e-07
204 9.22841565601223e-08
205 2.582984538363325e-07
206 2.441896083486257e-06
207 1.962749297874509e-07
208 1.97217157350428e-07
209 1.904402615147013e-08
210 9.912830726539779e-09
211 7.629608648285773e-06
212 4.125496598155619e-08
213 2.3924345710519136e-08
214 7.454824716890658e-08
215 6.553771782394247e-10
216 1.7506548737827918e-07
217 4.742081325985719e-08
218 3.888202282609461e-09
219 1.5225315435840655e-05
220 5.165362194295912e-07
221 7.932465406789854e-05
222 8.3423633594056e-06
223 1.2072420369634734e-05
224 1.4561371199199542e-05
225 4.705003334686082e-05
226 1.133207162937018e-06
227 8.070901895321855e-06
228 1.018988229556479e-05
229 6.933055997095783e-07
230 4.6639425454045235e-06
231 4.270596872502849e-06
232 4.7526956092096935e-09
233 2.0675730161468036e-09
234 3.979853755875257e-06
235 2.754093974275772e-08
236 1.2912420984782291e-06
237 4.205165976520054e-06
238 1.6281470843549474e-08
239 1.0748643640423116e-07
240 3.589430304546245e-09
241 5.461103277821699e-08
242 6.906636807477422e-08
243 6.137897176895234e-05
244 5.95377756769075e-07
245 3.45226706493036e-05
246 4.721678961789962e-07
247 6.529531935541922e-05
248 4.07149244549813e-06
249 9.62689372248712e-07
250 2.295298354612349e-06
251 2.0376209809897198e-05
252 4.3770372859448106e-05
253 3.4250827624887586e-07
254 7.99219695130771e-09
255 7.1348757000090645e-06
256 1.2159808210119932e-06
257 2.0702657614762092e-06
258 5.381625788869289e-05
259 2.506828844762949e-07
260 1.2153225258202787e-08
261 1.3691578307798664e-08
262 6.467973082965972e-09
263 2.90841244161485e-09
264 1.6103298486863917e-07
265 9.871928801333455e-08
266 6.855089922704449e-08
267 1.478066081297095e-08
268 3.688537374659545e-10
269 3.4093732703724223e-06
270 1.5281436845710116e-07
271 1.3238637748905755e-07
272 1.6080355758671621e-07
273 1.108470166766004e-06
274 1.9064524340082454e-08
275 1.8058583865577967e-09
276 1.581270116004813e-06
277 2.4522056030939704e-05
278 7.659008853768414e-08
279 1.0448646701960148e-07
280 5.538809965166071e-08
281 2.1589003639133892e-07
282 5.5282609446510155e-09
283 7.0187988436524675e-06
284 3.017772364853399e-06
285 9.200692985101504e-06
286 3.3867517334531424e-06
287 2.1784168540564238e-07
288 6.404110819178795e-10
289 2.3654553845639097e-05
290 1.4430915540049455e-08
291 4.938643007803566e-08
292 9.346508434160232e-06
293 1.3407143349440017e-05
294 2.7018113663533573e-08
295 4.2654692707107135e-07
296 6.837661070459157e-06
297 3.491028986804907e-05
298 2.702994915442359e-07
299 1.32565639989377e-06
300 2.9255553043148695e-05
301 1.3388525112192792e-08
302 1.924306842891015e-06
303 5.444891267082322e-09
304 2.2448928181723215e-06
305 7.711544039928096e-06
306 3.3269981174027696e-06
307 1.0891812851499786e-07
308 9.530618798243006e-05
309 2.0837164916194143e-06
310 3.6359157399738196e-08
311 2.0928946722401466e-05
312 3.84597798973959e-05
313 3.528489683498373e-05
314 1.2770134284266225e-05
315 8.059988814168861e-06
316 4.197734652729906e-07
317 2.4535448663578357e-05
318 2.6551221229362104e-05
319 6.889551231637949e-08
320 7.34177882911468e-07
321 7.95668217319204e-06
322 6.958505627286402e-06
323 1.842318759854735e-06
324 3.177633005799945e-05
325 2.8288518286168575e-05
326 2.40250809104793e-06
327 3.062778888287197e-05
328 1.2106279498453997e-05
329 2.900127121401308e-05
330 5.487520864533323e-06
331 5.981724126694771e-06
332 1.8523005775907773e-05
333 9.329895636022348e-07
334 1.578947356511573e-05
335 5.120763042042644e-06
336 5.14910327538857e-06
337 8.72570754085066e-09
338 1.4656118099027416e-07
339 5.714264698466099e-10
340 5.449187624481389e-05
341 6.232685828946079e-06
342 8.687412964810006e-06
343 1.4849672678761273e-05
344 1.1008486099810615e-08
345 1.0829261082142434e-08
346 4.469811672028791e-09
347 9.011641993374813e-08
348 1.5350565920361669e-09
349 6.98623687806673e-08
350 6.530616324916721e-07
351 8.210946012213991e-10
352 1.9978036839037592e-05
353 4.872418081896874e-06
354 5.3896947689089594e-06
355 1.40506856582923e-05
356 2.771653409009642e-06
357 3.6852365644366255e-06
358 2.7566564783593574e-05
359 1.2691801793895439e-05
360 4.593833417232579e-05
361 1.2652403552449757e-07
362 1.1064140302373177e-08
363 3.0590745212289816e-05
364 2.330946881710578e-05
365 9.703270465471524e-06
366 9.127459859631032e-06
367 7.1836747756307e-08
368 1.4793595418234986e-10
369 3.1930169115683276e-07
370 3.5261409006613497e-05
371 2.0672673804351833e-07
372 7.512773354730841e-05
373 2.372832679072251e-06
374 4.4298904663934465e-06
375 3.8562104459430154e-06
376 6.474233302414294e-05
377 3.21457866294096e-06
378 8.44662297115983e-06
379 2.4609274310547737e-05
380 9.79495347922682e-06
381 2.4440871824846633e-06
382 8.143488383894345e-07
383 5.923603019907974e-07
384 3.7736126695353293e-06
385 2.018081850530837e-08
386 1.9884354393029476e-08
387 7.081278194920896e-07
388 1.0768130458700132e-06
389 8.816219389290172e-07
390 1.0901773848328902e-05
391 5.0847979582772e-06
392 2.1057301292716124e-07
393 3.430366604086331e-06
394 3.83800841338566e-09
395 5.444662207998393e-09
396 2.536824375793248e-06
397 1.7340418175166046e-08
398 6.758955561370074e-07
399 4.5271331078212044e-07
400 5.174934127128781e-09
401 1.8106544133684494e-06
402 1.7562693923752516e-06
403 1.3708134077465923e-06
404 1.5520767622795892e-08
405 9.820813876274472e-05
406 8.908581271988638e-06
407 1.6122875953122492e-05
408 3.891553714415571e-06
409 3.844714161753436e-05
410 1.1356022247359014e-06
411 5.1342410575342415e-06
412 1.2417993221061165e-05
413 7.224545174270635e-05
414 3.2096019713307374e-05
415 8.903424595508e-08
416 1.0640569433761347e-05
417 1.3808478507663705e-06
418 3.521241163255666e-08
419 4.183755343142842e-07
420 1.5278224122310517e-08
421 3.175096810899805e-08
422 2.8777626250161956e-09
423 1.8818329329526922e-06
424 3.7162328619885306e-09
425 6.064739598147429e-09
426 8.930102540245994e-06
427 1.2452824942091118e-08
428 2.1621718227787792e-08
429 4.00431033343531e-06
430 9.904658039653224e-07
431 7.683862094239666e-06
432 5.998131283882486e-06
433 6.607698839958126e-07
434 3.0158993874113557e-05
435 8.403027802121622e-07
436 4.522789150156351e-07
437 3.967878565522516e-08
438 1.6953169123528301e-06
439 2.5507617360396715e-06
440 9.385067788588911e-06
441 1.6723555037071136e-05
442 2.1983899838265553e-07
443 6.791463302759041e-06
444 5.3195850945819364e-05
445 1.2377379785891838e-06
446 8.562565438766799e-05
447 1.3346840513796655e-07
448 1.019963717019228e-07
449 1.7567463400245157e-06
450 1.1686651674273072e-05
451 3.332756764305905e-06
452 8.134596100993159e-08
453 1.8908888060983357e-07
454 8.438718447738556e-08
455 5.346635511457896e-05
456 2.900938428042699e-07
457 7.056316729364315e-09
458 1.9203232962292255e-07
459 5.0851788450918595e-08
460 6.049999717743505e-06
461 7.386726005338135e-07
462 4.4600299636536836e-07
463 7.753425711947391e-07
464 1.6100502745719934e-05
465 1.0845413185398912e-08
466 4.6785547822273156e-07
467 6.554494842122672e-05
468 2.4762368534293392e-05
469 1.8465692506862415e-05
470 1.5481561688872614e-07
471 3.2854605545953964e-05
472 6.969550699198375e-06
473 6.566794037772638e-06
474 1.577880846766518e-07
475 1.8602877960841214e-05
476 1.0591672155544048e-07
477 1.632596387375889e-07
478 1.6478605999542966e-05
479 6.820251078453438e-08
480 0.00011450713041337534
481 0.0001902509021346099
482 1.0082694631967729e-05
483 2.1254511586317698e-05
484 0.000136653547578185
485 0.00016790089634167478
486 0.00037727056269827537
487 3.586760837956811e-06
488 9.303181699485763e-05
489 0.000424512377886902
490 2.2666728823728727e-05
491 8.291806227407727e-05
492 5.683976527959256e-07
493 8.750242414119276e-06
494 1.174513123157183e-05
495 5.262655817017421e-05
496 8.914767331707363e-06
497 9.253145047016964e-05
498 2.791513640900196e-05
499 0.000483698287373225
500 5.389370581816954e-06
501 0.00012713180160680372
502 1.3481358691875672e-05
503 4.2463256009793954e-05
504 2.634580902056818e-06
505 9.193021236004316e-05
506 6.707940860537369e-06
507 5.614557869304038e-07
508 2.9518888440702152e-05
509 1.0999686702487106e-05
510 1.1233995919783063e-06
511 6.733062200657907e-07
512 2.0031058795317626e-05
513 1.068427353658158e-06
514 5.1267958786173975e-06
515 1.2763900040353246e-05
516 3.3274125800283015e-06
517 1.2364555159520672e-08
518 1.9482124923905988e-05
519 3.030782971367826e-07
520 1.128720779746905e-06
521 8.79682328663413e-06
522 3.826908820392982e-08
523 2.947688002785556e-05
524 3.2859993922206127e-05
525 4.3512770466215333e-07
526 1.9539495231565544e-06
527 7.795880490217741e-07
528 7.5355864324358055e-06
529 2.3652188033040444e-07
530 1.3230025063763305e-06
531 1.5953994702832007e-08
532 2.5521355506475996e-07
533 8.175652041454913e-07
534 7.620258219987237e-08
535 2.6437046308774442e-06
536 3.5338409437302964e-07
537 1.53845175655775e-08
538 4.186557484603127e-05
539 6.068557146811743e-07
540 9.126464757572322e-08
541 7.115580338581746e-09
542 2.323818057895784e-07
543 4.4506319646271336e-05
544 4.577250193836397e-05
545 3.3633900672409973e-06
546 6.823519856164869e-06
547 6.276347923650404e-06
548 2.6589643816919792e-05
549 0.00013899324698422475
550 2.439204831431155e-05
551 9.383723731637957e-07
552 2.9682317834142254e-06
553 1.7597791446493867e-05
554 1.5735912277845762e-05
555 9.354917222103017e-06
556 7.899102555189054e-06
557 2.839142347656802e-06
558 6.618650606855305e-06
559 4.895838838493421e-07
560 9.902425173239033e-06
561 2.20711826586166e-07
562 3.150756400690638e-05
563 1.9072190852749373e-07
564 3.841425912228551e-05
565 7.135892768625568e-06
566 2.5477922337820218e-05
567 2.627564687652233e-05
568 3.999452597576903e-07
569 2.1130069427008417e-06
570 2.160259199928992e-06
571 2.5003289269863886e-06
572 1.1177732893514915e-06
573 5.326574912940475e-05
574 9.283629162490825e-05
575 1.8516265880313272e-06
576 1.212007337541238e-05
577 5.943828472042231e-06
578 8.469339872018293e-05
579 2.4862540444231806e-06
580 4.377829444324284e-06
581 5.082688701395007e-06
582 4.619509440379299e-05
583 1.834427850151856e-05
584 7.202059474889724e-06
585 1.0398217243211772e-05
586 4.4084583848302434e-05
587 2.9009775429255152e-05
588 2.985737750666233e-06
589 2.850985717244353e-05
590 1.0283905343954019e-05
591 2.508893751251226e-06
592 1.8770761866177735e-05
593 8.514952185424673e-06
594 9.840515427317738e-06
595 1.0345278558529231e-06
596 4.142864411737403e-06
597 1.5261687815674717e-06
598 7.567653998943648e-08
599 8.914439948664802e-08
600 6.369567092544312e-08
601 1.239574229465618e-07
602 2.591335305386917e-07
603 1.0644896995974915e-05
604 9.958701104105333e-06
605 2.3070781523876426e-07
606 5.985780046750716e-07
607 0.00013082673909546255
608 2.6344743465184264e-06
609 1.3010770838826378e-05
610 1.3077801098700212e-07
611 1.1570505852982734e-06
612 1.2837242014660837e-07
613 3.5470544470108394e-05
614 2.3468113402800385e-07
615 1.9355114054259069e-07
616 2.2940554596728304e-07
617 1.2329544465509024e-07
618 3.221157937618616e-08
619 8.51263642517737e-08
620 3.480188593099254e-08
621 2.1490551081119035e-08
622 1.2570785409986254e-07
623 9.13459039633138e-08
624 6.2445478546011234e-06
625 1.5773815227873877e-07
626 1.4310624228811968e-07
627 2.7246420838756523e-07
628 2.497747148371605e-08
629 5.258705997881682e-08
630 3.92592076706761e-07
631 4.528648005249658e-07
632 2.192078121522792e-07
633 1.8658564231289214e-07
634 1.7899230503680472e-06
635 5.207314679312039e-07
636 1.416192642486863e-07
637 6.136326369109218e-08
638 3.4255670930032288e-09
639 3.7770592984612575e-08
640 3.0788147803823965e-08
641 1.2543855163083265e-05
642 7.138040097909277e-08
643 4.1052396381222236e-08
644 4.060687234491799e-07
645 9.187147988044554e-08
646 4.370134660169703e-08
647 4.248708319071938e-08
648 3.267486652392125e-07
649 3.3817316829576847e-07
650 1.2559403943514694e-05
651 9.404903921029232e-08
652 6.350400302121048e-07
653 1.1982418861689228e-05
654 8.71637740033511e-05
655 7.389829548403618e-05
656 3.7511460884566895e-06
657 3.089916379784731e-05
658 7.098784753952156e-06
659 4.664025229509854e-05
660 7.034260855903979e-05
661 2.544223603411796e-05
662 3.4584873900800547e-05
663 2.1037097442378295e-05
664 4.744474282851712e-06
665 1.535165583976914e-05
666 6.441411213392766e-06
667 1.4350707774590079e-05
668 2.9241682569676405e-05
669 2.6045117375957347e-06
670 4.599394056352658e-05
671 2.653256960142637e-05
672 0.00012333019903460653
673 1.0690700589528237e-05
674 8.476704757922776e-06
675 4.275168001059432e-05
676 2.0949695006663706e-05
677 1.7736870920115618e-05
678 5.447294201518457e-06
679 2.3238623951582634e-06
680 3.117776557323955e-06
681 1.2125418299942068e-08
682 7.890141299072336e-07
683 3.2559141114094075e-06
684 3.3455727719919038e-06
685 6.729031365094767e-06
686 4.419487625377147e-06
687 1.5175823649088514e-07
688 7.80088579770011e-07
689 1.401799945079873e-05
690 9.698875986765419e-06
691 1.53467898764283e-05
692 2.564587500277134e-06
693 3.3594423333291474e-06
694 1.3376206388366608e-06
695 1.9127959024306153e-06
696 2.154891995275605e-05
697 1.0446793312878879e-05
698 4.345822400931574e-06
699 1.3327669278967638e-07
700 8.423617288068978e-06
701 1.6276948946315554e-05
702 3.0845243913230833e-06
703 1.5553143038885358e-05
704 7.538549285910158e-06
705 6.481023280000657e-06
706 4.493029384198552e-06
707 2.9399424328730565e-06
708 1.39364104710646e-06
709 9.042799682336019e-10
710 2.5621373408497175e-06
711 2.535606710537243e-06
712 4.4695753515773043e-07
713 3.2707997267654274e-09
714 2.634831476713251e-06
715 2.5259828269427605e-07
716 1.384530479276789e-06
717 2.3819980956456977e-06
718 8.862007398919088e-10
719 4.371921917658187e-08
720 2.173392215621677e-09
