31 8.740428094732205e-07
43 1.7173306474198327e-06
49 2.623918924943254e-06
51 7.492145424186192e-06
56 7.73283898195229e-07
88 5.02717584922121e-05
94 2.5013806827457184e-06
130 1.4525428497532632e-06
171 3.8579350293202215e-06
178 7.086289309612403e-07
184 6.657278758486714e-06
186 3.799926348570352e-06
222 1.93916995928141e-06
227 1.2970529135946462e-06
229 4.939432766861898e-07
236 7.061970920607374e-07
237 2.333268825402536e-06
248 2.062606822357368e-06
293 3.138576364964121e-06
299 6.422407745605205e-07
314 1.0528384387367744e-05
318 1.538696853408995e-05
320 4.984566311039181e-07
327 2.3042215952138537e-05
333 1.893338580704583e-07
334 9.68526327784351e-06
336 1.469800086432823e-06
353 3.7423828260087423e-06
355 8.921705698337972e-06
373 8.753306070191162e-07
378 2.517420154235055e-06
416 4.044306629335247e-06
440 9.81418358612404e-06
444 3.69951623796075e-05
464 3.96476077228416e-06
467 6.845460947767893e-05
468 1.9116048483681935e-05
473 9.758006736567667e-06
490 1.2312636942436521e-05
509 1.131326666356853e-05
521 6.2066994633796246e-06
543 2.373184717089568e-05
546 2.3777721145581987e-06
555 5.5855584416347e-06
560 3.6646080198529783e-06
571 1.097033543809681e-06
576 6.351122589426342e-06
579 1.6865835963052273e-06
583 1.0831027532095685e-05
585 2.578829778765383e-06
586 4.491386036131321e-05
589 1.2958680345327693e-05
592 1.1107295520615805e-05
604 3.907345650683226e-06
634 5.151330887112132e-07
650 6.493295151078555e-06
654 7.357738027168532e-05
656 2.6562294051785566e-06
671 9.688280548006622e-06
673 4.022403450098435e-06
677 5.2997147328324775e-06
678 3.780492918076592e-06
685 2.82780515816809e-06
688 4.3829285530359516e-07
690 5.823711327255271e-06
697 1.4767909727407816e-06
700 2.2190870056557605e-06
703 2.186615106209806e-06
704 5.907292073108872e-06
716 6.644736915026576e-07
20 3.856232172120434e-06
340 3.280131434050272e-05
331 5.253331079489635e-06
495 4.2014685776070975e-05
580 6.23858250042004e-06
335 6.486043910592662e-06
