11 1.306309291337254e-05
33 1.8590840961557495e-05
37 2.426787279780394e-05
39 3.77017420165949e-06
41 2.998411076360379e-05
59 3.157544602907373e-06
73 5.8345140179558565e-05
136 3.189313490054909e-07
179 1.0318176763832326e-06
196 5.067334856437364e-06
223 8.12760426834256e-06
228 6.0673416314553465e-06
231 3.6230981471413302e-06
255 4.357290364884367e-06
277 1.3829454450619359e-05
296 2.8478417826178426e-06
325 1.1611422954171662e-05
354 2.5662330763211362e-06
358 1.2019919538459658e-05
376 6.0495132353568503e-05
380 3.475009408354215e-06
441 7.309657831523621e-06
460 3.127431197575053e-06
471 2.3514794121859727e-05
475 1.4415067149406603e-05
478 1.668636739600274e-05
496 7.634932005592572e-06
538 1.3692054075398273e-05
550 1.1379780939903128e-05
558 3.7992517261686707e-06
572 1.433569608629667e-07
577 4.0276272747879785e-06
581 2.0957810563207144e-06
624 2.72463455931055e-06
653 4.1554358430013906e-06
657 1.3217361017222819e-05
661 1.1272719947127466e-05
664 2.2581716119878097e-06
670 2.6303404897669746e-05
674 8.14970794022836e-06
683 2.6882367690107927e-06
691 8.455518147050217e-06
708 9.281057672735308e-07
17 9.356473972318414e-06
167 4.047577960783441e-07
187 4.370647870320326e-07
284 3.394085464058975e-06
305 4.786004258914502e-06
330 3.0968961561208974e-06
341 5.309411235860203e-06
360 5.270819113074773e-05
366 6.816194393504253e-06
374 4.211699849399477e-06
377 1.576909424323491e-06
381 1.4410794507975095e-06
414 1.4805954051610532e-05
450 3.4749258557231233e-06
498 1.5175218137876251e-05
501 0.00010267470599889814
557 1.1916257993628169e-06
567 9.20026223327986e-06
582 2.397465008521641e-05
613 2.295136910576007e-05
652 3.596090361616139e-07
663 7.1696385279957275e-06
668 1.4919029781283843e-05
672 0.00010810800306594507
676 1.3214922217610213e-05
684 2.1764756637695592e-06
689 1.0311073489205572e-06
694 6.98573686872452e-07
698 3.5445644775057093e-06
707 2.6242945257369216e-06
686 3.90134769534877e-06
696 1.0770060730723336e-05
324 1.3595186662700158e-05
19 5.12092298942317e-06
317 1.973154092513276e-05
219 1.3012129052400429e-05
