323 1.7149314034961597e-06
594 1.1879367078748172e-05
147 6.147986347263651e-07
505 7.51362782568269e-05
662 2.8503656473803596e-05
590 1.2155943516892238e-05
129 3.634887045086565e-06
141 3.336774104045001e-06
170 6.415858095207232e-06
702 2.2326209455165953e-06
9 2.8646228296046496e-05
46 4.3464443808505194e-05
297 3.06398750914952e-05
25 4.2584287798160416e-07
32 9.50597591501292e-06
47 6.438599188934595e-06
48 6.212270742630371e-06
143 5.792111652090425e-08
251 1.436052903258707e-05
283 6.783705063666556e-06
302 1.4510293988296392e-06
312 2.0685995900691127e-05
332 2.461673142788935e-05
342 8.342359488551747e-06
435 8.230919152709905e-07
485 0.00014971362925802407
486 0.00037567606509439485
500 5.411756910820987e-06
502 8.948324652724474e-06
503 3.901803103478803e-05
533 6.008799743995807e-07
562 2.3085576782340676e-05
593 1.1148309683322259e-05
675 3.1529075939712956e-05
564 3.1732326884748186e-05
21 1.0708952172648026e-05
0 0.00025491649568777213
1 0.0001243368548772491
3 0.00016636100213976082
34 2.9474350436404886e-05
35 1.5405681865271964e-06
42 8.387994048917463e-05
123 1.935514441266653e-06
135 2.3116295525612512e-07
149 1.312314017325224e-05
158 4.08721162444915e-06
160 4.426336141492892e-06
165 5.20819546561093e-06
176 2.198416816620997e-06
243 3.1644530291496855e-05
247 5.051178559520024e-05
352 2.0027208334626e-05
370 3.268309895321556e-05
379 2.2561311760761903e-05
544 4.226891529727348e-05
549 0.00015056303867011246
659 2.837020919212944e-05
665 1.3141595502604014e-05
163 2.9999196128469817e-05
705 6.698516628406547e-06
29 0.0002079123387191101
105 6.2392822298522205e-06
145 1.0956300389051464e-05
226 1.0132246900967124e-06
252 4.1364717295012245e-05
328 1.5060805918683844e-05
359 1.4137981479787744e-05
484 0.00012019572059222422
547 1.0263977962360807e-05
554 1.2513736621587776e-05
566 2.516793515714779e-05
575 2.35000395200717e-06
706 4.674922702194597e-06
202 1.894248657233052e-05
225 4.571392163327828e-05
480 8.029274594059268e-05
524 3.0368965672892193e-05
667 1.4233215144951607e-05
113 4.36402398009468e-06
221 8.317510755242007e-05
245 3.6972603245630766e-05
249 9.210498668374887e-07
257 2.5736021665270487e-06
417 1.228311228127479e-06
423 2.3907569290030785e-06
432 4.89681288408629e-06
514 7.236740687013373e-06
545 3.655459521505465e-06
584 4.9825476834073614e-06
596 5.066083021619895e-06
608 1.5334263919921813e-06
692 2.4547780515939635e-06
717 2.464121760841771e-06
539 6.137473439118657e-07
128 2.850283470668929e-06
588 4.345126963995403e-06
304 3.0733786735060612e-06
666 7.808221076166409e-06
693 5.0326696538804925e-06
