250 2.822773745237304e-06
508 3.087116177149557e-05
412 1.311505843427977e-05
116 9.685252102044453e-07
512 2.8712712009764386e-05
300 2.9041135619773677e-05
431 9.309518037448889e-06
57 1.832742666159974e-06
497 9.707606053727057e-05
308 0.00011228466240038052
383 5.944579255317493e-07
120 1.0495121073336558e-05
244 5.54689829017025e-07
246 5.180465118441125e-07
106 2.622199399875516e-06
154 2.2042855918879177e-06
603 1.335157263674652e-05
419 4.059534828406667e-07
434 2.7626866664092162e-05
114 3.938910909163916e-06
203 5.232007195965286e-07
148 2.2502870451010053e-07
516 4.071872295948708e-06
172 1.4494511474758843e-05
384 7.542544797040473e-06
428 2.6159874347202514e-08
321 1.0862766971728341e-05
559 8.723873353761297e-07
285 9.882497446892668e-06
455 6.740230298715117e-05
199 3.3337258161278804e-06
408 7.033527556931939e-06
152 6.001195592229505e-06
411 1.0314632618905374e-05
393 3.7010035349980167e-06
396 2.5843178747305467e-06
402 1.9299116154115803e-06
410 1.366403731150781e-06
421 1.8812302048626706e-08
443 7.701481604902464e-06
568 4.647190645420886e-07
372 7.605790533073397e-05
234 3.618046357684807e-06
6 9.450264752637532e-06
125 6.5266217645628755e-06
190 1.0295424428455024e-06
208 2.9668043708331255e-07
389 1.3626226429109152e-06
511 8.221175949384582e-07
597 2.0258160943393327e-06
89 2.1736525737964022e-06
151 1.1951283254530103e-06
157 2.015741931264243e-06
382 9.460683155617738e-07
391 5.227139580303681e-06
398 6.477164796275749e-07
401 1.9988143557198166e-06
425 1.1933946732797899e-08
427 1.2413117196460798e-08
487 1.0662655232671511e-05
27 1.7122158352963757e-05
561 2.735856053035623e-07
86 2.5088427072455263e-07
295 4.123757733453642e-07
65 4.324719715019618e-06
289 2.8163952156597895e-05
542 5.70177192629539e-07
607 0.00018188215551087088
205 1.3080120878556426e-07
424 5.907469574635448e-09
16 7.558343492318813e-07
81 9.059566207123725e-07
84 1.372155142847109e-06
403 1.3034418950042603e-06
418 4.7257682086501e-09
438 2.5482863970752274e-06
449 2.857917989524075e-06
477 2.3071489991183985e-07
242 2.1383211358023418e-08
127 2.59594494157787e-07
292 9.502625414464537e-06
506 5.636994839518154e-06
216 1.0004824416633032e-07
415 3.809098010088614e-08
507 5.614780271107184e-07
513 1.7057071226693282e-06
536 6.663263020505813e-07
369 3.362158512907527e-07
399 4.6273889261537386e-07
456 1.0187972437523153e-06
489 0.0004173053009623013
535 3.3412026596836143e-06
710 3.2495215094000854e-06
711 4.3512594307988755e-07
368 3.8006158557468436e-10
422 2.8225621897970345e-09
510 5.590089378701658e-07
532 3.352676673127662e-07
718 1.1779999068990081e-09
74 9.504284241630706e-07
189 2.1465986670317484e-07
407 1.9016184087263363e-05
220 5.127125752798496e-07
525 7.292000887788901e-07
213 3.9950135556352704e-08
387 7.173276196656939e-07
392 2.286691945646345e-07
520 3.478562859371513e-07
388 4.852204554158998e-07
217 4.0457387333561936e-08
239 1.8918831972485586e-08
394 7.54301626919537e-09
466 5.558586667019754e-07
712 6.062111513104286e-07
82 3.6489771602568613e-07
714 3.4732679582636677e-06
45 1.0283333431443376e-07
195 1.0427637471394113e-07
240 5.468787219420776e-09
709 6.675804651992976e-10
343 1.4869109262747568e-05
210 2.6509424455835154e-08
156 7.264507016150602e-08
72 7.503573595385275e-07
207 2.766228143478241e-07
212 6.121638459347412e-08
400 3.0435236644630927e-09
644 5.433421440659767e-07
311 1.878343526725434e-05
433 6.886119019776772e-07
451 3.3587072630684834e-06
397 1.050412786777764e-08
26 2.633619921053657e-07
126 4.316104876506494e-08
50 2.3993546468855858e-08
68 2.094662929472096e-07
474 1.1229088569939679e-07
96 3.775278779121902e-05
515 1.4395756993017864e-05
309 1.5170368843547643e-06
492 4.797945170609059e-07
23 8.352671302412574e-08
404 1.860135436443808e-08
85 2.9575490077267777e-07
458 3.0731059801763524e-07
75 1.9549593665230044e-07
215 3.0258952007490933e-09
430 1.7918408109809907e-07
122 9.210707411680661e-06
276 1.6587871205927447e-06
322 7.5235069484240216e-06
409 4.020860147659861e-05
609 1.3953754290340678e-05
87 0.00019584351874561877
719 1.0931914369168119e-08
211 7.927690976171153e-06
553 1.8326687337210402e-05
70 7.045849617492594e-07
58 8.088585229896116e-07
80 6.775678962987582e-06
124 2.8099844210178782e-06
469 2.7419020840494294e-05
472 7.702256953546128e-06
565 5.816017943302527e-06
669 3.192626665370664e-06
253 5.258504186777786e-07
306 3.61163239993313e-06
429 3.868942423943845e-06
493 1.1295659951677495e-05
570 2.2730019872400057e-06
482 1.584156550808123e-05
117 1.997057049927368e-06
315 7.569581183040481e-06
356 2.9198028936289395e-06
420 2.997141688126747e-08
528 6.945532547347187e-06
233 6.799856191522194e-09
530 1.3290664262673436e-06
413 7.235070016495432e-05
258 6.996557374294967e-05
232 9.58228176525282e-09
235 4.715648628692538e-09
519 1.6102313553428402e-07
526 3.176490212604681e-06
556 8.835370266319032e-06
375 4.641794522397176e-06
488 9.69027686703402e-05
591 3.309620938735825e-06
679 1.6243959767295322e-06
682 1.027869720478508e-06
695 2.328347744278307e-06
574 0.00010277649739455693
701 1.5236382130230961e-05
115 1.0257551065784008e-05
146 9.023613438835093e-10
185 1.8391249240631982e-07
364 2.326538713215432e-05
445 1.554914235425462e-06
552 3.6364591966478862e-06
60 9.618081362869753e-07
139 4.84945986399556e-07
177 2.993899773602053e-07
201 5.947569645809771e-06
426 8.812999802365182e-06
91 3.5321650963642167e-07
92 2.2616498771039832e-07
95 9.620766055012551e-08
97 2.292883999359105e-07
98 1.1428327866042053e-07
266 5.317678077261103e-08
272 5.902687548115186e-08
278 4.0587529523001265e-08
281 1.793675685879209e-07
286 4.313272849924893e-06
298 3.0461356295676334e-07
641 1.5245734623884179e-05
715 1.5259229355143706e-07
54 8.193063328054429e-09
61 6.79551114062567e-08
238 4.4305154303925094e-09
271 2.9273969101367802e-08
351 2.312116282526199e-09
522 6.115932754592477e-08
527 8.228700661818722e-07
611 1.0344872087653487e-06
188 3.350124752474875e-05
261 1.4874314705900614e-08
344 2.392799676505838e-09
541 1.2190426715728425e-08
720 3.944011339521383e-09
365 1.2652088962613543e-05
406 1.0797548862843687e-05
192 1.5499603361779418e-05
446 7.469645362387181e-05
529 2.6636062526213695e-07
531 3.7708459887976555e-08
273 1.17233893245681e-06
540 5.978644536625328e-08
102 1.5933393982826998e-07
183 3.1873197047977304e-06
265 1.0075540549978327e-07
269 3.395715594697201e-06
362 1.576047680587601e-08
18 1.9459151736349445e-06
83 3.1269647235010336e-10
100 3.8407815231223915e-09
104 4.4890880468870326e-08
110 1.3704542141938816e-06
134 6.991993644686946e-10
166 8.005266634823624e-07
218 5.732817349390388e-10
241 6.16430847485624e-08
262 8.280481267431497e-09
267 1.8789125707705544e-08
275 8.587322853690652e-09
339 4.5516933375001814e-10
348 1.3594927137970898e-09
363 2.7188548880525762e-05
395 1.4444510006044924e-09
459 2.261289879625668e-09
534 8.415292625323419e-08
569 1.6484661030362335e-06
648 2.049886797244735e-07
687 6.896576979765574e-08
2 5.42437470839535e-08
5 6.192389224367542e-05
8 7.32477303956431e-08
13 5.4026281856536345e-09
15 2.3098132984762208e-07
28 4.2383108396758614e-05
52 4.831524641538743e-07
62 1.9214969594317073e-07
64 1.729577559383282e-07
67 2.088033690502825e-08
69 2.0563122416117116e-05
77 1.4917209571073204e-08
79 4.430249886658736e-09
93 5.9138137937263917e-08
101 2.002295045662332e-08
109 8.215529293893641e-07
112 5.8328612805328656e-09
119 2.226562199564067e-07
131 1.3080305505838207e-06
138 1.250951170524076e-10
140 5.083102926554122e-09
153 0.00012446514087360858
161 5.380548072039438e-05
164 1.99003670023945e-06
168 4.211249242805198e-06
173 1.6406802621535046e-06
175 2.713276497651084e-07
181 8.91468797995583e-08
194 9.937666550305976e-12
198 3.2871739844179314e-09
200 1.8892648814642417e-08
204 5.236474124973664e-09
209 7.109245020366134e-09
214 7.186869186750904e-08
259 2.5006295662955187e-07
268 3.368643961738236e-09
280 4.6853259179990216e-08
288 1.1300290216376493e-09
290 2.295687746258133e-09
303 4.321389097794831e-09
310 9.113386035122644e-09
329 2.182876992308038e-05
338 1.4000825780148134e-07
347 2.2367408399491634e-09
367 5.001143094777256e-08
385 8.10001366132482e-09
437 3.799319534280755e-08
448 1.8381645513128723e-08
452 7.875656325176882e-08
462 4.2550829061264283e-07
465 6.575345542357262e-09
481 0.0001800902259735457
483 2.2254118370252216e-05
491 0.00011255180099446736
499 0.0005547715028172042
504 4.741641713821614e-06
517 2.7879706782889475e-09
523 2.24555637216132e-05
563 1.2843940012072683e-08
587 2.6368776203113044e-05
598 7.738849617770418e-08
600 1.1606499952312539e-07
602 1.512329652716927e-07
612 1.3256163577958196e-07
614 3.6855612846899954e-08
616 4.51719900544702e-08
618 3.634280381469279e-08
620 1.3272288025383196e-08
622 1.157038033377809e-07
626 1.671599717379896e-07
629 7.698154371462539e-09
631 5.0838160010475845e-08
633 1.305312389238055e-08
636 5.556289517337247e-08
638 1.5737710839689997e-08
640 2.35786057978125e-08
643 3.449566063797883e-08
645 1.1047971481293228e-07
647 1.3074306713759796e-08
651 2.4635155553607167e-08
680 4.9745136654357115e-06
699 8.718328093128156e-08
713 7.4302567311943905e-09
313 4.2017307188097436e-05
660 6.328728630930873e-05
53 2.8000696461062678e-08
55 3.8062968778675296e-07
66 1.0928921548256875e-09
90 7.718973117941843e-08
103 5.543969623086116e-08
108 3.069465680853185e-09
133 1.4783694199964616e-09
144 7.2665961140293224e-09
191 5.723542311974383e-06
264 1.521237444337108e-07
270 4.8646407845606086e-08
274 1.7618080407942196e-08
282 6.383006715956572e-09
337 7.90985097921899e-09
346 2.0766317971071946e-09
349 3.2870313882501426e-08
361 1.1018958150679789e-07
454 8.155920500686099e-08
537 3.4860048392659505e-08
606 3.8648534935786436e-07
627 2.828800069163217e-07
4 2.7264430685516683e-07
7 4.222481130979552e-08
10 0.0001808141578962585
12 1.1710415669595462e-05
14 2.2108387837342987e-09
22 8.209018092092636e-08
24 8.415347566796114e-08
30 2.6907845463220492e-05
36 7.991395210992123e-06
38 5.3713351958127606e-05
40 6.7190001721517855e-06
44 5.201324261115342e-06
63 5.675040521242589e-09
71 1.3699085044004185e-07
76 1.4917209571080013e-08
78 1.3454283377833034e-07
99 1.7718546693343853e-09
107 2.4206494480761976e-10
111 3.387022832947642e-08
118 1.4604673310434681e-10
121 5.822111868422822e-09
132 5.117434196735591e-08
137 1.5372130770120134e-10
142 9.171665447219097e-10
150 1.5800110368622815e-09
155 2.8853891194871473e-05
159 3.779465737121726e-06
162 2.3691371691087446e-06
169 3.7934053587236153e-06
174 7.612403327513899e-07
180 8.603311548600473e-09
182 2.1459445963520234e-08
193 5.070802794670789e-08
197 1.7320627438273685e-07
206 3.153359671069472e-06
224 1.3568745938985788e-05
230 3.7808385414644165e-06
254 7.384021417130745e-09
256 1.5468258522145153e-06
260 4.250157199979305e-09
263 4.446277404254652e-09
279 7.832078007045774e-08
287 5.261199249897757e-09
291 8.880328850411635e-09
294 9.089602011469335e-09
301 3.5938248281345995e-09
307 9.096371095028654e-08
316 4.244309144814666e-07
319 2.2626662933312437e-08
326 2.4121733388876973e-06
345 4.295621664112104e-09
350 8.14681097500354e-07
357 4.235168858149507e-06
371 1.5810185096983354e-07
386 1.187204321358569e-08
390 1.061483499443981e-05
405 9.760428879959196e-05
436 1.707119466780648e-07
439 3.1920526539184797e-06
442 4.3369873329659704e-08
447 1.613924318838906e-08
453 1.8314400109252958e-07
457 7.16436000563241e-09
461 7.555473790655593e-07
463 1.8047423899272973e-07
470 1.1726175272316443e-07
476 3.479743776796954e-08
479 2.846642292173916e-08
494 1.1215173412450375e-05
518 2.032483487909537e-05
548 2.723792506349305e-05
551 8.303424676044894e-07
573 5.30469852100845e-05
578 8.24760043878791e-05
595 1.5723060414195856e-06
599 1.023535779205699e-07
601 3.4658856336664164e-08
605 4.11648098253767e-08
610 7.291655048352274e-08
615 3.585624201311641e-08
617 9.721477968754358e-08
619 8.346803913868818e-08
621 8.842998961374038e-09
623 1.2956117283513038e-07
625 1.837743813323137e-07
628 7.908735364888967e-09
630 1.051854375022675e-07
632 2.482295984877313e-07
635 1.0080099578082278e-08
637 5.2178127123730453e-08
639 3.681184812567508e-08
642 1.2337348144854676e-08
646 4.2787350457879545e-08
649 4.598010884387077e-07
655 6.308884003720542e-05
658 6.359415780109394e-06
681 5.790806390539712e-09
