9 2.095100514137209e-05
129 3.098763043632665e-06
325 1.1943351342737616e-06
355 3.512510177936703e-06
36 5.004014362182082e-06
40 4.499045804348528e-06
49 2.0054614802947977e-06
171 1.3865933882153485e-06
230 3.338344304056353e-07
244 5.341253689320815e-06
336 4.758620290937683e-06
375 8.778240601319492e-07
443 5.764203892576647e-06
530 1.8300690094751374e-06
552 6.974723783727057e-06
564 2.7698866013447885e-06
580 8.901325902234154e-07
602 3.11180729666974e-06
604 8.985169021944593e-06
673 1.655050544753156e-05
704 2.696868158599087e-06
727 7.297644646149689e-07
20 3.3010971816183356e-06
30 6.662837962933466e-06
31 6.89046453125584e-07
43 1.537789486901345e-06
51 2.874035056807004e-06
56 1.5950068837609425e-07
88 9.280621383548102e-06
94 2.115685098736837e-06
115 3.21001923272527e-06
130 5.234969808092821e-07
170 5.0583906821935026e-06
178 4.5487923951690524e-07
184 3.985909544410646e-06
186 1.7710619113645463e-06
223 8.643634023169265e-07
225 1.3072067690356376e-05
228 8.998203212588123e-07
231 3.320560522814622e-06
237 3.555580806220253e-07
238 2.246214113079073e-06
250 1.3083989790694597e-06
295 1.3956047627946382e-06
301 4.719306891228243e-07
316 6.232262722735127e-06
319 4.5829126455709195e-06
320 3.0651453978640794e-06
322 4.413980692464102e-07
324 4.331482070534055e-06
329 6.844365951465056e-06
333 4.178294505712883e-06
335 1.0339325464917304e-07
337 3.3078083881840194e-06
338 1.5488230691432145e-06
342 3.6308542129995994e-06
357 6.2912543035523605e-06
380 1.3439954182264365e-06
392 8.54195243562128e-06
419 1.7378177520539943e-06
447 5.933495338348106e-06
467 6.882935685071383e-07
470 1.9860135298117226e-05
471 5.7530019656074955e-06
472 1.7999913917753096e-05
477 6.80733429378563e-06
497 2.4260417173146462e-06
501 1.0341707990870647e-05
502 3.456159222884025e-05
513 1.1895961110593407e-05
517 4.117056054584651e-06
555 1.385868613179153e-06
569 2.1054267455295355e-06
582 2.2023646817237502e-06
586 4.874169189128658e-06
588 7.803756927851018e-05
589 1.2767901562490815e-06
590 2.69233518784652e-06
593 6.37629475455709e-06
595 1.061979024672484e-06
596 3.1887571254717957e-06
597 1.8269799824588915e-05
599 4.615461320527263e-06
601 2.618724912861486e-06
614 2.02474339393831e-06
644 5.437291385487379e-07
660 2.6154765233590342e-06
664 1.0753193305207867e-05
665 1.531081851328247e-05
666 1.4025143760199167e-06
670 1.0537894078733169e-05
680 3.0296949353527536e-06
682 2.3534351964047373e-06
684 3.5540609424278626e-06
688 1.6750887232399692e-06
689 1.422510831819377e-06
696 2.8804649660677067e-06
699 2.3082057763777483e-07
701 3.142072372310241e-06
708 5.656945161820756e-07
711 1.5372568906323495e-06
714 6.914494828733252e-07
715 3.445285687363383e-06
222 3.7026972520838715e-07
671 4.024279686849808e-06
415 3.522703880183029e-05
