141 2.84237609900434e-06
713 1.9717668318437265e-06
584 8.865665152679145e-05
675 3.1263351176988393e-06
96 2.5540401987082276e-05
131 9.508967309461784e-07
449 8.353487013509027e-06
548 5.307510318655865e-07
668 4.3396332703841495e-06
706 1.6342239622985785e-06
556 7.344402240076629e-06
80 5.920583539862949e-06
122 6.041412642454138e-06
331 2.481238186038626e-05
605 6.904756347121532e-07
683 2.9256753513533052e-05
712 1.2225847042370405e-05
475 1.0230565174291055e-09
594 5.373308520035735e-06
703 1.8379388478470368e-06
677 5.432012802296296e-06
5 7.161411659646374e-05
59 1.1180930412372948e-06
191 3.933812565577196e-06
206 9.177388735092574e-07
345 1.2261126595662428e-05
509 4.6380240115965325e-06
579 1.603593863045609e-06
695 2.1113557845999805e-06
702 8.223929825975829e-06
600 8.730133511647275e-06
606 2.8634863671076617e-06
44 3.922806805904034e-06
120 5.549129725206282e-06
162 2.4030456694890367e-06
219 7.422741515767019e-06
224 8.156394739256764e-06
559 5.164974950438541e-06
687 7.316073194203584e-06
554 2.318546557836394e-06
147 3.3770530642567306e-07
260 5.6920661982409465e-05
359 3.2166603297667114e-06
229 5.697341756380384e-06
487 1.4807762089289743e-05
532 2.0010483696622475e-05
690 1.1227721201672695e-06
113 2.015224611514014e-06
251 7.179634593674341e-07
435 2.126788877141196e-06
567 4.036472424916041e-06
618 7.053600521689284e-07
362 4.03826998413041e-05
697 3.1749103596937503e-06
306 1.9861814695927593e-06
603 7.804848003127071e-06
192 1.1460924478608933e-05
334 1.8216686455244593e-05
10 0.00014700393759660367
38 5.179361399373445e-05
429 8.781709810716649e-06
476 6.102118043651931e-06
163 2.7627669011427787e-05
253 1.0633093446833106e-05
420 9.28935872388281e-07
437 1.6811335577894566e-05
510 1.0027579604873944e-05
516 1.2068432885181953e-05
598 2.350851512736845e-06
716 2.471727743086094e-06
432 3.675718251035581e-06
500 1.0044022797842877e-05
662 3.2888700084229454e-07
143 8.694807132398151e-08
344 7.825156340617316e-06
128 2.1757757556756437e-06
168 4.5065311348439316e-06
179 1.3445724440800882e-06
278 1.052551005813033e-06
323 8.371817602688069e-06
374 6.455579713712091e-05
377 3.307032442781858e-06
378 5.87673692420893e-05
479 1.617297288313679e-05
490 0.0002291516792533152
512 2.9754050113177725e-06
520 4.425763850197802e-06
694 2.383368861422655e-06
705 8.380938349510533e-07
32 7.346425456008048e-06
35 1.2197563374155667e-06
47 6.616270368164051e-06
247 2.2274379714528738e-05
426 1.5189208442647325e-06
484 9.400804507140184e-05
507 4.949134900677596e-06
511 4.222793344675171e-05
728 1.859331418859295e-06
494 0.00022866275627525507
573 3.485745690564307e-05
73 6.06763925697153e-05
188 3.9528690485370064e-05
486 1.0273546004058314e-05
691 2.9381200458579796e-06
527 1.2990711624053265e-05
25 5.149786666119557e-07
46 4.573946578372282e-05
542 1.9986683778327153e-07
164 1.9188176060316852e-06
183 2.5668601659061984e-06
294 5.574669479438871e-06
308 2.8963737804453285e-06
358 2.8145165244768225e-06
383 1.7461630305530452e-06
557 2.3386977973700435e-05
561 2.4042783294137007e-06
574 2.898084653919565e-06
693 8.303039663015356e-07
718 2.27176610879713e-06
1 0.00011902939777348651
21 4.266043769948193e-06
34 4.462608864469905e-05
42 0.00010531738611720647
48 6.506914402247386e-06
123 1.9158539193665615e-06
145 9.12786042542915e-06
221 6.0345889854550274e-05
259 1.7034069501004984e-06
314 1.7966988548900348e-05
568 4.0343427712128533e-07
571 2.7553132387100884e-05
669 2.927273212217493e-05
686 3.523766707522316e-05
255 3.2071515201375885e-07
489 8.634853395952234e-05
211 5.039245401425395e-06
153 0.0001136011492665075
372 3.1775881110607964e-05
438 5.456214336303886e-07
458 2.7996865732813425e-05
117 9.938383056120284e-07
124 1.3751215656806235e-06
169 3.851697810984993e-06
299 2.8074103857007137e-05
328 2.026549996877411e-06
352 5.728973938363751e-07
366 2.075194369372751e-05
376 2.934015148143036e-06
524 2.2557661611121387e-06
578 1.6074907216148667e-06
585 1.6028186848813386e-06
3 0.00015207569200678778
29 0.0001981762130872388
226 4.641436327145913e-05
330 1.1582874618555362e-05
558 0.00012175949985559093
563 9.271765007568193e-06
570 1.650641142433821e-07
676 1.7084814449205537e-05
717 2.885718967408121e-06
409 8.004369210566612e-06
304 1.6939808432329968e-06
17 5.657361343643771e-06
18 1.263362853582376e-06
28 3.6538449235555156e-05
87 0.0001640219858114932
176 1.977821062662971e-06
287 6.890024946066389e-06
291 1.9773608429140185e-05
562 1.561740910651549e-05
116 5.342617579363616e-07
139 3.785287803798296e-07
157 1.2916862162811495e-06
159 2.977093101441179e-06
235 2.3329078824457377e-06
288 4.345466446544118e-06
317 5.621009586581471e-06
364 1.1657635023000795e-08
365 2.3380897781128404e-05
367 8.650537157274681e-06
414 1.0974044147137247e-05
423 1.3972382386568677e-08
493 7.149752357941451e-05
0 0.00020636468085424365
354 2.089062401353116e-05
577 3.338907313739215e-07
249 3.790208283967709e-05
227 1.0595877968780455e-06
114 2.419902445019354e-06
135 1.8086920277058292e-07
161 4.949573010853407e-05
199 8.769429291056304e-07
252 1.9611648052735036e-06
361 1.1510524847081379e-05
523 3.505467894710385e-06
544 1.7590750759801513e-06
12 9.959895593030672e-06
60 7.144015804481592e-07
65 2.2583608452715977e-06
91 1.6013311912075326e-07
97 1.0840241606151678e-07
110 1.0218989288351538e-06
144 5.106836414377295e-09
155 2.3577399371908866e-05
166 5.696504268889679e-07
172 9.822158110538754e-06
173 8.548111695757052e-07
177 1.2917206321455612e-07
185 9.373488591006423e-08
193 2.1934632934063848e-08
201 4.3732112005638934e-06
242 4.8739090897820665e-08
271 3.1424480145358962e-06
275 1.014410803430034e-06
280 1.9494232304670846e-08
302 2.7968260521960606e-05
341 2.6291757128558957e-10
373 1.1463041244532765e-07
485 0.00015148779953628414
498 9.101018951447869e-05
149 1.5238160231145532e-05
381 2.1728555699111424e-05
553 4.3584190651330614e-05
254 4.265718543477503e-05
285 7.010704697872979e-06
105 5.240961511357665e-06
106 2.3173878503304735e-06
148 5.3261138715593075e-08
154 9.687693924257567e-07
202 1.4888439329449787e-05
246 1.6281411695044965e-07
248 1.8776822670059081e-07
310 8.958942780752592e-05
53 2.001328374246645e-08
61 4.078286675081956e-08
66 3.920990400050932e-10
83 3.0827758734862176e-10
90 4.970390235702215e-08
92 1.3745323840921387e-07
95 3.810316261477399e-08
98 5.8578494065713864e-08
100 1.986950776498175e-09
102 9.550280596121341e-08
103 2.4238835383410013e-08
104 3.92847634957902e-08
107 3.957700869344449e-11
108 1.9053086753758397e-09
109 6.595097159329214e-07
111 2.492759165071139e-08
112 4.626298178242673e-09
118 6.420194766915902e-10
119 1.165599325017085e-08
125 5.056923872178049e-06
133 8.139929659565758e-10
134 1.3316337388844485e-10
137 3.3354914549305524e-10
138 3.1568360351199547e-10
181 7.363943524473544e-08
182 1.0762146204242428e-08
190 7.362699788228378e-07
194 1.4592389774147989e-10
197 1.6339259625057284e-07
203 2.1621209061640574e-07
207 1.5199327439131796e-07
212 1.3241208741626974e-08
214 1.889077142149769e-09
218 1.707296423143973e-10
220 3.1212104477982183e-07
233 3.901214178574178e-09
234 8.620573243296834e-10
239 3.900785391127214e-10
258 1.1193058706316582e-06
264 5.0412317690498964e-09
266 1.411933304443014e-07
267 6.406627154012324e-08
268 2.7174865069385574e-08
269 1.4070411456402488e-08
272 3.563897590174709e-08
273 1.1450660455354364e-08
274 3.4179211917766553e-08
276 8.718461790810696e-09
277 1.2478665509096905e-09
283 1.2610035107601896e-07
284 3.4874292213819484e-09
293 7.0142237967981106e-09
300 2.186767053536933e-07
309 7.760792302054767e-08
313 1.684800903856079e-05
315 3.2739675512026056e-05
339 1.6010918367983832e-09
340 1.0710997347722321e-07
347 2.992750299907167e-09
348 9.911095070659335e-10
350 5.440395728946691e-10
351 2.3641127741721877e-08
363 8.985287980898858e-08
369 4.402010571660726e-08
370 1.1741076610816333e-10
389 3.272476443234733e-08
393 2.0758551056382808e-07
397 1.0998090506125962e-09
403 1.0463948513913701e-07
405 8.743142890748005e-08
407 8.758766790689707e-05
408 8.403604314816593e-06
410 1.1312422125950327e-06
413 1.4520208087541343e-07
434 5.786332109399804e-06
462 2.2839918707570552e-10
465 2.6628747904125855e-07
492 1.613328096415398e-07
499 4.08927741290117e-07
514 4.3605791862197465e-06
515 2.661836248159305e-07
528 1.2447152312761165e-07
534 3.029318174780718e-07
539 1.0099305997704152e-06
540 1.4507034702546323e-08
543 7.320152556024932e-08
551 2.106837369225968e-07
607 1.2015302522422198e-06
610 4.732526686825155e-08
612 5.01483714029911e-08
619 1.0293053835458294e-05
626 2.4883602255018038e-08
628 1.685004408028336e-08
630 3.4244629682315927e-09
631 3.5442142187114944e-09
633 6.601043374167351e-08
636 1.2072947427861512e-07
637 2.2701367774677912e-07
646 4.2599599844377425e-08
692 3.3037964814663465e-09
698 3.3419893892180776e-08
725 2.0978459458971275e-06
726 5.8364757227273444e-08
27 1.3381953567363944e-05
151 7.382806176703408e-07
385 2.2269234936159353e-09
422 2.568873157114171e-07
424 7.642302974678362e-09
431 1.1046104100125492e-08
496 6.955608689230878e-07
533 3.100222719110501e-05
565 7.602266481026293e-06
575 2.5646128408719575e-05
2 4.6287889277033645e-08
4 2.709063997008688e-07
6 3.476704524253651e-06
7 8.732198071235506e-09
8 3.078489100664055e-08
13 2.6313777209483417e-09
14 2.1607858955421374e-09
15 4.376111575404132e-08
16 2.2108122577466988e-07
22 4.9403987886539275e-08
23 4.326103913333107e-08
24 6.860708063288355e-08
26 2.138129000410273e-07
45 5.497669918327245e-08
50 6.507947326448977e-09
52 3.656086374167312e-07
54 9.159827901996882e-10
55 3.788251297730136e-07
57 2.890566860278803e-08
58 8.210301340876757e-07
62 1.8434223875240943e-07
63 3.270417989416832e-09
64 1.245862340862951e-07
67 1.4232408249605326e-08
68 7.642452848766585e-08
69 2.037922053219661e-05
70 7.995431035978221e-07
71 5.418986609064105e-08
72 4.966739403230351e-07
74 1.0160594479911938e-06
75 2.2460605561601213e-07
76 3.5270437236226217e-09
77 3.527043723622646e-09
78 1.2859400036082282e-07
79 6.654497768695317e-10
81 6.38653730202561e-07
82 9.663758363525501e-08
84 5.887009739011288e-07
85 2.128845170314687e-07
86 1.0807699429997475e-07
89 5.99603310245696e-07
93 5.422367623138932e-08
99 3.249534575076435e-10
101 1.8395653538188304e-08
121 2.4318469657748896e-09
126 2.9689045806578233e-08
127 1.996135787665221e-07
132 4.565650147801062e-08
140 3.926213173098569e-09
142 9.182875674469159e-10
146 6.482013486891577e-10
150 3.595625605882188e-10
152 4.292696863448929e-06
156 3.4851559477658424e-08
158 4.021734784134781e-06
160 4.178352730052328e-06
165 5.527195099180907e-06
174 6.64465525227466e-07
175 5.1269210969482904e-08
180 7.73413740489223e-09
189 1.1730009347401878e-07
195 5.44695716004105e-08
198 2.1792589613325058e-10
200 1.5222066695537194e-08
204 8.616813443603608e-10
205 7.161472203015548e-08
208 1.4059016393752389e-07
209 8.275955792311561e-10
210 1.1142601307689366e-08
213 6.765119509035731e-09
215 1.6507983231935122e-09
216 4.7969721944127546e-08
217 1.0362208969684978e-08
236 3.3384577835435375e-10
240 8.321232846905113e-09
241 2.8692251221045334e-09
243 7.686036995228876e-09
256 3.6020955033653872e-09
261 2.3012688057739104e-07
262 1.8114124885156486e-09
263 1.1280478330351384e-08
265 1.2721532507692492e-09
270 1.9188473602480103e-10
281 8.07278751521827e-08
282 4.662791736933694e-08
289 2.4449969121457895e-09
290 9.205051292013278e-10
292 3.8359749713359514e-10
296 4.123612104244163e-09
297 3.148210585494948e-07
303 3.74931631386781e-10
305 3.79411844323904e-10
311 1.421686140582537e-06
312 6.488155206579043e-09
318 2.7767158584752846e-07
321 1.8313817343948246e-08
346 2.809920198501774e-11
349 1.130080035735818e-09
353 1.1630494919652434e-10
371 3.0199314124878785e-07
384 5.7051524866685244e-08
386 1.5343918898170377e-07
387 2.005811107477784e-09
388 2.55789607811932e-09
390 3.1450335411411763e-07
391 2.1166440795484438e-08
394 4.1363445774705875e-09
395 3.311524751584194e-07
396 5.136486538314613e-09
398 2.7806416576984803e-07
399 1.7028541035844574e-09
400 1.3667811474947505e-07
401 1.5936113348499505e-07
402 1.1127845516454587e-09
404 1.3397300409609959e-07
406 5.079251064601958e-09
411 3.66590834244808e-05
412 1.224057961897614e-07
418 8.360723868930305e-09
421 2.123270225384392e-09
425 8.403922184526891e-10
427 2.9129900422651572e-09
428 4.295032554928289e-09
430 4.494210700300149e-09
433 1.7392720789836346e-07
436 4.028655902217145e-07
439 1.660772020357379e-07
440 3.247874380067806e-08
441 1.6635135926842442e-06
442 2.454129043403004e-06
445 4.899629311924171e-08
446 5.426677284432978e-06
448 9.107652182701506e-07
450 1.0658108104747322e-08
451 7.579642955798083e-09
452 1.1395448882883538e-06
454 2.727960294670283e-06
455 5.6317741572628334e-08
456 9.609486320213621e-08
457 8.182553823717878e-08
459 4.2322748152445626e-07
460 5.718841446971561e-09
461 1.516774684662345e-07
464 7.1583393967116e-07
466 1.5934114155025598e-07
468 6.517741122369433e-09
469 2.3461349695958627e-07
473 1.1353021993919585e-07
478 6.137634450142757e-08
480 4.546598191912926e-08
481 7.971269691352157e-08
483 1.3644001930790199e-08
488 0.00010243695524228003
504 7.730996906687266e-05
506 0.0004975939581549916
518 3.8471976816503047e-07
519 4.011359717186964e-07
521 9.52551508866426e-08
522 1.348559623514937e-06
525 3.2349907389273037e-06
526 2.103144171917794e-09
529 1.1712629607523631e-07
531 4.086447400010553e-08
535 1.1675388377968746e-06
536 7.492672176197254e-07
537 4.874261466432955e-06
538 5.159979973726192e-08
541 3.06271605182284e-07
545 3.7530750571981574e-07
546 1.89828958358966e-08
549 5.028910644083904e-08
550 8.063357548424928e-10
560 7.513478015228978e-07
572 7.61920206370339e-09
608 7.699365837365559e-08
609 1.0762807891166931e-07
611 7.040414902070965e-08
613 1.0234430398076756e-05
615 2.3153371524483358e-08
616 3.6970433823761714e-07
617 0.00014224467965971967
620 6.006951336837118e-08
621 9.911540241385926e-07
622 1.2376297412242538e-07
624 3.9759118235124934e-08
625 3.856307546818996e-08
627 1.0032819211051709e-07
629 1.2416980629614224e-07
632 9.71487570261095e-08
635 1.580246496842182e-07
638 2.2470356454492307e-09
639 9.68929932657497e-10
640 1.712088324736815e-07
641 7.092903050236599e-08
642 1.8047126333116527e-07
643 1.3238955869702147e-08
645 7.878457718136004e-10
647 6.677671809322155e-08
648 2.5051057842216685e-09
649 3.3878721634705725e-08
650 4.8174512548393816e-08
651 1.0737471321940388e-05
652 2.5361295625924012e-08
653 2.355847467377257e-08
654 3.774542693026154e-07
655 1.119365632744495e-07
656 4.748096102094504e-08
657 5.069644033297745e-08
658 2.486291739545198e-07
659 2.4929603060134425e-07
661 5.424386603217568e-08
678 1.2951284569110633e-05
710 5.4517754385447186e-08
720 4.6196874425014775e-10
721 2.0592576242549547e-06
722 3.328404441507466e-07
723 2.384285587051338e-07
724 9.457305796368866e-10
729 6.245649352577958e-10
730 2.5297655266172376e-09
731 9.492209425463796e-10
