11 2.697113380094059e-06
19 3.2831064864286516e-06
33 3.7987852499468627e-06
37 8.527393622315704e-06
167 7.680446193929354e-08
196 3.143708776447424e-06
232 2.34969463240881e-06
257 2.1951373570621335e-06
279 3.007667818324345e-06
286 1.7464494134626565e-06
298 1.3358651816995285e-06
307 2.501178689489781e-06
327 3.0298324339311603e-06
343 5.685910557621356e-06
360 2.9299678270914687e-06
368 3.204711719598083e-06
417 3.3946011595203532e-06
444 3.652117109515242e-06
463 6.611355909973899e-07
482 1.2801538470578693e-05
491 4.64671803877442e-06
508 5.9408846522702916e-06
576 2.0158068562826605e-06
581 3.7548691724665616e-08
663 2.814397301099605e-06
667 3.1483257341780433e-06
672 2.042815318248518e-06
679 3.099212837441672e-06
681 1.4931908170671762e-05
709 2.281059186437015e-06
719 6.692793952438507e-07
41 2.937703714214627e-05
583 4.4103821793667475e-06
674 1.5028664956771371e-06
136 3.856921833923704e-07
591 1.462612566702202e-06
685 6.329408140550209e-06
700 1.9554139929200265e-07
187 5.428810999855187e-07
453 1.4649249855026607e-06
474 1.5703162944426823e-05
566 1.180299168083541e-06
326 2.5413917557625886e-06
356 2.0894021526283087e-06
587 3.092736042061044e-06
592 1.019454681645092e-05
707 7.456584755127413e-06
416 1.9061258744351101e-06
39 2.8608028245430297e-06
379 1.6047277775731765e-06
382 3.8151869998043606e-06
495 7.495185454250988e-10
503 7.912349474457834e-06
505 5.992168839254441e-06
623 1.2867972331360581e-05
332 3.5969025240084713e-06
547 4.387169389265836e-06
634 2.956533751926081e-06
245 4.338696615951449e-06
