16
-0.017349515946448478 -0.010642239199337699
-0.003349272272930902 -0.015062372421208848
0.013896317503957385 -0.01729434861950808
0.02262856431045039 -0.018216037685228597
-0.013830314679940017 -0.009986967639892194
-0.0025774384557130073 -0.01362455546177511
0.013192253522695714 -0.01642777556683789
0.021014806601425615 -0.017455156465042178
-0.011133872298011648 -0.009137067714358904
-0.0015474158171884516 -0.012037742371951796
0.013009995557293572 -0.015278303080637939
0.020582798546544212 -0.016597819682360355
-0.011248229556956792 -0.00822161119082326
-0.001438337099082486 -0.01125770656434898
0.013422996758898307 -0.014813960335971358
0.02162707503719366 -0.016317339183283847
