16
-0.0043351359054287315 0.017404042418638747
-0.00016597421035672845 0.01783764974008928
0.006069552340798302 0.018256295982803154
0.009568458278749975 0.018355911977746733
-0.004868244308684383 0.01776058553311016
-0.0006240386613070152 0.018117009291322237
0.005917901919814944 0.01841406180518673
0.009239173419229314 0.018498248573732622
-0.006627575247466312 0.018443255358678478
-0.0014988338596553792 0.018768316401815043
0.00624802449820473 0.018723391920703998
0.009773671548316031 0.018742527191482845
-0.008244366491954706 0.018985178201425163
-0.0021895504342151167 0.019307857982885562
0.0068927544115681754 0.018994841571704748
0.010835166075102503 0.018938786154900022
