16
-0.009211565611794209 -0.005359137721854479
-0.00028944175494589956 -0.005307539920077171
0.010408282210592276 -0.00039713525445581564
0.015683703564730523 0.00131235990852337
-0.009185746148431833 -0.0014315390539762233
-0.0009903389150545945 -0.0017743337846665057
0.00963114403249667 0.0013148805098521967
0.014514853041308022 0.0025681093752046294
-0.010026587670915119 0.0038207274576426914
-0.002357834392331213 0.0034477581366120008
0.00912877223829474 0.0043958833918873895
0.014114922310399609 0.004808019470927911
-0.011477033922415352 0.006772972284703441
-0.003248072552291334 0.0058626711107484545
0.009020575787187696 0.006196000259968307
0.014654981805421241 0.006287738792678334
