9 3.5723834311238426e-05
20 3.74993130671067e-06
30 1.6882496948954774e-05
31 7.929503988804926e-07
43 1.91884080268018e-06
46 4.42750738819265e-05
49 2.6617910973916522e-06
51 4.453040371353105e-06
56 6.735312435291181e-07
88 4.476446114534254e-05
94 2.0775835336510855e-06
96 3.2964582156794374e-05
122 1.1216399912908775e-05
129 3.429238554409259e-06
130 1.7151006250100212e-06
141 3.890700793039683e-06
147 4.889691204346175e-07
170 5.270885476266567e-06
171 3.6360243523930557e-06
178 6.547829095602805e-07
184 4.259526473795069e-06
186 5.0291403727734344e-06
222 1.8186729112113239e-06
227 1.2733765996639422e-06
229 3.323241854767643e-07
236 5.304720877407168e-07
237 2.2209704237338587e-06
248 1.3668051825750277e-06
293 4.087173986368665e-06
299 5.747423534585448e-07
314 8.902053463277905e-06
318 1.4134740123129186e-05
320 4.3990054864458174e-07
323 1.535070749864377e-06
327 1.8158211532073475e-05
331 4.418990457377756e-06
333 8.779470375610263e-08
334 8.924251743470823e-06
335 4.364440873415765e-06
336 1.5995718279015076e-06
340 3.438214788905943e-05
343 1.3975220667350433e-05
353 3.4554245141885218e-06
355 8.047182677699991e-06
373 7.935904461192984e-07
378 2.731749285166665e-06
416 4.514780523357127e-06
440 8.867473663072757e-06
444 3.6853091257882525e-05
464 4.588871976655387e-06
467 5.0784852974385046e-05
468 1.966847821563947e-05
469 1.652975877859757e-05
473 5.539079013571527e-06
490 1.2269277722499289e-05
494 1.094379780125329e-05
495 4.3162248466041285e-05
505 8.308817862732618e-05
509 7.776439525428551e-06
521 6.004611801583185e-06
543 2.5702255743381027e-05
546 2.0918517691255287e-06
555 5.9261240508944775e-06
560 4.290556049204689e-06
571 1.2423671551391386e-06
576 6.19506134437065e-06
578 7.811102819411013e-05
579 1.331873933450813e-06
580 3.2305564736822846e-06
583 1.2068876313547912e-05
585 2.9685941466729063e-06
586 3.546470013475969e-05
589 1.413706476453826e-05
591 2.4308353605814763e-06
592 1.1912659333968265e-05
594 8.536555153139577e-06
604 4.335371538854246e-06
634 5.58970412173362e-07
650 6.624919400576169e-06
654 7.344419138191513e-05
656 1.4386714498778806e-06
660 6.47708844018108e-05
671 1.0250041532908647e-05
673 5.486000247866049e-06
677 7.548114453854489e-06
678 3.178157492395934e-06
685 3.3344864836048105e-06
688 4.2477401702490163e-07
690 5.174527053957083e-06
697 2.3407470490755433e-06
700 2.171797788905341e-06
702 3.00764074991303e-06
703 2.6006991746912065e-06
704 6.270507925010142e-06
716 5.56142900168493e-07
224 1.4055705573595247e-05
695 1.8200469579565828e-06
206 2.4255974314832567e-06
