662 3.3268007808583296e-05
128 3.964795785544461e-06
297 3.498038946575998e-05
472 7.237462266039368e-06
669 2.556317467371316e-06
251 1.995594744105392e-05
302 2.0076576470162334e-06
500 5.2654325933116814e-06
539 6.870952314448439e-07
574 9.033092644923704e-05
701 1.6666641416753233e-05
32 9.195781967225805e-06
47 6.1767627935973945e-06
80 5.867064989980356e-06
120 9.712529975779658e-06
124 4.128117539074977e-06
258 5.210811637969106e-05
283 6.8462006858834634e-06
332 1.805342924455618e-05
565 8.076268648565728e-06
675 4.143491175740753e-05
682 7.927570978004329e-07
0 0.00030250170920688484
48 6.46195354440584e-06
123 4.764632782050316e-06
370 3.4429721460935744e-05
412 1.2840993898360313e-05
515 1.614701991743589e-05
562 3.075621891054086e-05
569 2.27150452983485e-06
679 2.579106289595235e-06
5 6.486152409653757e-05
183 3.815122539895264e-06
216 5.203727206461748e-07
242 1.5919980143677028e-07
270 4.3816888436984533e-07
312 3.80382747254402e-05
379 2.3685442639573328e-05
409 3.8116651615648144e-05
485 0.00016396331656656193
520 2.4564698219704035e-06
551 1.2978944351680627e-06
563 6.147491691969341e-07
457 1.8048306822881724e-08
133 2.991123595003373e-08
516 4.1851225353753526e-06
519 6.723242955271259e-07
547 6.0566880792584726e-06
719 1.7406568772076148e-07
76 2.19078441155358e-07
77 2.394366264932701e-07
156 5.734429376542638e-07
403 1.852866393251747e-06
14 5.698267496316322e-07
269 3.594171847666873e-06
271 3.196714443559525e-07
356 2.889749365400655e-06
502 1.2939926044392767e-05
126 1.3089896884479236e-07
127 3.0676257561454723e-07
456 5.124330473600554e-07
458 8.219101007930007e-07
230 4.535260727778904e-06
342 8.668572073789808e-06
497 9.153213427260857e-05
503 4.0714531458021055e-05
605 1.0413156674484676e-06
659 4.5398111276661837e-05
78 8.776188213162533e-07
402 2.00921475338913e-06
89 3.289233534292643e-07
125 5.254084045020479e-06
568 3.716184256391931e-07
99 3.3463558921588405e-07
102 5.592200308350808e-07
192 1.465526526922385e-05
194 9.232913435679383e-09
459 2.0309455890313055e-07
517 5.572052444467806e-08
593 8.206027061459485e-06
316 8.897036301211714e-07
1 0.0001300073879272958
154 1.8827413651348176e-06
246 7.872945362351037e-07
603 1.0765124979775992e-05
401 1.8960446500386682e-06
410 1.2844025453640191e-06
462 8.485630181320522e-07
153 0.0001203224983104909
226 1.1954134466892276e-06
315 9.606012390077551e-06
488 9.027499999724012e-05
601 6.542737319296109e-07
606 1.5994592811678564e-06
573 5.138758284888205e-05
97 6.67610571991642e-07
303 1.0923690437584782e-07
371 3.000007810289673e-07
554 1.539776133215727e-05
602 7.292085491633446e-07
448 6.140812614540213e-07
215 2.2334367244101096e-08
329 2.7829665143021117e-05
35 1.2606300256142704e-06
83 1.8188982034396416e-08
98 6.289599906501996e-07
149 2.167469522600387e-05
208 4.1446814753544836e-07
247 6.361630534014872e-05
319 5.235068352380344e-07
447 5.987312994763283e-07
665 1.487390540926793e-05
715 5.095547702069403e-07
596 3.958390163665407e-06
291 2.6919228335304186e-07
584 6.914017673588239e-06
177 2.843872424722967e-07
152 5.468055301493025e-06
169 3.736675393964711e-06
176 3.5211660288388856e-06
300 2.873521419043999e-05
328 1.1612126446353249e-05
404 1.1060917893214419e-07
420 2.804614034047694e-08
548 2.566250985325128e-05
549 0.00013412124111713227
155 2.7085252918283714e-05
400 7.790176404705968e-09
74 3.977604607302699e-07
313 3.3751444848240536e-05
514 4.879247220817815e-06
36 7.205068325980393e-06
40 6.0050649512916656e-06
217 9.524236574665388e-08
238 2.433992327276747e-08
276 1.9799086573140542e-06
326 2.308818829337573e-06
348 1.0217112468821127e-08
375 3.958304228612919e-06
406 9.206642746923064e-06
435 8.643030497827289e-07
446 8.450244882814658e-05
486 0.0003621938140623096
512 2.111303671252889e-05
513 1.899288114615113e-06
525 1.2038040338652517e-06
533 8.219320525424446e-07
598 2.57632007943065e-07
681 1.2211360698000114e-07
693 3.2192645656542965e-06
168 4.436402038751638e-06
3 0.00014399426570888655
25 4.21152803394827e-07
44 4.4034636093360644e-06
57 3.6493114794647955e-06
87 0.0001878293682467906
90 2.7484152613556076e-07
105 5.797264784554368e-06
110 1.1372678925278918e-06
113 5.02328879550859e-06
116 7.231735561088745e-07
135 2.8113729969627917e-07
143 1.439427543001249e-07
172 1.1620184126193408e-05
207 4.1192048203125795e-07
220 1.0915809010923617e-06
244 6.427133139611138e-07
252 4.291470681690326e-05
260 1.0949620376224405e-07
290 1.4773134804773617e-08
304 2.1518919867584393e-06
350 6.343206808356717e-07
357 3.546262882025618e-06
362 1.8386238781182405e-08
363 2.9641636107351776e-05
431 8.264578846270718e-06
432 5.61792702883232e-06
492 6.98169817989784e-07
544 4.420415730933783e-05
545 3.199506292436909e-06
599 2.1811895761682638e-07
600 3.8941721451734883e-07
607 0.00012681343913399824
666 6.231545132821119e-06
13 4.826641271159796e-07
398 5.988342875491062e-07
399 3.9724780028310504e-07
7 3.459014418366934e-07
8 2.0213121281287603e-07
18 1.3448408364381286e-06
29 0.0002115747348215433
34 4.5098838813502884e-05
54 7.48394650396956e-08
61 2.997671701324782e-07
63 4.0496468489994324e-08
66 6.878782096198507e-09
67 1.885137088193145e-07
91 5.386218897985514e-07
92 5.15094586422815e-07
95 5.164623176015923e-07
103 1.721789548293766e-07
104 9.260495765586912e-08
106 2.561244556972335e-06
108 4.055627768506181e-08
117 1.8635573308331713e-06
134 2.2256728081389184e-08
148 2.1814803646477407e-07
159 3.813673943279887e-06
166 6.490945413767208e-07
202 1.4827885783981619e-05
203 7.513412288617602e-07
211 7.1589266567510754e-06
212 3.7345398357752045e-07
213 2.5965328318637496e-07
233 1.7106967309967057e-08
235 1.863253843944117e-08
239 3.389758091518132e-08
243 5.83767716106065e-05
249 8.906859870422575e-07
265 2.7455036814603895e-07
266 2.0904285656325897e-07
267 6.030605290310595e-08
272 1.462135777483936e-07
274 9.85795778594356e-08
278 2.13998748863677e-07
281 5.377278831678996e-07
286 3.375701844117847e-06
298 3.366126023181018e-07
349 7.630731051786447e-08
359 1.2294812503493222e-05
361 2.1218303626568365e-07
365 9.404556548720123e-06
368 1.0868556699144621e-09
395 2.4451364373503356e-08
405 9.411666379822504e-05
413 6.965904817205697e-05
423 1.7530291692933752e-06
484 0.00013131070236738988
506 5.781603881878037e-06
507 8.507070141986271e-07
508 2.8004172294437233e-05
511 9.43977916389739e-07
522 3.8533500076653777e-07
526 2.173670737743173e-06
527 1.1028693748566361e-06
528 8.078073535230342e-06
529 6.331346776663612e-07
530 1.8801922609954908e-06
536 7.368933338940757e-07
542 7.189749370242718e-07
566 2.4161524633937318e-05
597 1.3449111419628733e-06
636 3.254951761176971e-07
692 2.420040112847728e-06
717 2.2864548879408655e-06
2 1.1857671345503622e-07
4 2.970430919484313e-07
6 5.745217389992022e-06
10 0.00017166064144580087
11 1.892077447111064e-05
12 1.1514812478897681e-05
15 3.642739057931409e-07
16 2.0918175558705372e-07
17 7.795425732194106e-06
19 4.005585373715813e-06
21 7.117140309606859e-06
22 2.2087085428191794e-07
23 6.23022761149666e-08
24 2.1183813608783195e-07
26 2.446132855490067e-07
27 1.3097718588397718e-05
28 3.580873036419454e-05
33 3.4563717762488396e-05
37 3.732402153813901e-05
38 5.2475991918185266e-05
39 6.0894425111444355e-06
41 2.976627401063994e-05
42 0.00010155079165999314
45 2.4920734977437097e-08
50 4.103715856254845e-09
52 4.849264521888526e-07
53 2.2111217153311673e-07
55 4.2815317499610233e-07
58 4.362492838805918e-07
59 3.934476797693677e-06
60 7.853869515347375e-07
62 2.4116692122231527e-07
64 1.891272488242272e-07
65 2.5717400195711775e-06
68 7.048466579903256e-08
69 1.949822004698003e-05
70 3.445635603686542e-07
71 1.9847024917716282e-07
72 2.2090269773431352e-07
73 6.330111128443669e-05
75 3.045505716503311e-07
79 4.1278316358526097e-07
81 3.0268848018643403e-07
82 2.434881905709948e-07
84 3.76507587507943e-07
85 1.0517901173164813e-07
86 9.509647721298767e-08
93 1.6565294383198304e-07
100 1.3116540747962667e-08
101 3.452687036031111e-08
107 7.171769448302279e-09
109 7.810919844310121e-07
111 4.433219684331019e-08
112 1.563792512329877e-08
114 2.9460797909992247e-06
115 1.0327450026437393e-05
118 5.107788247608458e-09
119 2.218799514890908e-07
121 3.77844048078356e-08
131 1.3490159139827443e-06
132 1.0899301054512028e-07
136 3.932013587725103e-06
137 9.808854192642182e-09
138 3.845019985399882e-09
139 4.47223399613488e-07
140 5.582554721798611e-09
142 1.2624138894841163e-09
144 2.3587662281367475e-08
145 1.1311296482884901e-05
146 7.679079226891586e-10
150 4.588975123847346e-08
151 8.144599877234519e-07
157 1.9213253871869656e-06
158 4.852828972857985e-06
160 5.098575749490381e-06
161 4.50917496753614e-05
162 2.45663043408389e-06
163 2.607137109920439e-05
164 1.7349973597457451e-06
165 6.423998734817511e-06
167 5.569819509162892e-07
173 9.510362497583045e-07
174 7.204605470646345e-07
175 2.589986685558594e-07
179 1.8072772884374383e-06
180 2.0774493565078932e-08
181 9.098234240447907e-08
182 7.68505605687184e-08
185 1.331424986103251e-07
187 2.0238949769886376e-06
188 2.722224064690065e-05
189 1.1347760308292894e-07
190 7.755959386401615e-07
191 5.7172557020681945e-06
193 6.488581767775405e-08
195 5.214149489031223e-08
196 8.772557273875127e-06
197 2.0696118716103887e-07
198 4.55104917789167e-08
199 2.0251527439782836e-06
200 3.202701245937333e-08
201 5.240548086127733e-06
204 4.8638163923655194e-08
205 1.87571524616271e-07
209 5.1245672389895045e-08
210 6.024794837328438e-08
214 8.920040572054422e-08
218 1.0540757589311192e-08
219 1.4358926709262415e-05
221 7.44790787786227e-05
223 1.114762233455921e-05
225 4.488985854664164e-05
228 9.445963821215925e-06
231 3.848731714224435e-06
232 6.417709043763804e-08
234 3.1232742793316822e-06
240 5.772939384677969e-09
241 6.347747135954023e-08
245 3.2592126076891246e-05
250 2.1459367483806697e-06
253 3.0538244079864736e-07
254 1.4080495304452213e-07
255 6.205340524359438e-06
256 1.332845534618317e-06
257 1.9583986683317248e-06
259 2.9732187998062005e-07
261 2.8365887465614403e-08
262 5.599670933507776e-08
263 3.226055447539847e-08
264 2.53538633559523e-07
268 3.6163997403703587e-08
273 1.0722798398046139e-06
275 6.680832290766232e-08
277 2.129009645276499e-05
279 1.3653820973214965e-07
280 1.0441734979319933e-07
282 8.993112103711905e-08
284 2.8049398681167146e-06
285 7.695161579992094e-06
287 3.8482386408165316e-08
288 7.465424296925387e-09
289 2.2208317754093536e-05
292 8.507224963380256e-06
294 4.3333315600412846e-08
295 3.2004339667513564e-07
296 6.004761770460256e-06
301 1.0915811180885059e-07
305 7.070795849365938e-06
306 3.1276517843190648e-06
307 1.6875964911647747e-07
308 8.921736123036776e-05
309 1.382143863192277e-06
310 3.4502665436242676e-07
311 1.9685886042818314e-05
317 2.351028478515678e-05
321 7.634289123634476e-06
322 6.785273119490281e-06
324 2.8520541397967556e-05
325 2.6096439217015424e-05
330 5.098894957654637e-06
337 1.2705482915117962e-07
338 2.13001366724533e-07
339 1.056225009883905e-09
341 5.800699293209105e-06
344 4.53920759854875e-08
345 4.1918407302072886e-08
346 4.818965750303706e-08
347 3.2132661770850746e-08
351 3.545941906979795e-08
352 1.912223300393823e-05
354 4.938746890508298e-06
358 2.5265906715995844e-05
360 4.220065056888798e-05
364 2.192320545519576e-05
366 8.264801110383548e-06
367 1.1596007538617902e-07
369 3.174378904467642e-07
372 7.136927120136658e-05
374 4.0739474396509735e-06
376 6.0979638237385055e-05
377 2.9551463172323637e-06
380 8.841854360075595e-06
381 2.2665184583736373e-06
382 9.109506928777796e-07
383 5.374650593870493e-07
384 3.598195156425128e-06
385 4.956052444551055e-08
386 2.488965449859059e-08
387 7.4614422946877e-07
388 3.9051446015534934e-07
389 7.084426495318998e-07
390 1.0583115766501921e-05
391 4.796697517637561e-06
392 2.5560362310305654e-07
393 3.3610216085615313e-06
394 1.839447401143344e-08
396 2.2003386465852974e-06
397 2.3394127552517724e-08
407 1.383805040581027e-05
408 3.4638448581540737e-06
411 4.778420911150446e-06
414 2.89213025845628e-05
415 1.4535334567701669e-08
417 1.2180982030919223e-06
418 4.647878845374145e-09
419 3.203767281575492e-07
421 1.4301464117649158e-08
422 2.391301926418348e-09
424 1.1167326672942593e-08
425 1.2716882789763694e-08
426 8.560159266583516e-06
427 3.6952773171983448e-09
428 8.122967517564372e-09
429 3.641278028980373e-06
430 1.673079236188146e-07
433 5.016842377767375e-07
434 2.7742085351131974e-05
436 5.844372712067149e-07
437 1.387653643289552e-07
438 1.7763685000408341e-06
439 2.5351050399472745e-06
441 1.5081685083522648e-05
442 1.8853882376293445e-07
443 6.099223210152161e-06
445 1.0512506388886484e-06
449 1.9489641315936506e-06
450 1.0396152689313128e-05
451 3.0597076531157024e-06
452 5.719074060441484e-07
453 3.9225972687998084e-07
454 2.687825436934514e-07
455 4.8112255067970024e-05
460 5.56435546586617e-06
461 9.594424020758261e-07
463 1.3416462339441953e-07
465 1.012683304333579e-07
466 1.7959660211928726e-07
470 1.4006773311423308e-07
471 2.9708399632794255e-05
474 7.684306861599365e-08
475 1.7582381417097954e-05
476 5.8114298487659025e-08
477 7.611604242495316e-08
478 1.533222726686722e-05
479 3.1661780561636894e-08
480 0.00010783288150637474
481 0.00018339085335328348
482 9.665219638893995e-06
483 2.0288199684192185e-05
487 3.761170676758574e-06
489 0.0004036022934971269
491 7.940880724289045e-05
493 8.44102687043224e-06
496 8.270093804512635e-06
498 2.5999447256722146e-05
499 0.0004642938429087127
501 0.00011921727453355218
504 2.5122531708117496e-06
510 6.274055406157595e-07
518 1.832621585282347e-05
523 2.7369726709104814e-05
524 3.126523270768307e-05
531 2.1091996870980292e-07
532 2.406810412340903e-07
534 2.1380129657814373e-07
535 2.0889269042757116e-06
537 2.3749120630749893e-07
538 3.8705715470355416e-05
540 4.83683766566564e-07
541 1.540069024544727e-07
550 2.2632112143036484e-05
552 2.852618654452263e-06
553 1.5538804950328776e-05
556 7.313194889836307e-06
557 2.5919194704435562e-06
558 5.703307765170209e-06
559 3.8019366359982883e-07
561 1.4192640606195817e-07
564 3.635807839903151e-05
567 2.3950614850268903e-05
570 2.109465886817943e-06
572 9.83844031782249e-07
575 1.7781153852391705e-06
577 5.5490177376431504e-06
581 4.663381367520344e-06
582 4.3026172760527446e-05
587 2.7780185878939324e-05
588 2.823645451226547e-06
590 9.735089237168015e-06
595 9.942800506215155e-07
608 2.464488149237045e-06
609 1.2660280460859536e-05
610 5.405316580347725e-07
611 1.9544067481498276e-06
612 4.271188818107223e-07
613 3.297468866726782e-05
614 5.284364341050205e-07
615 4.419757422251336e-07
616 3.7913521956568165e-07
617 4.3969922690356297e-07
618 2.6624425737030953e-07
619 3.599554354040898e-07
620 3.1806349570195775e-07
621 2.0943823913631383e-07
622 2.2948120143411463e-07
623 2.8020142590873354e-07
624 5.826181549858069e-06
625 2.491858416351495e-07
626 4.159556223359377e-07
627 6.607835882855024e-07
628 1.228256495724817e-07
629 1.75029386132399e-07
630 1.9198441475897273e-07
631 1.3660582747159145e-07
632 3.487372963201629e-07
633 2.905850285371521e-07
635 2.7519619075164775e-07
637 3.877517119997045e-07
638 2.2787109855362108e-07
639 1.5849291332843463e-07
640 2.4619160653133414e-07
641 1.2661341614710311e-05
642 9.20988356547997e-08
643 8.702685376624182e-08
644 4.4015708251059934e-07
645 3.213445820467242e-07
646 2.0175832682405762e-07
647 2.647971855985511e-07
648 7.938427633837568e-07
649 7.298414303498131e-07
651 5.571655418409443e-07
652 5.63308692477322e-07
653 1.0012341779177964e-05
655 7.085128485261916e-05
657 2.692411963190976e-05
658 6.929517928332154e-06
661 2.3264225601616557e-05
663 1.9108638440303104e-05
664 4.347980422033972e-06
667 1.3643477429761849e-05
668 2.6746171095089466e-05
670 4.271838010389253e-05
672 0.00011711122139178943
674 7.892323727767176e-06
676 1.991882881389372e-05
680 2.993608312666635e-06
683 3.0273912107622912e-06
684 3.1497240574406062e-06
686 4.177568572592311e-06
687 3.9102154824753894e-07
689 1.247089597585529e-05
691 1.4473675000871045e-05
694 1.1827184126802604e-06
696 1.9153236962846675e-05
698 3.9720823281700435e-06
699 9.044002944265129e-08
705 5.871820696459906e-06
706 4.03584480460022e-06
707 2.6983445567877046e-06
708 1.2490538929032987e-06
709 7.034330044268234e-10
710 2.1123238385272297e-06
711 2.069344174670444e-07
712 1.8579780204370127e-07
713 1.740802062225212e-07
714 2.194559626034851e-06
718 2.4952693499845127e-10
720 1.421900680886431e-08
