11 1.61488825701203e-06
19 1.7879891856949119e-06
20 3.200304310417888e-06
30 5.9698426873985616e-06
31 3.770335586906489e-07
33 6.366226445181828e-06
36 4.55722638898532e-06
37 1.5277857326431272e-05
39 2.280471253041441e-06
40 2.4550046374061663e-06
43 1.5469074829902755e-06
44 3.3297291819257006e-06
47 5.009896325602147e-06
49 2.004816837977826e-06
51 2.2596378135328034e-06
56 2.101038857380791e-07
59 1.6040537291498462e-07
88 4.8279270608021075e-05
94 1.663386909622077e-06
113 2.766094205333575e-07
115 6.605386800499394e-07
129 1.714906047773296e-06
130 1.6325802114953018e-06
131 3.9873204518481865e-07
136 2.3190038045079923e-07
141 2.0714996010611864e-06
147 2.390783330586155e-07
162 2.2828483198214107e-06
167 3.9221759608108085e-08
170 3.4159921032070596e-06
171 6.812841994290067e-07
178 5.392138715828333e-07
179 2.489743669959464e-07
186 7.762894687525256e-07
187 2.3414263886899378e-07
196 1.9815149664371057e-06
206 7.618973749594122e-07
219 3.818317725426536e-06
222 1.995203306439289e-06
223 4.104786974645705e-06
224 9.90314586011184e-06
227 9.066115307600017e-07
228 3.1974195594896003e-06
229 2.2976833268116257e-07
230 2.403733644458489e-06
231 2.4878227305828817e-06
236 2.8452561650522646e-07
237 2.026365352338547e-06
248 2.3455564866757065e-06
249 5.212936906505741e-07
251 4.080904097427599e-06
255 6.764462685609198e-07
258 4.931299373954858e-05
277 8.32253148117885e-06
284 1.924699042140954e-06
293 1.8722001715868828e-06
296 1.239826970652529e-06
299 5.472085186043713e-07
304 1.6831416255710363e-06
305 1.954654226770714e-06
314 9.520588835670971e-06
317 7.989384133587533e-06
318 8.198550620567528e-06
320 3.4202127433772517e-07
321 7.768561463471738e-06
322 1.7421638348518226e-06
323 5.487806700058256e-07
324 9.067533540194066e-06
325 7.230010319939512e-06
330 1.5275563414282443e-06
331 3.2379812396585008e-06
333 1.2455303287305653e-07
334 4.202597744918471e-06
335 4.160322613055281e-06
336 8.485720054848411e-07
340 2.1030137975109345e-05
341 4.346960264168451e-06
353 1.429046319902087e-06
354 1.6777187715876906e-06
355 8.480273585442455e-06
358 3.0008610488063115e-06
366 1.7942846783167495e-06
373 4.2723554921664107e-07
377 7.534209958111254e-07
378 1.3929131045839283e-06
380 2.246138799532078e-06
381 8.523508599619948e-07
390 7.347223538297976e-06
414 5.371163508104029e-06
416 3.2153952304403737e-06
432 4.239947802447455e-07
440 5.429748032469587e-06
441 5.244404139487937e-06
444 2.9431294102720113e-05
450 1.8373507793198744e-06
460 6.68147311143587e-07
464 1.6939944388911318e-06
467 4.617854610432871e-05
468 7.71058475640799e-06
469 1.5625593356621947e-05
471 2.2086236618589626e-05
473 5.596684848632551e-06
475 1.125218934039887e-05
478 1.1582888354372687e-05
490 5.42060739855649e-06
495 2.7537261812270015e-05
496 4.795596945850914e-06
498 1.0870797024051976e-05
500 3.281231292113789e-06
501 9.135743532431522e-05
502 4.675257746180433e-06
503 3.324219050008012e-05
508 1.0806144101067543e-05
509 4.571184480600253e-06
521 1.0379958713915162e-06
538 3.386668916671604e-06
543 1.560756700946823e-05
545 6.272841859396077e-07
546 1.2059241720970602e-06
550 1.8096291985439917e-06
555 7.278977122445894e-07
557 7.859238447031766e-07
560 1.8099796120999435e-06
567 5.017986383989503e-06
570 6.426622476317509e-07
571 2.7577115972711797e-07
572 2.7717047500092353e-08
576 4.329930943187727e-06
577 3.890888651472327e-06
579 7.286241014984633e-07
580 2.73885537826971e-06
581 1.4028599601292589e-06
582 1.7982537760752352e-05
583 1.2208909424893855e-05
584 2.553955643009046e-06
585 2.330210680758249e-06
586 3.245992118392854e-05
587 1.5551306789352847e-05
589 1.2116938539078125e-05
590 1.1472720382133904e-05
592 5.925286241273979e-06
594 8.263718635637716e-06
596 1.7034480337089521e-06
604 2.4614461681320906e-06
608 5.945956902237611e-07
613 2.106672824751065e-05
624 1.2196194843397063e-06
634 4.0467301950040004e-07
650 1.7735637599037162e-06
652 1.2707368476302148e-07
653 3.189420328276912e-06
656 9.444284622511482e-07
657 1.3975453744570341e-05
658 2.1565067137534694e-06
660 5.139658939423022e-05
661 8.059552858435703e-06
662 9.294607513942201e-06
663 3.833156887669695e-06
664 5.293568812113326e-07
666 3.918817705265486e-06
668 7.613909730901621e-06
670 2.0913961166294035e-05
671 6.223835767112696e-06
672 9.842167307898298e-05
673 2.764417047753517e-06
674 6.08319765289596e-06
675 3.1037370340587144e-05
676 4.979839389994898e-06
677 3.496056501366537e-06
678 2.3866440908586114e-07
683 1.9583673680828898e-06
684 3.433267569051496e-07
685 1.7942030225330807e-06
686 4.239210587430977e-06
688 2.3440588667321354e-08
689 5.552812393208313e-07
690 1.9107548433981387e-06
691 3.7154863300095833e-06
692 7.22653363378948e-07
693 2.8752715940846663e-06
694 1.2963201854911245e-07
695 1.332682800431268e-06
696 1.227876951655093e-05
697 5.06128590207251e-07
698 1.9501310082770065e-06
700 1.9519424751683206e-06
703 8.202828758162266e-07
704 2.5034620583317807e-06
708 8.282657613340864e-07
716 5.180191249202998e-07
717 1.7689720362303607e-06
