0 0.0002036723786927332
42 9.411809203971001e-05
48 5.678258622276899e-06
149 1.5225427457038926e-05
158 3.949395697004769e-06
243 4.459485674483613e-05
484 0.0001027858240550599
665 1.1794054067197912e-05
34 4.4404187555516315e-05
38 5.8968642805430685e-05
69 1.9322523754316317e-05
152 3.3768794863697605e-06
153 9.89059432645741e-05
160 4.32947314212164e-06
221 6.985029716882979e-05
225 4.816821720033927e-05
283 5.5661186158546675e-06
379 2.227978382569944e-05
393 2.8308498943402403e-07
405 8.156747052390657e-05
409 3.637310626697863e-05
446 6.50671147577938e-05
497 7.456425702596316e-05
512 1.4693170779211898e-05
515 3.538780875597054e-06
524 2.9964000947554643e-05
528 4.784247564539435e-06
544 3.8839584015613456e-05
556 7.742453758951447e-06
566 2.1784289527246646e-05
573 4.409753004091792e-05
607 0.00012890015441826183
641 9.557385592383176e-06
1 0.0001001227340070274
6 2.8103104156360457e-06
10 0.00014934958293357536
12 9.742062744213021e-06
16 2.4771865500316514e-07
23 2.913538452732294e-07
26 3.5740265814429716e-07
27 1.3252005004241156e-05
28 3.493740814823635e-05
29 0.0001717948418541085
45 1.8757479088041678e-08
52 6.81486072344462e-07
55 5.64308581901896e-07
57 3.804666402600734e-08
58 5.733183627609561e-07
60 4.724454297298646e-07
61 6.330494478533911e-08
65 1.946310518574114e-06
68 5.1771064730440716e-08
70 4.0099297462187987e-07
72 2.669148789984815e-07
74 7.056092149906598e-07
75 4.336229767134702e-07
81 5.384146325765519e-07
82 1.754159596121815e-07
84 3.2890947248983994e-07
85 2.156588048258273e-07
89 3.042739635033495e-07
91 8.424857023304443e-08
92 1.0295503653773399e-07
95 3.316758851444256e-08
97 5.884305801993631e-08
98 5.452617752646905e-08
102 8.5504146389355e-08
105 4.951446178261914e-06
106 1.8928787286507759e-06
124 1.0488585697342075e-06
125 4.896377556797927e-06
145 9.800186723084524e-06
148 3.958976155175731e-08
151 3.2574435703082716e-07
154 5.660698477597026e-07
155 2.0317099202315056e-05
157 1.2632770852723688e-06
165 5.2490762803974175e-06
175 2.2822395738914933e-08
177 8.034671944084532e-08
185 5.794791783289132e-08
189 6.657383759600623e-08
193 4.4822929871459615e-09
195 3.248087202208636e-08
199 6.911745133523459e-07
201 4.392836360101407e-06
202 1.2148366407943379e-05
203 1.93188894854548e-07
207 1.6061125941782557e-07
208 1.567654431987941e-07
220 3.1394312857142413e-07
244 1.00966652642114e-07
246 1.2166051619400798e-07
252 3.564454758491635e-05
265 6.091458560630695e-08
266 2.5439695844646277e-08
269 2.792717612076801e-06
272 3.679323787413352e-08
273 9.77045874988546e-07
295 2.71055348644708e-07
297 2.4629990723451137e-05
298 1.8856075459402465e-07
300 2.9809120389230034e-05
308 9.547055296178246e-05
309 1.5281974266033437e-06
311 1.492121929592487e-05
313 3.958526730506833e-05
315 4.9771964428848834e-06
316 3.055204201155436e-07
326 1.7581804281572865e-06
359 1.1005867970186709e-05
362 8.196846293464818e-09
370 3.2629846882069845e-05
382 1.3137444193508547e-07
383 1.062886090967976e-09
384 1.9632089648129552e-07
387 2.3776178686066483e-07
388 3.2401198145990494e-07
391 3.329698885531606e-07
396 2.3721070044325003e-07
398 1.9741662012386774e-07
399 2.2217291887393012e-07
401 1.460954259774468e-07
402 2.0382765094163614e-07
403 2.5035950575586635e-07
406 8.407388657780883e-06
407 6.650346010722124e-06
408 1.1108924536293767e-06
410 1.6310774317673554e-07
411 2.9116283914150257e-07
413 5.588921623188844e-05
419 2.2199434397251354e-07
430 4.2538832679465427e-07
431 5.182422476614029e-06
433 4.78650546184311e-07
436 2.8502992589834673e-07
438 1.692869186804284e-06
439 2.5298874174951133e-06
445 8.048372804677232e-07
449 9.832778262644303e-07
451 2.4656700410413797e-06
453 2.1656508649194633e-07
455 4.004563343753327e-05
456 3.094193705868027e-07
458 2.1059341308325238e-07
461 7.049777748624362e-07
463 2.473899395598867e-07
466 2.1876207542976058e-07
470 2.9460592753794026e-07
489 0.0003285986156295502
506 4.022592109293451e-06
511 3.333593452580638e-07
513 7.503453369262122e-07
516 2.893982453041178e-06
520 2.631777539313902e-07
525 3.051638922284602e-07
527 8.695930386870434e-07
532 4.832296343310028e-07
535 1.6112570414048714e-06
536 2.5722618214194716e-07
542 1.6457975560629763e-07
551 8.029713554276165e-07
553 1.2738617333286016e-05
569 1.2774332357415522e-06
600 2.0820759501720816e-07
606 4.854017632182768e-07
609 1.0671238010845126e-05
611 1.0355732343896893e-06
612 3.052756634453183e-07
617 2.9342460708742785e-07
627 3.739818679924595e-07
630 3.8011548125509457e-07
632 2.7484091016844977e-07
644 5.525799643590506e-07
645 3.0040850546413547e-07
648 4.88355330197402e-07
687 2.4250187323473447e-08
699 3.9059815518580276e-08
710 1.9001646122957695e-06
711 4.6422244993525895e-07
712 1.8272578382599278e-07
715 3.486129245999272e-08
552 2.29337602883248e-06
482 1.0153599049777705e-05
2 1.1484566501521927e-07
3 0.0001396634388222647
4 2.969014799969611e-07
7 3.14938119998789e-07
8 3.266893375424958e-07
13 1.312657550650879e-07
14 1.2948857958402176e-07
15 2.9583109735748674e-07
18 1.1985236089404356e-06
22 3.5016973624297814e-07
24 3.668021266108722e-07
50 1.9795768458959836e-08
53 4.860627830257086e-08
54 6.630710831871782e-08
62 2.6141425893053197e-07
63 9.163272937325928e-08
64 2.0578958248357104e-07
66 3.1791802261142824e-09
67 3.1878836403799695e-07
71 1.797235264626072e-07
76 4.56059222554053e-08
77 4.560592225540525e-08
78 3.0297337603871325e-07
79 1.9010331563190902e-07
83 3.615793522899102e-09
86 4.484444878217669e-08
90 5.266838834414518e-08
93 1.3372076072141673e-07
99 7.476488887343725e-08
100 2.3251164646473227e-09
101 3.981249797352206e-08
103 3.007190466178376e-08
104 8.405610667990496e-08
107 5.629132619384468e-09
108 9.810549610042657e-09
109 6.34328899121091e-07
110 9.623782062574858e-07
111 2.9232067909922326e-08
112 5.132075467500685e-09
118 1.2672932687258502e-08
119 1.8367156837937387e-08
121 3.808766631624792e-08
126 5.715977957992547e-08
127 2.0635554608205292e-07
132 9.374803780683069e-08
133 1.4498935279552352e-09
134 5.725957369507745e-09
137 2.4567661341151085e-09
138 5.22597377643671e-09
140 2.768833656406676e-10
142 1.9395243523252523e-09
144 1.2551749604520286e-10
146 5.089201957657573e-11
150 2.0829620052531302e-08
156 1.473845357480525e-07
166 5.387241933022677e-07
169 3.3233445629618924e-06
172 9.428516868063054e-06
173 8.333187081178582e-07
174 5.993336862487651e-07
180 1.9179603417867928e-08
181 6.202878505312741e-08
182 7.1572346416160955e-09
190 7.193440921684669e-07
194 2.0406084846672635e-09
197 1.6058474098550715e-07
198 5.814996892931303e-08
200 3.872435221088181e-08
204 6.971654452876989e-08
205 1.443061017794966e-07
209 9.925954068376612e-08
210 4.41302574884753e-08
212 6.505925122701254e-08
213 4.961385001224644e-08
214 1.5474544872504397e-08
215 3.6613933603425545e-09
216 1.0563156653396208e-07
217 5.665499836531894e-08
218 2.760988651464436e-09
232 2.1598007461722677e-08
233 1.014939590109459e-08
235 1.370287724374572e-08
238 1.9294818889596922e-08
239 1.7052642423126196e-08
240 2.148905017982278e-09
241 4.53045334076228e-08
242 6.978513128615254e-09
254 7.012559096642559e-08
256 1.0945438414210668e-06
259 2.819318608427101e-07
260 6.798879566778676e-08
261 1.998971801378086e-08
262 5.535073741199298e-08
263 6.078811739199383e-08
264 1.7646871532531692e-07
267 2.2498361604587766e-08
268 4.1378694441536866e-08
270 7.479909943648731e-08
271 3.093296850762951e-08
274 3.785096805020087e-08
275 5.041197050336227e-08
278 4.9299762705064725e-09
279 1.304151933159736e-07
280 1.2003063670763382e-07
281 1.3055755576994154e-07
282 5.386899787388389e-08
286 2.941373621649438e-06
287 8.614520181074346e-08
288 3.856918430724311e-09
290 4.081998539335811e-08
291 4.107063168583855e-08
294 5.252946535175041e-08
301 5.747122134131878e-08
303 5.2857555190267915e-08
307 1.4254234614839524e-07
310 1.7211300246877493e-07
319 3.394805913388478e-07
337 5.348321989715369e-08
338 1.260465630445835e-07
339 3.406843085850626e-11
344 2.3525208090669028e-08
345 3.1680128664789816e-08
346 2.6026575310763232e-08
347 5.1745926355831886e-08
348 2.345461519779837e-09
349 4.11307845268411e-08
351 1.0514600435624113e-08
361 1.0494584387690119e-07
367 6.27264132636682e-08
368 5.076825970068049e-11
369 2.7737858125703125e-07
371 1.0545782405822225e-07
385 1.6695619354351983e-07
386 1.0765883524377604e-07
389 1.0617335029596958e-07
392 8.608851167571779e-08
394 5.757710742505232e-09
395 1.0744963188549594e-09
397 3.705838998974533e-08
400 4.864423011297558e-09
404 8.25002283437876e-08
415 2.0325181846541092e-08
418 5.61703048512439e-10
420 8.164887077384087e-09
421 1.821720390511727e-09
422 4.1166937477161474e-09
424 2.840175131883231e-09
425 1.802648542461969e-09
427 4.795114057828092e-10
428 1.5795415241393144e-09
437 1.8886461301257062e-07
442 2.6804153013928456e-07
443 5.0668095320344986e-06
447 2.921264509837574e-07
448 2.802070815079077e-07
452 2.9896768632866457e-07
454 2.8461601421409505e-07
457 2.565918871349176e-09
459 4.596129866122832e-08
462 3.8038663676719105e-07
465 1.2421596894639015e-07
474 1.6030159894940635e-07
476 1.6785974563510943e-07
477 5.9232550332751474e-08
479 9.028784964264508e-10
481 0.0001307694624260797
487 5.854531669406273e-07
492 5.541491022144639e-07
507 4.080688385449766e-07
510 5.780834684446294e-07
517 1.8436090543952008e-08
519 1.4416002802029516e-07
522 2.8715192657960217e-07
526 1.3089047889233143e-06
529 2.381672675391825e-07
530 1.0955780565228463e-06
531 1.299976272961815e-07
534 1.921225296476739e-07
537 2.9992959816103275e-07
540 3.438119935020326e-07
541 1.4585207105895166e-07
563 1.1619492062865122e-07
597 1.1445005784407445e-06
598 2.263363460745956e-07
599 3.5778230775570307e-07
601 3.2386968835354174e-07
602 1.9755871789941167e-07
603 9.61124260884424e-06
605 3.2800357325783626e-07
610 3.166127305523933e-07
614 3.3071634962992493e-07
615 2.8733493499999156e-07
616 2.4419052474486713e-07
618 2.5270523248295823e-07
619 4.0500527218791844e-07
620 2.4955505761917096e-07
621 2.0603325580600307e-07
622 3.1967303482001085e-07
623 2.7263385671257275e-07
625 3.5809128279615786e-07
626 3.198240126903762e-07
628 1.9035281242402654e-07
629 2.9201213451234407e-07
631 3.160656778686652e-07
633 3.087201057154528e-07
635 2.9483919982810734e-07
636 3.039941278752053e-07
637 3.359111205872085e-07
638 2.947970820394669e-07
639 2.8943594669165776e-07
640 3.123693453841133e-07
642 2.7860376979077787e-07
643 2.459133691001742e-07
646 3.637703891453126e-07
647 3.133809804995036e-07
649 5.232166433270826e-07
651 2.7163701895038097e-07
681 1.0292373869894858e-07
709 1.9206108417341018e-10
713 2.836981227133875e-07
714 2.38441561341479e-06
718 6.951745644355414e-10
719 2.9835027474371783e-08
720 2.4956002660521863e-08
116 4.6364287232259915e-07
135 1.529941277504013e-07
356 2.2111435034745344e-06
667 1.3306857542148725e-05
168 3.6787581849665694e-06
164 1.6741292993084043e-06
352 1.7210350545253635e-05
547 4.875100777634922e-06
17 6.815073031578162e-06
21 4.0772845764784795e-06
25 3.200475657809169e-07
114 2.253568989580686e-06
117 8.424184822625824e-07
128 1.7985164070102543e-06
139 3.4418054235924706e-07
159 2.6848358230663148e-06
161 4.4187207179823335e-05
163 2.496449753935768e-05
176 1.728544164778277e-06
183 2.2380220660310173e-06
188 2.4901178625346157e-05
226 8.056584843972395e-07
234 2.1625688798818084e-06
247 3.345467772486045e-05
250 1.8364563190761842e-06
253 2.8192584601144437e-07
257 1.602355195140141e-06
276 8.004564278146425e-07
285 6.210087530386551e-06
289 2.0020172789525097e-05
302 1.2088695220731849e-06
306 3.1957350322955647e-06
328 1.3615571739089414e-05
343 1.0230282374628082e-05
350 5.2454465090012e-07
363 2.034248122262421e-05
364 2.32533028116259e-05
365 8.138120538598136e-06
375 2.735441620998612e-06
412 1.0863247425677105e-05
435 4.3580206232632605e-07
472 6.37268316872405e-06
483 1.1892514456409807e-05
486 0.0003191921487428529
488 6.33947481268171e-05
491 6.877346171293664e-05
499 0.0004368873662001431
514 3.4624836823235113e-06
533 1.6339189018451145e-07
548 2.064131121489333e-05
559 3.3407771906197726e-07
561 1.1598316321851302e-07
564 3.243323042748299e-05
565 2.6092479864106714e-06
568 3.0524901939021595e-07
575 1.4506416447729356e-06
593 6.599719832281486e-06
669 2.2058983242659215e-06
679 1.0249063549522748e-06
680 3.2332219333319857e-06
682 5.477367718936389e-07
706 3.2158815824038364e-06
35 8.908185485864436e-07
5 6.659096436360983e-05
41 2.8297902253015356e-05
80 3.6007521307905427e-06
87 0.00015946917175345304
120 4.985139863255845e-06
122 5.2987970494299384e-06
143 6.458807607002937e-08
191 3.899479593213815e-06
292 5.866604271882898e-06
329 2.1802158535042708e-05
332 2.17513708341785e-05
342 6.8135195415634265e-06
357 3.486366329000033e-06
372 6.610345062651759e-05
374 3.155250939902853e-06
423 1.4120074987107022e-06
429 2.821075188667528e-06
480 8.789093507165364e-05
485 0.00012443453397462543
493 8.782636288572709e-06
504 1.7621240856937726e-06
518 1.2631362907936156e-05
539 3.5960323131467733e-07
549 0.00010550135227419479
554 9.189458708020647e-06
574 7.633953839329346e-05
595 6.478308317932026e-07
659 3.010778781438036e-05
701 1.1920753565798364e-05
32 7.600906537623679e-06
73 5.001951563117014e-05
96 2.9929535263564565e-05
123 2.4665688328260823e-06
184 3.772303475856678e-06
211 5.444136129440679e-06
245 1.9529315942631373e-05
312 2.2033268990330197e-05
360 4.076537220123236e-05
417 8.663961431679108e-07
434 2.3445716229305553e-05
523 1.861248284330911e-05
562 2.3667308134417537e-05
591 2.0080253413109848e-06
9 2.25057265056741e-05
46 4.2838919666415544e-05
327 2.090965917420431e-05
376 5.759707310271847e-05
588 2.217983988113e-06
654 6.587090604471929e-05
702 1.717798363300315e-06
707 2.2329247225998195e-06
192 1.1497407730440256e-05
494 1.1484104272035912e-05
558 3.9989655347904925e-06
578 7.011614564333704e-05
655 6.578057572145925e-05
505 6.51985385803589e-05
705 3.205144486643615e-06
426 9.53419222434743e-06
