595 7.047784373183647e-07
343 1.1272153552377385e-05
518 1.3916520617389377e-05
659 3.020851075470888e-05
128 2.1097781314066974e-06
342 7.406221955758005e-06
423 1.5691020431115814e-06
297 2.6687339550905114e-05
485 0.0001297775379345983
283 5.944431972663777e-06
480 9.201207923646209e-05
120 5.316009050651151e-06
472 7.028378893075708e-06
533 2.0630270624575095e-07
679 1.1731397038782361e-06
486 0.000342819007929215
221 7.377664590127172e-05
544 4.107911492084946e-05
564 3.448716872186491e-05
176 1.9376659013339097e-06
25 3.59694505876126e-07
276 9.784713977327675e-07
302 1.3209185333914003e-06
306 3.4712328032304755e-06
435 4.852382974914957e-07
42 9.969540857886367e-05
243 4.395875813373755e-05
1 0.00010635314682600357
160 4.492334008462575e-06
17 7.38185193129293e-06
328 1.4696479224879544e-05
412 1.1663999477579e-05
593 7.122619098892895e-06
253 3.210444464426744e-07
257 1.7585193641541082e-06
3 0.00014926542672392528
21 4.3378779256882506e-06
48 5.985425724911007e-06
34 4.610990463387125e-05
145 1.0379914746542848e-05
667 1.428048567282088e-05
234 2.4149012826262726e-06
547 5.261519920057749e-06
565 3.0496923006894016e-06
0 0.00021632567414349213
379 2.369644153609278e-05
706 3.5778119426094756e-06
559 3.913083027268623e-07
163 2.7045026687837293e-05
407 7.884545670007647e-06
149 1.5904455288027452e-05
165 5.416902534044842e-06
226 9.103769676420693e-07
561 1.510984807487694e-07
488 6.872233977894559e-05
489 0.00035783091646989385
29 0.00018218649985260511
252 3.763388689196231e-05
352 1.8552204277222008e-05
247 3.4875790275804026e-05
568 3.3615628237257165e-07
188 2.6994654857877275e-05
158 4.042812267862798e-06
665 1.246799086618228e-05
114 2.4535261164567546e-06
116 5.236616462054751e-07
117 9.152299667327589e-07
375 3.025773580986795e-06
682 5.999115463605242e-07
124 1.2760921936679891e-06
285 6.872721241514952e-06
364 2.5235199722607672e-05
484 0.00010767001613977625
524 3.0345341968268174e-05
566 2.3166274674195177e-05
370 3.527704040910686e-05
65 2.2585974266108243e-06
183 2.604930816031873e-06
135 1.7967435786931425e-07
139 3.9534669208140836e-07
326 1.949833918082247e-06
356 2.4247817249737735e-06
497 8.014964923979392e-05
225 5.162575994126645e-05
300 3.230471795010775e-05
125 5.2701468519308845e-06
189 9.553635952877334e-08
250 2.0032473792079374e-06
359 1.1978343606247616e-05
419 2.5488182073115995e-07
60 5.948866552707186e-07
86 7.43273551446253e-08
177 1.2492781939155397e-07
362 1.0296278759063681e-08
420 1.1015976703619756e-08
575 1.5701651465947272e-06
445 9.048622002575783e-07
514 3.8073715437793147e-06
105 5.391635741170297e-06
573 4.8953597717064425e-05
552 2.4677613477188527e-06
146 2.5771663052522505e-10
185 7.99496422466254e-08
202 1.3041790446526854e-05
339 1.200848801006874e-10
428 5.464304780433919e-09
168 4.127964504421241e-06
164 1.8663935173934908e-06
350 5.876896542386456e-07
363 2.208557832018508e-05
491 7.470682582712488e-05
499 0.0004753711431398963
482 1.097032713135103e-05
2 7.257252014122501e-08
15 1.252248082572747e-07
18 1.3019480161750172e-06
45 3.1816825535386226e-08
63 3.437021607997202e-08
66 6.407346511643421e-10
79 6.365100108784749e-08
83 8.114438049049249e-10
93 8.171322122822182e-08
99 2.3657671119539778e-08
100 3.0103079555945086e-10
107 1.676029057800934e-09
109 6.73231796406198e-07
110 1.0431748861874761e-06
112 2.8840424653248103e-09
118 3.124758273486925e-09
119 1.1880632516833722e-08
133 2.4382744810670914e-10
134 1.5084719085660376e-09
137 5.210814408777458e-10
138 1.2775911263386445e-09
140 1.123190698308557e-09
142 3.2947988933020436e-10
144 1.2934375954463717e-09
150 6.2710173324787935e-09
159 3.0315839191812283e-06
161 4.868616549210814e-05
166 5.859460899826801e-07
172 1.0099956200955547e-05
173 8.870557188392206e-07
174 6.689990292467728e-07
182 4.262232669422046e-09
193 1.0935767534585649e-08
194 4.958411646869246e-10
197 1.669842320936898e-07
198 1.9149814275396053e-08
215 5.935356571595754e-10
218 6.432210237027996e-10
233 1.937328640293894e-09
235 3.2972190027220988e-09
238 4.8778091176970265e-09
240 3.1655554799350604e-10
241 4.7986239990280966e-08
242 4.687835335282189e-09
254 2.588330225792e-08
256 1.1520585910632795e-06
259 2.543081401588547e-07
260 2.4285688009139624e-08
261 1.4338623012984247e-08
262 1.9606128173203945e-08
268 1.3177368262697037e-08
275 1.51846172174312e-08
278 7.048620836037113e-09
286 3.1961544388950556e-06
287 3.1539210744529906e-08
288 7.151753162708163e-10
289 2.2112635864425808e-05
290 1.2873410512956346e-08
295 2.9948491663623977e-07
301 1.837531778137815e-08
303 1.6624928971815775e-08
308 0.00010314400231039303
315 5.64149989768734e-06
344 7.2373781222072e-09
345 1.2172862503245248e-08
346 8.025077753383466e-09
347 1.754336296583186e-08
348 3.8361933245758744e-10
351 2.8348818452525725e-09
365 8.821810927496911e-06
368 1.616915132699846e-11
369 3.015464420580513e-07
371 1.1002465378519162e-07
394 3.6681058596031624e-09
395 1.7017167992161774e-10
400 8.898651439597775e-10
418 3.1383511983261535e-10
421 3.5716100829469118e-09
422 7.421168662197088e-10
424 2.1812360160793486e-09
425 1.4277513157424504e-09
427 8.029630676059871e-10
443 5.3955117770527135e-06
448 9.455181239457036e-08
452 1.4272264975940564e-07
457 3.103326723906012e-09
459 1.4303397139202683e-08
479 2.836214199672095e-09
481 0.00014346627317875113
483 1.3046009270449056e-05
492 4.229595724846449e-07
510 4.7106771435358603e-07
519 1.2535236319100555e-07
548 2.2442809890764482e-05
563 4.419506867498762e-08
569 1.505834305794301e-06
628 6.659632770046699e-08
629 9.894793305134114e-08
635 1.0048748764228176e-07
636 1.196483189216346e-07
638 1.0563163852410718e-07
669 2.3911712511042266e-06
680 3.512633966478292e-06
709 4.4357992952609e-11
713 9.605759296364567e-08
718 1.222956369608673e-10
720 8.161373751218365e-09
4 2.880696552063401e-07
6 3.236659020253261e-06
7 1.0835450337378418e-07
8 1.3996299033901717e-07
10 0.00016535209135123223
12 1.0389076464844867e-05
13 4.0892589893177945e-08
14 4.297591978989331e-08
16 1.8361331668922113e-07
22 1.7046155018142156e-07
23 1.1457420199592376e-07
24 1.7957791056485796e-07
26 2.1877181647215328e-07
27 1.4560165249858903e-05
28 3.8639941870804406e-05
38 6.484862382187049e-05
50 4.6770733256518755e-09
52 4.933851121272077e-07
53 2.2022479839689093e-08
54 2.0239554801635672e-08
55 4.134804755099658e-07
57 2.676757815251333e-08
58 5.255187740142423e-07
61 3.816851503329944e-08
62 2.1699756406552928e-07
64 1.5835195680412227e-07
67 1.251159268407698e-07
68 3.2267151545689454e-08
69 2.0462959536378428e-05
70 3.594078021717275e-07
71 6.440410728834444e-08
72 2.1323467244400537e-07
74 6.917381071090399e-07
75 2.5516075887373795e-07
76 1.121937483169983e-08
77 1.1219374831699814e-08
78 1.5765257623053858e-07
81 4.555696948633009e-07
82 9.578130913686037e-08
84 2.842932679374561e-07
85 1.2473627790447077e-07
89 3.3433505562608284e-07
90 3.808075894778247e-08
91 1.1532064284092728e-07
92 1.1461579533952652e-07
95 2.2926833350368816e-08
97 8.024670275035087e-08
98 4.53421764071298e-08
101 2.6848528982295582e-08
102 8.299892735109047e-08
103 1.6442313876983982e-08
104 5.215681685409674e-08
106 2.060083218913753e-06
108 1.6372185233874697e-09
111 2.4049065751301717e-08
121 9.474257713370095e-09
126 3.623183419403714e-08
127 2.0234563220703658e-07
132 5.884124320884776e-08
148 4.081266586013974e-08
151 2.771242730430082e-07
152 3.716613649345897e-06
153 0.00010937233258804532
154 7.038635017287815e-07
155 2.2366773180510426e-05
156 6.95443284190403e-08
157 1.3404620404374956e-06
169 3.681611337119896e-06
175 3.2104384233358785e-08
180 6.0264152935898545e-09
181 6.663749020630135e-08
190 7.608646607606672e-07
195 3.958406638860407e-08
199 9.30218925576772e-07
200 2.205379806237285e-08
201 4.869326413711071e-06
203 1.9625463560671517e-07
204 2.1373144173470308e-08
205 8.855114928750017e-08
207 1.2791409074755089e-07
208 1.3627611988872632e-07
209 3.132097476331755e-08
210 1.7701198791584157e-08
212 1.8943732659496317e-08
213 1.1540761618846801e-08
214 7.243414371082648e-09
216 6.20908085741449e-08
217 1.735552454255253e-08
220 3.097203098332056e-07
232 7.580614642356274e-09
239 9.700156278438701e-09
244 1.4294239641552532e-07
246 1.4861022148307286e-07
263 2.1036947496933734e-08
264 1.5381008503988722e-07
265 5.283906137450449e-08
266 1.3815269096544355e-08
267 1.3028320782457965e-08
269 3.0628170140359424e-06
270 4.511195667185923e-08
271 1.1031789494321135e-08
272 2.186664703876763e-08
273 1.0453764046905624e-06
274 1.0700029953269428e-08
279 9.277931331509297e-08
280 7.454772337457586e-08
281 1.2037691176524065e-07
282 1.708220600151452e-08
291 1.1993280387877812e-08
294 1.482083727644159e-08
298 2.043478416839159e-07
307 8.103071493797651e-08
309 1.505171549005325e-06
310 5.079734186636946e-08
311 1.609567825687351e-05
313 4.296843046677547e-05
316 2.5726586659938964e-07
319 1.2426260513645375e-07
337 1.4590743367680357e-08
338 1.1078101504632585e-07
349 2.31351135182633e-08
361 8.865035702714743e-08
367 4.5671008755453884e-08
382 6.796847937629866e-08
383 1.1292249638021852e-09
384 1.1714244555204662e-07
385 5.323174629687599e-08
386 3.2036329461830506e-08
387 8.762372410968224e-08
388 3.030095113434365e-07
389 4.8671612559350836e-08
391 2.15847584768712e-07
392 3.817322247388729e-08
393 2.4036328808042676e-07
396 1.791762745476021e-07
397 9.506767395955344e-09
398 1.3764580187659745e-07
399 1.8644409186474545e-07
401 7.91274321029325e-08
402 1.261713833072021e-07
403 1.2579683428181562e-07
404 2.8992036577204753e-08
405 8.886851168000031e-05
406 9.095751078523938e-06
408 1.1193445196757619e-06
409 3.966628677928095e-05
410 1.0354919843235574e-07
411 1.4228708580386608e-07
415 3.862714499446055e-09
430 2.5438097545199263e-07
431 5.7071336596968135e-06
433 3.773037723828736e-07
436 1.5547644939244637e-07
437 7.13124408531978e-08
438 1.6380273962965298e-06
439 2.5650377677442043e-06
442 1.2108206489779668e-07
447 1.0110502275960032e-07
449 9.478734909447417e-07
451 2.5505668088347163e-06
453 1.0275889250311575e-07
454 1.5535451550638763e-07
455 4.447311641028482e-05
456 2.6881334632946823e-07
458 1.1599594358483373e-07
461 6.457071699618605e-07
462 3.036938133268619e-07
463 1.243879646386571e-07
465 4.357626870186993e-08
466 1.564820892670289e-07
470 1.3378842198745828e-07
474 8.633392965976113e-08
476 6.512801974131368e-08
477 6.077672493062544e-08
487 3.082613240664483e-07
506 4.200253157622839e-06
507 3.18148856404567e-07
511 2.3422628902760434e-07
512 1.561529391580606e-05
513 8.116004432338457e-07
515 5.093920493722479e-06
516 2.864387213415863e-06
517 7.570478401259771e-09
520 1.4703379875612927e-07
522 1.0267382730979619e-07
525 2.3268843575778155e-07
526 1.2744229246241813e-06
527 7.771093002488767e-07
528 5.023943460122219e-06
529 9.98686096994523e-08
530 1.043398459095743e-06
531 3.724570477972361e-08
532 3.429151396834025e-07
534 1.0943253935732763e-07
535 1.8193801860427256e-06
536 1.5796285964218082e-07
537 1.1261603979696436e-07
540 1.4267528019592257e-07
541 4.780631231170558e-08
542 1.1806595668958458e-07
551 7.862983497651687e-07
553 1.4569192415158626e-05
556 8.664221349373916e-06
597 1.2295442240561165e-06
598 1.1684779065728415e-07
599 1.862979497779051e-07
600 6.761471882632553e-08
601 1.338302730871347e-07
602 7.500306698049078e-08
603 9.996725859965838e-06
605 1.427564967665121e-07
606 3.5472989253465697e-07
607 0.0001394194215804509
609 1.1598005699044724e-05
610 1.5411080750762725e-07
611 9.553061389042947e-07
612 1.5499741055112135e-07
614 1.3059812747861538e-07
615 1.1129976362441093e-07
616 8.527248186041441e-08
617 1.3248423660659353e-07
618 9.478080624509199e-08
619 1.9771435770503956e-07
620 7.524128391308283e-08
621 6.769459477067856e-08
622 1.677871554217937e-07
623 1.273236245213614e-07
625 2.449868547155451e-07
626 1.7748968744645798e-07
627 2.5491669022000804e-07
630 2.1543677688268505e-07
631 1.304020522047613e-07
632 1.4872603693517043e-07
633 1.130877509974369e-07
637 1.5534979565303701e-07
639 1.1411586515690008e-07
640 1.2259726641804203e-07
641 1.0360657591595318e-05
642 8.951308654413993e-08
643 9.534735360126342e-08
644 4.0872351735180965e-07
645 1.4018381839833043e-07
646 1.619401880992011e-07
647 1.1214261524380804e-07
648 3.093636313809478e-07
649 3.5139953481096415e-07
651 1.1408470813317345e-07
681 3.070805797203323e-08
687 2.1553853084263812e-08
699 3.4867598331671536e-08
710 1.983336387943861e-06
711 3.379330999813539e-07
712 1.2123897613648412e-07
714 2.263478350298537e-06
715 3.735645006807474e-08
719 1.0224416650880384e-08
