505 8.546426205836678e-05
444 4.012884706120389e-05
571 1.3239289170682648e-06
9 3.610674827864622e-05
555 4.475358678450548e-06
591 2.4310112332407844e-06
46 4.1993147633107775e-05
49 2.2042155189490167e-06
323 8.747338802183088e-07
472 6.8556961018849415e-06
704 5.213493724954528e-06
570 1.8545919835380453e-06
141 2.508642733128413e-06
297 3.134354756260545e-05
440 6.5480998278197775e-06
701 1.710398374785566e-05
480 0.00010461668995862005
0 0.00029721195235708336
36 6.004420907169774e-06
40 4.3759379529291845e-06
124 2.7690474825002837e-06
192 1.2668305182984601e-05
258 4.939232603404014e-05
312 2.903000800502101e-05
342 8.008627354139771e-06
370 3.380793651971014e-05
379 2.3389268805754764e-05
486 0.00035958952733367873
533 7.380478941635088e-07
545 1.499709810107065e-06
565 5.92429663175968e-06
658 6.210578421715038e-06
662 2.36745773777016e-05
679 2.067923711399454e-06
682 7.511131417825444e-07
693 2.721024408689565e-06
34 4.170368136098603e-05
42 0.00010233011752451898
21 7.202920046769142e-06
493 8.748840077688293e-06
255 4.83092777505114e-06
29 0.0002063567413032496
44 3.5690546102204536e-06
102 1.2067216470596908e-07
113 3.2715378834689067e-06
149 1.770620578754725e-05
176 1.836144898099552e-06
183 3.0052986822359206e-06
243 4.895090354003725e-05
252 4.3313294817282156e-05
269 3.197597224649531e-06
326 2.0716282107693666e-06
350 6.039530349814744e-07
352 1.9091803376732432e-05
406 8.625393981099036e-06
409 3.623745773425376e-05
420 1.327034607018219e-08
432 2.3358010309422596e-06
504 2.4722788888740017e-06
548 2.6054812991036195e-05
549 0.00011573694673310786
569 1.553359885708823e-06
666 4.890434639116313e-06
692 1.2837649810065095e-06
168 4.5440387604066995e-06
162 2.4105732916825832e-06
364 2.2734454846744934e-05
655 7.318489427028754e-05
667 1.3867529220895705e-05
680 2.997427990831068e-06
14 7.533092045486536e-08
19 3.3240468800079914e-06
63 5.421812093035802e-08
67 2.3578125520220245e-07
87 0.00017533348620817136
105 5.538471375372352e-06
110 1.1195591172439079e-06
133 5.041871268843074e-09
194 1.745455586326888e-09
238 1.2924317686752023e-07
249 4.868223722935298e-07
304 1.6106805916296586e-06
319 7.003264221304215e-07
348 3.83702947242201e-08
404 1.6759989102566475e-07
459 2.465366759396365e-08
484 0.00013221289625799934
508 2.0366579684636658e-05
566 2.4116332671872455e-05
598 6.382938066814384e-07
600 2.3309568307905396e-07
602 1.5528980080951905e-07
605 2.7665919739768836e-08
608 2.1344270860128644e-06
681 7.668697355395151e-07
68 1.3615741117257035e-06
146 6.761397871577796e-10
164 1.7569150393032205e-06
295 4.5416793264692047e-07
311 1.9522716495502676e-05
329 2.8082095423862168e-05
415 1.0224224897358337e-07
470 1.0171209892036788e-06
587 2.727500957609887e-05
705 5.699293463406851e-06
8 2.4876180528386863e-07
90 2.4607545688040543e-07
163 2.666730695370151e-05
211 5.24978380656405e-06
217 6.14110403756081e-07
235 2.2234694148197803e-08
271 8.249716508661145e-09
290 2.2821623579825443e-07
303 1.9977193513646058e-07
313 3.3697552061243704e-05
371 2.3752145852086665e-07
423 1.6381675433239634e-06
462 5.621311268472377e-07
492 8.814954234630694e-07
517 2.501078702248151e-08
599 2.3228028583949688e-07
601 2.701897496712944e-07
603 1.0073161247660596e-05
636 2.71993642420072e-07
717 1.9497494876948933e-06
109 9.194472817052365e-07
230 3.9710463510373405e-06
399 9.404582218365443e-07
417 1.245691557492909e-06
434 2.6083680677367018e-05
1 0.00012892709030054786
3 0.0001413251049357495
143 9.452224542164012e-08
145 1.1168337990311402e-05
400 5.8710199295576853e-08
398 9.098490929350296e-07
443 7.027076530201129e-06
154 6.319935623606553e-07
257 1.7748609336095929e-06
524 3.104843224961165e-05
74 1.4424247835633425e-06
177 2.2053193927892413e-07
195 2.031590684149123e-07
208 1.4696336144570887e-07
65 3.82983475603746e-06
125 5.370556147005232e-06
445 1.2593066449720632e-06
78 2.3107274508496447e-07
458 3.1860959506995415e-07
669 2.5450601530527733e-06
122 9.303643793161111e-06
