11 1.670118071213488e-05
17 7.880903896117181e-06
33 2.496931606817746e-05
37 2.511433843047919e-05
39 3.323180171023476e-06
41 2.752317205728413e-05
59 3.185944883995753e-06
73 6.065929929262705e-05
136 2.9970350719038975e-07
179 9.655625117831743e-07
187 3.2024349036078926e-07
196 5.774482714299902e-06
219 1.3932746446931123e-05
223 9.568651453700057e-06
228 6.740816008065348e-06
277 1.760200020037649e-05
296 2.5695253512094927e-06
317 2.0801964335351857e-05
324 1.561238293498691e-05
325 1.298108711216017e-05
330 3.1934371622602485e-06
341 4.411740560811772e-06
354 2.1193584223060175e-06
358 1.7567023797401305e-05
360 3.923968284028534e-05
374 3.796699269636476e-06
376 6.310184341351164e-05
377 1.459547607984059e-06
380 3.8145803486002996e-06
381 1.5099415571847476e-06
414 1.8417210318880414e-05
441 6.935800257079879e-06
450 3.3266888870184686e-06
460 2.8139951325919636e-06
471 2.260398190496112e-05
475 1.459268716173395e-05
478 1.3640416854718168e-05
483 2.0225005979448477e-05
496 6.757406151113945e-06
498 1.4112539811034041e-05
501 9.5799249737615e-05
538 1.9259775721868857e-05
550 1.4881705265735515e-05
557 1.0420829573955778e-06
558 3.1364844488542305e-06
567 9.480939233537242e-06
572 1.1744116904454155e-07
577 3.4308286126726118e-06
581 1.9412177242154205e-06
582 2.4891778262199e-05
613 2.2183790480881562e-05
624 2.5081651964744985e-06
652 3.0621398638830737e-07
653 3.83097045994377e-06
657 1.2028897273597018e-05
661 1.0482957813312757e-05
663 7.186736754730142e-06
664 2.4711774899965996e-06
668 1.8276648427156674e-05
670 3.0131090090498135e-05
672 0.00011229746216058534
674 5.256279489386821e-06
676 1.6218826087695953e-05
683 2.6767993353753395e-06
684 2.4379052079508944e-06
686 3.7465611688314645e-06
689 9.785473698985629e-07
691 1.108257562188741e-05
694 7.148466175754681e-07
696 1.176876115245965e-05
707 2.525017307276104e-06
708 6.909902455833454e-07
167 2.59474419445453e-07
231 2.5195987104559635e-06
284 2.087606280419238e-06
305 4.733637180095513e-06
366 5.825707095484937e-06
698 3.0398906225417275e-06
