7 8.425465216846637e-07
588 2.941629926359671e-06
510 8.945228455928643e-07
221 7.816034194213458e-05
715 4.0619547846975106e-07
169 3.8037056960083153e-06
260 8.409409373690254e-08
525 6.838463002166124e-07
15 7.79385663694685e-07
22 5.357871402832927e-07
273 1.0522257158331402e-06
597 1.2500702015248497e-06
523 2.8954607905818428e-05
356 2.8434344134518255e-06
595 1.0126999511216977e-06
519 2.1836162435004845e-07
511 2.7242382011111266e-07
347 4.294061343004725e-08
706 4.3777344746945864e-06
397 5.7979845823414235e-08
128 2.9582988218007595e-06
343 1.4258769420111826e-05
702 2.6172906738090552e-06
429 3.914020281111168e-06
564 3.7480359378548696e-05
302 1.7408420137982516e-06
246 3.7780753948530005e-07
553 1.729823825271168e-05
54 8.053814956714695e-08
513 8.354833361493452e-07
27 1.3858370655274894e-05
55 5.660765950513861e-07
62 2.281572959043253e-07
118 2.5571032003400567e-08
225 4.590231397724775e-05
250 2.2457260533029764e-06
207 1.8609829298580239e-07
349 8.672683063658271e-08
447 1.4786554779072162e-07
506 5.621753234348985e-06
188 2.7685736663741828e-05
308 9.343295425009207e-05
622 4.777749743204603e-07
4 3.2408612986066306e-07
396 2.183220114580791e-06
32 9.181207510885634e-06
47 6.156846502617104e-06
80 5.80571340408459e-06
120 9.804561849303268e-06
251 1.8014494991216927e-05
500 5.103005078881279e-06
515 1.3578682431108139e-05
539 5.712438530089558e-07
675 4.1253603256963615e-05
292 8.748670545557937e-06
306 3.19541820325803e-06
321 7.548631291763728e-06
372 7.457610547801516e-05
426 8.639687791566844e-06
6 7.054518550421828e-06
234 3.295889602612174e-06
285 8.265195238073446e-06
270 4.4374519816711535e-07
86 1.9260646024256122e-07
97 3.6837075746778554e-07
99 4.211805016576201e-08
199 2.6993542340540396e-06
418 7.181920714297058e-09
421 2.0156944993592797e-08
556 7.923850110884763e-06
561 2.5905316288840015e-07
649 3.844766215048339e-07
106 2.523342897047684e-06
202 1.5152013507106214e-05
365 9.500726673089961e-06
383 5.813677419416297e-07
388 4.5757253574347134e-07
391 5.0606833503342964e-06
393 3.5171607551537234e-06
408 3.89994571897796e-06
411 5.015705744180533e-06
425 6.874269101712144e-09
559 5.379558009881548e-07
114 3.262882157497253e-06
455 5.325242814406988e-05
359 1.2535278077888328e-05
104 5.927430455610393e-08
173 9.78674569815025e-07
48 6.49915245998243e-06
123 4.146591786291869e-06
247 6.352808727867011e-05
283 6.798368779251073e-06
332 1.7735659525851757e-05
412 1.1823268819521771e-05
435 8.742589664944245e-07
485 0.00016662651348637754
488 9.067100670622076e-05
562 2.946024519517442e-05
574 9.081260661217528e-05
100 2.8767786294310263e-09
131 1.2219539320018028e-06
160 5.076508461223036e-06
182 1.6205889890284776e-08
201 5.347434775205767e-06
322 6.585701091470621e-06
390 1.0534303051232864e-05
407 1.651903549841393e-05
476 3.389914601501177e-08
479 5.0330896823173964e-08
482 9.830529350199815e-06
489 0.00041086895708958597
552 2.8825961910615793e-06
575 1.8034960523606635e-06
616 5.967203755558422e-08
641 1.2275657345429295e-05
152 4.226499671816667e-06
497 9.049112861331506e-05
512 1.9459249113554286e-05
520 9.829051443029466e-07
551 1.0990101920341328e-06
563 4.813775132649534e-07
45 8.821804608155937e-08
189 1.6308598238304955e-07
477 1.2615492640007378e-07
719 1.1623551870275585e-07
16 5.400751850276261e-07
38 5.33210148821089e-05
190 7.927891597223446e-07
259 2.4675199885975745e-07
382 9.319270156149275e-07
389 6.800234000532923e-07
448 6.317656777208913e-08
487 3.488528460421944e-06
606 4.5230816408677716e-07
66 1.7052514378929961e-09
83 3.3469175330719484e-09
274 2.026079119914758e-08
526 1.978414461263241e-06
69 2.0359591849779227e-05
134 9.031547159891032e-10
150 1.2854465100628536e-10
205 1.4800417839295316e-07
316 5.819466446723653e-07
428 2.7384767900713838e-08
535 2.9865253510437944e-06
711 2.914166818383708e-07
25 4.3008481098900226e-07
116 6.646479412635372e-07
226 7.936034292546158e-07
242 3.911489158342714e-08
276 1.6296658728622297e-06
300 2.856532470077319e-05
315 7.297827381465498e-06
357 3.61981450518119e-06
375 3.734130539635187e-06
431 7.849590756150613e-06
503 4.0243069406514885e-05
516 3.414960849991037e-06
544 4.4739987587047344e-05
547 6.001616919519009e-06
593 8.082317880223837e-06
659 4.149462113149668e-05
665 1.4979339789347326e-05
5 6.371603197487511e-05
91 3.3649456379769164e-07
10 0.0001742507901158518
24 9.03538096373107e-08
58 5.291260576006056e-07
60 1.0136263315183067e-06
70 4.2153243276924634e-07
72 3.2496345992128546e-07
81 4.982709643556893e-07
82 4.4471935078191777e-07
92 1.9960346640915642e-07
101 2.4269556302851954e-08
117 1.409119494409437e-06
132 8.71066491708174e-08
137 3.6709189492447105e-10
139 4.6774644899582574e-07
140 4.179423849411524e-09
142 7.843425214848644e-10
158 4.8551518309908275e-06
175 2.707498149152688e-07
181 8.16305556855407e-08
185 1.835979693186661e-07
191 5.6068361378540645e-06
193 3.378483915386939e-08
209 2.6598458000436918e-08
245 3.25521544408556e-05
253 3.4920080264593735e-07
266 3.53300551147041e-08
275 1.2231586063464596e-08
289 2.2864879382126013e-05
294 4.049863434635745e-09
307 7.568521795560458e-08
339 3.842440070900471e-10
345 7.991622114298374e-09
367 4.4837201650626515e-08
385 8.643894136288733e-09
413 7.052763537188129e-05
433 5.342566239820742e-07
436 1.2862391434029126e-07
454 7.564070759013104e-08
474 7.173523867325935e-08
491 7.97186600314596e-05
499 0.00047078310820033927
518 1.892548952163979e-05
534 8.795192293714141e-08
568 3.9137716671886076e-07
584 6.6900608210754035e-06
590 9.421346512300266e-06
596 3.54812226918376e-06
609 1.199435826804164e-05
614 9.211881507314745e-08
615 3.906785428455776e-08
617 6.034386282763264e-08
618 1.0870657902502822e-08
642 1.3464771934838118e-08
644 3.2487822742507666e-07
699 1.0661913576674273e-07
710 2.368347135186319e-06
712 3.032798746684535e-07
77 3.622494781871747e-07
148 2.584802593572906e-07
156 3.237567302722331e-07
166 6.546209168514575e-07
203 4.866008731473412e-07
212 8.61134713896705e-08
216 2.831047369639895e-07
220 5.878052552510556e-07
272 8.110770968897697e-08
286 3.3233027180264917e-06
298 2.873476413307938e-07
363 2.9785338749428092e-05
368 4.726874980405115e-10
446 8.256417618396491e-05
502 1.172336636483361e-05
527 7.875774639408956e-07
536 5.109857539936377e-07
13 7.64257431438901e-09
23 4.18428286436053e-08
52 4.2950707232648335e-07
71 1.503941507594981e-07
75 1.2635553866942926e-07
79 3.022215317697667e-08
85 2.274314833771752e-07
93 6.770900489844144e-08
108 3.205569565904314e-09
111 2.5992214620493636e-08
121 1.3190771476056164e-08
126 1.1415532190052889e-07
138 2.0405985170033846e-09
151 7.914810573806355e-08
155 2.6415488284396196e-05
159 3.7551154624399784e-06
174 7.934190526599603e-07
180 6.470723807607525e-09
197 1.7135100358160437e-07
204 2.0154238506420223e-08
210 3.758949380845253e-08
215 9.103181076830015e-10
233 7.091711895754125e-09
240 9.299913229016291e-09
262 8.92989581684897e-09
264 1.48865164086423e-07
267 1.875948112898476e-08
279 9.229847732635383e-08
281 1.805843638389815e-07
288 1.1480691516965972e-09
309 1.3966820589571811e-06
338 1.1393572134943251e-07
346 2.9046260259934134e-09
351 5.4766767890911565e-09
384 3.7364077221624255e-06
387 8.101757887792149e-07
392 2.2840408308555697e-07
394 1.1673792172179392e-08
401 1.6657854778024957e-06
405 9.496782692456753e-05
410 1.1303778830169103e-06
424 8.488994851297866e-09
427 1.2935452365437474e-08
430 1.7816301545795663e-07
437 5.420347324863208e-08
439 2.463642289159102e-06
451 3.208923464224036e-06
453 1.8438824865824113e-07
457 2.659934229380217e-08
461 7.176240877653712e-07
465 6.983027839216432e-09
522 5.940340424363068e-08
530 1.3113590660680777e-06
532 2.885229191519668e-07
537 3.705932254729681e-08
541 3.5191137122811394e-08
611 9.286234628836779e-07
619 7.407495940708912e-08
621 5.369649610990471e-09
623 1.5952887403599497e-07
626 1.5474315639413267e-07
628 2.0513040406767068e-08
630 8.816733179890333e-08
632 1.0764474974586361e-07
635 1.1304061526659202e-07
638 2.127739769822562e-08
640 1.6093212385537424e-08
645 3.518914045895418e-08
647 2.0190136095609133e-08
687 3.812982164064295e-08
709 1.8274208840831007e-09
713 7.863035365908066e-09
718 1.1334660971066734e-09
18 1.3648409831546241e-06
35 1.1854743880892173e-06
57 3.5687079089756923e-06
76 1.2170462976175324e-07
98 1.1171546633758971e-07
103 7.283338611677277e-08
127 4.2385598174170786e-07
135 2.59421595975509e-07
172 1.149898899999483e-05
213 5.556203516993605e-08
244 2.372914269349313e-07
328 1.1297708569793955e-05
362 1.6881041990372512e-08
403 1.2767452780229371e-06
528 7.336086747806389e-06
542 4.086877057164313e-07
607 0.0001274923365435763
2 7.0280732958115e-08
12 1.1407221838978215e-05
26 2.241460297949956e-07
28 3.6184250968373956e-05
50 9.013328893460424e-09
53 2.978598920713621e-08
61 9.278953787171972e-08
64 1.3157797253295514e-07
84 8.897197192711576e-07
89 1.6296754587443822e-06
95 7.645175197160419e-08
107 3.68095068774377e-10
112 4.887034345206185e-09
119 2.1748472694299427e-07
144 7.0113205714591185e-09
153 0.00011850939852396814
157 1.9152242730654483e-06
161 4.3929768966420296e-05
165 6.4314658478205924e-06
198 1.0140015427917357e-08
200 1.9942912580056683e-08
214 6.979045652449935e-08
218 1.2284071318082209e-09
232 1.601579132557865e-08
239 3.3026440037094215e-08
241 5.218886949362839e-08
254 1.730587340543553e-08
256 1.1555251019519078e-06
261 1.5916836310593668e-08
263 5.6690967674541375e-09
265 1.0130169994578596e-07
268 4.2534279805745145e-09
278 2.7604396416324582e-08
280 4.93196900800291e-08
282 7.202504834116765e-09
287 2.901988970373511e-08
291 1.08157779994796e-08
301 2.3480489161064648e-08
310 2.5123022390038576e-09
337 1.2260073102628378e-08
344 1.1503179264963286e-08
361 1.3102210117093373e-07
369 3.146579609751123e-07
386 9.905320721041258e-09
395 8.000257394406806e-10
402 1.6261302584498364e-06
419 2.767331750921962e-07
422 3.92511535309873e-09
438 1.5479128681758374e-06
442 7.790068202416139e-08
449 1.538893271291407e-06
452 1.1564551915928463e-07
456 1.6155264354821694e-06
463 1.7506567106271203e-07
466 3.6331377682103653e-07
481 0.00018566787704494338
507 5.6961600636539e-07
514 4.3632917307403895e-06
529 2.837380961275356e-07
531 4.2725240078754586e-08
540 1.1815762232085654e-07
554 1.046617073145421e-05
573 5.153014859774394e-05
610 8.865152768324581e-08
612 6.952214058809886e-08
620 1.1331470391687788e-08
625 1.4282468067269336e-07
627 2.4059709278431027e-07
629 2.7517358123871705e-08
631 5.0308685602398536e-08
633 7.078253340010943e-08
637 3.059553864348621e-08
639 2.8010797597870288e-08
643 3.315106119301418e-08
646 5.090380737723101e-08
648 1.9600044933229923e-07
651 2.9104683148044448e-08
714 2.1677154203166815e-06
720 4.865513295703793e-09
