20 3.870793518448247e-06
30 1.7064548752454868e-05
31 7.103581177359531e-07
43 1.93525515112133e-06
51 3.9454029416929466e-06
56 7.385072876824063e-07
88 4.5443085664241134e-05
94 1.9750498713636998e-06
96 3.513367570568486e-05
129 3.599957496892294e-06
130 1.3281409582010123e-06
147 6.334378962601002e-07
171 4.07664279751733e-06
178 6.717910869450001e-07
184 5.586158403009383e-06
222 1.7819122573549309e-06
224 1.3307919205443673e-05
227 1.3011441077415756e-06
229 3.3671513827225736e-07
236 3.9205965579770995e-07
237 2.2628214106468525e-06
248 1.5507999621740264e-06
293 3.713619560963764e-06
299 7.643533372895356e-07
314 1.0632153592703439e-05
318 1.1897577779077208e-05
320 4.971504693945461e-07
327 1.9648556549277163e-05
331 4.019453420642249e-06
333 7.566932181554242e-08
334 9.308983679097827e-06
335 4.375346447100463e-06
336 1.4131671148742818e-06
340 3.253449029894949e-05
353 3.5167613665827174e-06
355 8.416254125339004e-06
373 8.280364690480616e-07
378 2.151242400053653e-06
416 4.157034268038012e-06
464 4.374855270970512e-06
467 5.04132501306068e-05
468 1.788320880231271e-05
473 5.458466976175745e-06
490 1.13532735933692e-05
494 1.0876029526166606e-05
495 4.433952494533218e-05
509 7.969475685743897e-06
521 6.201061713405817e-06
543 2.733327078056995e-05
546 1.8085020554976974e-06
560 5.065548048717019e-06
576 6.144462400268535e-06
578 8.026008265777814e-05
579 1.2228876320365795e-06
580 3.191138789791467e-06
583 1.2625785212879592e-05
585 3.257343596629873e-06
586 3.6114218335456546e-05
589 1.396641661555941e-05
592 1.2772227030890863e-05
594 8.757372478868483e-06
604 4.12074389822885e-06
634 6.058047344672105e-07
650 5.211728348016792e-06
654 7.51581511541347e-05
656 1.4650329329974332e-06
671 9.458290256392253e-06
673 5.303420428297423e-06
677 8.089174458095741e-06
678 2.5886784805712515e-06
685 2.912798008940355e-06
688 3.8330180127610317e-07
690 4.413022948610933e-06
695 1.6972420238059263e-06
697 3.985692576468056e-06
700 2.1812299167264003e-06
703 2.6929218444138448e-06
716 5.69288108434542e-07
170 5.236060086931384e-06
186 4.290908987214272e-06
206 2.283044392655429e-06
660 6.399582420788373e-05
469 1.688929613833613e-05
115 9.569229375888124e-06
