456 8.677758980693454e-06
816 1.6764161364962002e-05
434 0.00024724093202874343
516 9.723977851493386e-05
70 3.7260271552720915e-05
616 4.184880844465969e-06
620 0.00017082657264855348
716 0.00021518247314942268
427 0.0001344813753445406
428 0.00047327767707725155
842 0.000103230502698362
1252 0.00021077599061633689
0 1.2249796276018898e-05
408 0.000505056814522318
589 0.00020799937813227183
653 0.0003587364856337707
660 5.3590266793915946e-05
698 3.388387767729231e-05
936 0.0004139044669928781
1273 8.40149605627592e-05
237 7.870554828548379e-06
601 0.0002625550443258002
753 2.4217056459471676e-05
915 2.463082337624833e-05
938 0.00034284954841417377
1017 1.2570612218306492e-05
1020 5.773017276945191e-05
1071 0.0001251184126386771
14 6.2463138366575775e-06
23 7.561105097376956e-05
61 6.228454033696027e-07
104 0.0005263477755958946
422 2.665789012998686e-05
435 9.356991629809712e-05
484 0.00011926814662129633
607 0.0009940175412449263
794 5.076219227729629e-06
806 3.296366528764176e-05
875 3.443962664343765e-05
960 0.00018352225240879963
967 0.0003823045160235517
976 9.10687274640078e-05
1110 2.842116599544866e-05
1153 0.0010769427914675918
1182 8.218370577882413e-06
1231 9.628574822033845e-05
1258 0.00014398021431840757
1276 9.591613585810628e-05
1277 0.00010826918113873097
1158 8.01301610006301e-05
1241 0.0008542513171153184
565 0.0005516191222719155
374 9.685695585630114e-05
398 0.0004723218189796685
399 0.00012105986508825629
407 1.949319739235369e-05
443 0.0005671125171124058
488 1.5564365486266877e-05
497 0.0002803616392769279
585 3.652525878563257e-05
612 0.0003184096514835418
629 2.659768236258092e-05
643 0.0005164587924590426
658 2.5885370255032695e-05
739 0.0002461571436181326
766 7.82082625780884e-05
799 0.000431803712447404
839 2.1318357114866455e-05
864 0.00014938839798455642
892 4.712374557990498e-05
906 6.270535612532753e-06
940 0.0005377336711703477
966 0.00031622328139223343
1048 0.0003926089154163437
1084 0.004408598700281915
1145 0.0001825106871324876
1192 0.0006029829282760194
1205 4.856206250189352e-06
1271 0.001677946782594996
1282 0.004293512016832616
1295 0.0002521790608246984
1314 0.0007604059778490814
1338 3.016368666451572e-05
1364 2.641331620052659e-05
1368 5.551552038688544e-06
1409 0.00018724053665254088
942 0.0012658641732916122
1322 0.001612522437832694
1390 0.002153312714442111
11 2.56046238078876e-05
38 0.0005493254993914021
54 1.216844585908603e-06
214 7.682105433504662e-05
269 0.0004165045295891419
291 3.924174347914233e-05
313 4.238462952631695e-05
375 0.00035976565932510727
390 0.0019157442362693106
402 0.00011099563948284152
409 7.92259156952642e-06
411 0.0006042379567896582
438 0.000295019877314514
453 0.0005719472157754104
474 3.433362732066311e-05
481 0.00038273961273227735
485 6.949626872643367e-05
498 0.00017431123650958797
527 5.68586783396941e-05
528 0.00020414734835959953
530 0.0011566057272913812
668 0.0007584948597903822
712 0.0020090200556647213
721 0.0006711280756648565
737 0.0005469905090985824
744 3.831789779866796e-05
749 0.0004652618371834579
755 0.0003118168705382788
758 0.0015744881602531178
767 0.0005289774698201191
773 0.0001408077002826327
775 0.0008029988276534488
866 6.928382376002179e-05
880 4.958533594969932e-05
902 0.0005414753247624208
913 0.0019842500764991077
918 0.0007579873147852642
934 0.0037545373576159204
943 1.5997787893384822e-05
961 0.006307352143409646
971 0.001291715487467928
973 0.00021789387968845403
996 0.00024609166954225805
1001 0.0005588145181413184
1037 0.0005062677244888976
1062 7.487445162357772e-05
1077 3.8917395109667965e-06
1102 0.00033395457040119825
1115 0.0001533987609413326
1121 0.00014541655839509654
1131 0.00013618830012998887
1136 0.0010015573820087282
1152 0.00033109179411393655
1154 5.0918606905443005e-05
1156 0.002157998687297014
1159 0.0006390974815739231
1169 0.00021966857682863446
1175 0.0030006137682305344
1207 0.0008515125581882693
1221 0.00013681348457891368
1223 6.872781299835273e-05
1230 0.0001350481229388011
1233 0.0018569518908071398
1274 7.026904000912962e-05
1287 0.002025804301881086
1299 0.0002718541811491704
1341 0.0012236536471755567
1353 0.0006985701580882955
1383 0.0004864063795425493
1404 0.00030132755808361534
216 0.00021142039138944934
392 0.0002743743684368391
436 0.000615639203921011
496 0.00021024186751927764
532 0.005251780084123102
597 0.0002341532524454182
969 0.0017372995666093515
984 0.0002135685527450787
1003 0.0019461142143977126
1054 0.0010894626389638055
1350 0.011753439595757765
865 0.0015698986691411348
1340 0.004134797353641854
702 0.00010165616294957915
84 1.2904530388138354e-05
309 4.5401321705010106e-05
