5 0.00024132149894032915
9 1.0897151225158475e-05
13 0.0006777874144212642
15 6.01677197969504e-05
16 3.0025572531590386e-05
24 1.4846894246463444e-05
25 0.0021018365860610735
27 0.00029635606866647453
30 0.00012129093036475315
33 5.865726957361474e-05
34 0.0005902398437197024
35 0.00021328061305972212
37 0.0014074627368279248
39 2.86131192520767e-05
47 0.00017712808028312818
49 7.959554338564865e-05
51 0.00012079833582165983
56 2.6494198452035696e-05
64 0.0002679154181248007
66 0.00010190124248753136
72 7.64504194482393e-05
80 0.00028050724932553666
82 0.0002634133502579092
83 0.0004594199052203907
89 5.321055325162647e-06
93 0.00013085071307174215
96 0.00037138581932122166
97 0.0007582770128745301
99 1.2576114637286532e-05
100 3.677851195907271e-05
107 5.451015120080334e-05
108 0.00033537342857090015
114 0.0002087507523804681
117 0.00018646200024899156
118 0.00014431078328278383
125 0.00029165284785585604
144 0.0005086200617831481
145 0.0003654297035647267
146 3.4741550561745904e-05
149 0.00025739431038477987
152 0.0024681004935489747
153 0.0007247876577482558
158 1.8954196594448073e-05
164 0.001042072947901565
165 0.0005683666569890177
171 0.00036420288826941277
172 0.00010671386683311399
174 0.0002715259325360633
180 0.0001676126484862941
183 0.00031044638021959054
188 0.00021895472110647983
191 0.0037195184159026073
193 0.0008085210446258334
194 0.0005914689699477677
196 0.004110724570250341
199 0.0021966567024418234
200 7.698470295735363e-05
201 0.0008659173118527056
206 3.688163896323434e-05
207 0.0007500660370546504
209 0.00142291905279284
212 0.0012972720620761343
217 0.0001254632037012234
225 0.0015922967449195885
233 0.001592290548004114
242 0.00016324300464472835
243 0.0003243929225103786
247 0.00015454358673909783
254 0.001096868275493059
266 0.0008916649694047204
268 0.00015480884758714154
272 0.0008911417053782719
277 0.00036032215354253144
278 0.0004169547530569441
289 0.0010153036992905297
299 0.0004031657642385152
302 7.545992477720909e-05
307 0.0010534344382805254
312 0.0007168913250230313
323 2.3368376329016107e-05
325 2.55614585342136e-05
332 0.001189768049687587
335 0.002905377298353968
342 0.0003972028228963707
353 0.004167746902817492
355 2.5545633154216448e-05
357 0.00046831785470337063
360 0.0016551281392648593
362 0.0007532434065282815
367 0.0009676393669983513
370 0.0007178323165815734
377 0.0005190876876222805
396 0.00024689550060824297
397 0.00016164494112230022
418 9.556717763429366e-05
420 0.00019682478125093654
426 0.00031778532180708104
440 8.240686988939941e-05
450 0.00029100821050545746
492 0.001107779789459599
499 0.0003611213930037714
502 0.0006100014451943295
503 0.0015515002404835557
506 0.0008814619385262432
509 2.4611222523460452e-05
512 0.0004587517748971482
515 0.000458558817847067
519 7.868129717722155e-05
520 4.7615213568402374e-05
539 0.0001187840204899305
550 0.0006285874020184664
563 0.0003289713481105279
569 0.0005089687217881866
570 0.00032502074077087354
593 0.0015448397748102636
606 0.00010615531114136521
611 0.0013229014883469664
614 0.0003362758105481224
630 0.0002976249743032603
637 0.0002741231988089899
645 0.00042002661704091765
659 1.140744720830091e-05
672 0.0001918253341950934
680 0.00038874277015023696
686 0.0011959157296503931
691 3.058573804992543e-05
696 0.0018167414510817115
697 0.0006197036366477783
707 0.0009099383190173266
709 0.0001815643317193347
711 0.0005824357396978052
729 0.0013310160005164764
765 0.0025656131131699153
768 0.00040117946277715236
779 0.002016769038933996
780 0.0021644093030045216
784 0.0006509035375895577
786 0.0003505769774198131
792 0.0009917901393845785
811 0.0007576653869241375
815 0.0003488508061677196
818 0.000787997416370139
819 0.001635692494129748
820 0.0008516606421983429
821 0.0005893421615391981
824 9.430573778210338e-06
831 0.0012253062574397308
837 0.0011860565048342176
840 0.001092059580965447
847 2.0000360239058268e-05
848 0.0004419835579002503
851 0.0004921446302285702
852 0.00014840124866117435
861 0.0005120332745164299
863 0.000774000150324139
871 0.0016925749375545094
874 0.0005693733584889927
881 0.0005989900362572495
884 0.00010624851732915337
893 0.0005054480447212997
894 0.0018956789561066472
919 0.0005837448531033571
920 0.00043728429048921897
921 0.0004760755589740319
924 0.0004692658838781573
927 0.0005048469950514722
928 0.001300007815875169
930 3.068333968471252e-05
939 0.005111453710362143
947 0.0005350040688538008
954 0.00013895460545209918
955 0.0005527379726180261
965 0.00030076619693657604
972 0.00035847233443684094
980 0.0005557251791436057
981 0.00271939612842806
982 0.00010259341812265954
983 0.00023046589943712253
986 0.0005721251410460661
992 0.000556957037111279
993 0.0006442445732473027
1002 0.00023517244576932653
1015 0.00013978555930627866
1026 0.0019013923619807687
1029 0.0014210979747694302
1031 0.0007333573625418347
1038 0.00019167750857630055
1041 0.0009460379212112024
1050 3.854566864451057e-05
1052 4.428387941805711e-05
1060 0.00018858465103923627
1063 0.00037471871788832736
1066 0.001976522270392775
1067 0.00011092005329642396
1072 2.7902110741306013e-05
1075 3.512750332267828e-05
1087 0.0003959089622263032
1090 0.00011069963583161237
1098 0.0016300303480846414
1109 0.0001002508502659342
1113 0.00024677664162930094
1120 0.004440937110931418
1146 0.0006776156968026016
1150 0.000634345846915477
1151 7.833727139052375e-05
1160 0.0012862869843284484
1166 0.0018147478400367485
1168 0.0002454037294001648
1170 0.00012059830819791622
1195 0.0010029831393659075
1206 0.0026776871230580397
1208 5.6081697222552974e-05
1209 0.00013882374791815283
1210 4.381710185106224e-05
1211 0.00019337175824191865
1212 0.003041611162790322
1214 0.000193561521210828
1215 0.00015327142642273007
1220 0.001577137128686098
1226 0.0009564926905938435
1228 0.011137211544858269
1237 8.164587845411335e-05
1238 0.0034525813929835534
1248 0.00022837024762183697
1253 0.0021377082794133183
1254 0.0008504495310787203
1255 9.357359853194846e-05
1263 0.0008445011906530453
1272 0.0009759269237933705
1284 0.0020268338611539745
1298 0.00019371317705660926
1300 0.0013170255618783833
1306 0.0015946472447691336
1317 0.0005800410362526863
1328 0.0006240000630393985
1329 0.0035064657968925527
1336 0.002790508074095125
1343 0.0029410350442939806
1344 7.284680405986551e-05
1354 0.00028072016496161716
1355 0.0010654960031910394
1370 0.00013671619373600383
1382 0.0010731754428977098
1410 0.0002766655867282606
432 0.0012952845133079728
1408 0.0001249488478278765
22 0.0021060518726790955
69 0.00032654037379581505
126 3.266189568007712e-05
130 7.020021953676396e-05
137 0.0006856399701310686
139 0.0002582225435632933
156 0.0009960383925435188
189 0.000505177163076441
219 7.760715360044008e-05
259 6.358399502223865e-05
265 0.0001886119618161678
287 0.0004978143696333966
294 0.00147731542837731
336 8.915654843484521e-05
358 0.000888939087021304
372 1.6898342371184873e-05
381 0.003474447951659153
382 0.0003042339473783725
393 5.62000600593152e-05
394 0.0010415502816908887
419 0.0006180207022514203
425 0.0018242385801957044
444 9.856796377399927e-06
504 0.0002949891242019189
517 0.0003831752668538929
518 0.0005921972358648355
522 0.0006476422564035573
540 0.00037367144755142903
594 0.0014361167185139136
598 0.0017430289116614984
635 0.00010076718289281078
649 1.793998522300072e-05
651 0.000980177846855219
727 7.898837440858722e-05
774 0.00039627113536533587
781 0.00043665256639812235
817 1.545819935249729e-05
925 0.0007092361295233813
968 0.00042159748142696243
1108 0.0001595214660278797
1190 0.0007677277896511498
1257 0.001482399394955767
1269 0.0003877761346305366
1285 0.0001212959276018604
1291 0.00013627601764591547
1312 4.857834138324751e-05
1360 1.1406090354976812e-05
1406 1.645898505354426e-05
63 2.7177446752114585e-05
101 6.1029556619476816e-05
486 0.0005102992597771827
288 0.0002594325011516881
533 0.00015863268436300327
741 0.0003855085243890287
838 0.00027450290468813987
891 0.0005150375281593056
899 0.00065941255466808
757 0.00020396578158514902
1094 0.0004798702416218626
110 4.980693798704056e-05
825 1.8184518891680838e-05
944 0.0005325329702276251
203 0.00040026691697463417
674 0.0002759901974711906
1392 0.00028905283218743554
1400 0.00012470379803500086
555 1.3879675618321746e-05
124 0.00023216475086790158
1176 0.0025345787500746777
42 3.117800089533944e-05
932 0.0006780310550835911
197 0.0006787621342630728
1000 8.430806945937391e-05
572 0.0005843088594399689
297 2.6805394694101802e-05
1345 0.0002328911444401048
681 7.156365005965672e-05
