1028 0.00018026177760279086
155 0.0003223624962438195
525 0.0003192561909636752
1123 5.3377666536564665e-05
50 1.7317791481214438e-05
129 0.00109543568813817
186 1.2105106099953932e-05
339 0.0023849527492923674
566 3.862102084562308e-05
576 0.00023596576887510335
746 0.0008108304021320372
789 1.6387165935928827e-05
822 4.091819148610396e-05
346 0.0009838325005395462
437 7.043051392900738e-05
911 0.0010977297275129698
933 0.000293965749286786
1089 0.0007248198649187777
1268 0.0002668478729331604
1308 0.006049917153605102
1361 8.635392819674886e-05
505 0.0004331816065901562
90 4.630819680497858e-06
1185 8.692924545761004e-05
88 3.5905809063747015e-06
111 0.001267418514981548
170 0.0010854725700907171
249 0.000968026654953296
290 2.962329675633665e-05
379 9.243812401437273e-05
654 0.000986268863965442
665 0.0003200466492729916
769 0.0024749022021623413
860 0.0034659167051356017
1161 6.686858284336263e-05
1164 8.239428730632845e-05
1193 0.00018703774635409163
1200 0.0025296856024305276
1303 0.0010830193138380675
1387 3.119462527857288e-05
1076 0.0012443614762129918
1013 0.000290995646368937
405 7.941416054343124e-06
448 0.0021876682123822865
1188 0.003953045762415633
724 7.644688127004624e-05
1006 0.00013607866787253582
105 0.0025083448511329567
140 0.0005160855463162554
179 0.00023651197405185747
192 0.00020979724158365408
215 0.00010252853859617106
274 2.46136423781427e-06
279 2.6512694003389438e-05
364 0.00020891952722687038
416 0.00010600486502623872
447 0.0032222185666913885
470 0.0004845269751991623
477 1.6821927072862387e-05
501 5.0637208644224114e-05
523 0.0009723285258061229
535 0.001053718893842951
538 0.0001487222715025213
557 0.00017876488746707515
583 0.0012491541638782072
648 0.001053916507583273
714 2.328241273475142e-05
747 0.00232508387733796
759 0.00021232922128295697
828 3.1623546373882287e-05
829 0.0030885956339793004
877 9.293872688602407e-05
895 0.0024410378327415342
1019 1.3743320927192683e-06
1032 0.00256022511089051
1068 0.0001518890015138062
1127 0.0019980739688850386
1139 0.00027850635394425854
1142 0.00015589523713699035
1229 0.002217504320595065
1232 0.0013470815875313458
1275 0.00028999732646785157
1283 0.0011617880727581636
1307 0.00013727910344127695
1316 1.1758771510498672e-06
1318 0.0010472620797189745
1331 0.00049842821352721
1357 0.00015147434858106787
1373 0.0009851501549490878
1398 0.0004876321704911483
1402 0.002485946877434553
204 9.58810009591916e-05
513 1.597161166514222e-05
916 4.2748719130924254e-05
21 6.240176561598963e-05
132 0.0003258949188078106
479 2.7267309295788e-05
732 0.002265749645031114
841 0.0008044964649238748
1204 0.01247648538172885
1320 0.0010197764960322504
1081 0.000586492657176002
1141 0.002916103066643468
1297 0.00512911167243484
40 7.745162583088054e-05
308 0.002288063943250662
579 0.00016165357195474107
1047 0.0035316004350998457
1126 0.003391311689227272
369 9.06863718386068e-05
1133 0.0009103696161101508
103 1.2969517914075068e-05
116 0.00220724235568062
122 0.001017588879021714
142 0.000125303166981785
150 0.0007492012533017143
151 9.449411573650895e-05
162 7.5717442284659e-05
168 0.00021000811268836523
173 0.0008493566360103936
177 6.924030292399505e-06
221 0.0003264681511497121
256 0.000309057801857425
273 0.0008526315773506986
283 0.005039817953780445
286 0.003316903354952943
293 0.0007990642891962449
344 0.00014997946193835335
351 0.001851253059661393
380 0.00010878902182814243
417 0.0002713054039530638
421 0.0002724063845415971
441 0.003396874237075779
483 0.00029218514787171713
487 0.000269324540100534
507 3.582831527779985e-05
543 0.00016994373568583038
559 6.845344096882415e-05
567 0.0006090893586217306
581 0.0002017516254733963
592 3.925061537824152e-05
603 0.00019131050587336068
617 4.4393830089873927e-05
627 7.956689820129394e-05
633 0.0005527627387264849
666 0.00016265958771584455
671 0.00013204060952100234
713 0.00012046891430149768
720 0.00024926493246888023
772 8.030879838124463e-06
778 0.0028928328300894734
803 0.0022110906550299437
804 0.0003830802153650846
833 0.00047092574714510866
853 0.0039534002286350615
886 0.006592129819393372
958 0.0007957756075315141
959 0.0009746001063538897
997 0.0010501186911371786
1035 0.006852415200791224
1036 0.001542280642675885
1053 0.003242699872356326
1073 0.00015515977333054992
1095 0.0011445589420625514
1106 0.001532055761191187
1116 0.0024312876895086913
1140 0.0014993294071301102
1180 0.000502512316725774
1199 0.0027553951152524824
1236 0.0015501671868402935
1305 0.002318751456072159
1325 0.0004262530202803215
1326 0.000443206687269688
1376 0.005634331396367388
1397 0.0028587438883842385
1401 0.00370665424621621
1097 8.976601468006156e-05
1143 0.0044787540383675545
46 0.00016109074732328392
223 0.0029956556903583194
361 0.0004933134124853244
424 0.0005092283544027984
490 0.0006868847446360176
491 0.0033255264904783624
609 0.00706377520528222
722 0.0006978912294073995
827 0.0007448538414727088
952 0.000901892970929339
1011 0.0010529786701408332
1055 0.0015329523448654294
1056 0.0027250023595296
1059 0.0002713966982287639
1107 0.0043401183240618715
1178 0.004406029534751042
1194 0.0016665094870558085
1260 0.0009155752015488158
7 0.0008759125321161577
452 0.00021192046722531697
664 0.0038474678078723665
782 0.0009507723183738143
1247 0.0009953732310004752
255 4.225080222797239e-06
431 0.0003962761809874823
1173 5.068926950226975e-05
1309 0.0019196953740017709
1330 0.0005977261076792063
98 0.00047827489809244156
123 2.214955480974383e-05
248 0.0001496859707746912
329 0.013842990878408352
352 4.7414355362691954e-05
406 0.0017391233702271686
526 0.0035747445770608834
701 6.779772046162646e-05
879 0.0022419166236257184
890 0.0004070187883298349
1093 0.0006042814208306045
1165 0.0027235477932921344
1262 0.001162839137625666
1379 0.0024111193806038256
67 5.1638382704016314e-05
76 2.912938033209484e-06
500 0.0006310793391838236
662 0.00045345459216353956
777 0.0004608160258162122
917 0.00251695319702509
1349 0.009074491889255328
6 0.00018530371534908644
8 0.00441497030436523
44 6.050674366496411e-05
92 0.00033453208345270776
134 0.0009165987170485189
160 0.0001379381057461148
220 6.522108868800516e-06
246 0.0001592076745295166
281 0.0020247727293400738
300 0.00019321117950278012
306 0.0011829929276737858
319 0.0019518465012912985
320 0.0003758718706873046
321 8.475185568818933e-05
331 0.0017969851369141745
333 1.4913857003962566e-05
338 0.001969341495185655
373 0.0018065788491726381
388 0.00040758878377590335
451 0.0006168001606079124
462 0.0006239576266499349
465 0.0008506011805956939
514 0.0009839505097628599
524 0.0006783412572750331
536 0.00023887870318939255
638 0.00011042414982172103
657 0.00022372581420985156
677 0.00023485988753156107
695 1.0362374118568019e-05
805 0.0010795360562824443
876 0.00020112119067972452
888 0.00017220346621458148
889 0.002012016849206913
1033 0.0031489640771664488
1111 0.0023300227859694702
1114 6.212996773305504e-05
1128 0.00716308291476456
1240 5.608248862961591e-05
1280 0.002114539251203723
1301 0.0016525845105602832
1323 0.002317755463965085
1348 0.0003229555327424463
1374 0.0010697674476351727
31 5.363491745932711e-05
53 6.553102959242243e-05
58 1.966224771979517e-05
59 0.00039154186215557775
73 4.660620086075662e-06
86 1.281924135429229e-07
127 3.498197094554712e-05
131 0.00015287708689517944
133 3.8654023927260245e-05
176 0.00017453106208571072
184 1.6656792256392266e-05
198 0.0010033791718400556
235 0.0010922226825442636
257 0.001856636008786249
264 0.002105975226277894
270 0.0016116820051679172
276 0.0003785399356225193
282 0.00033761467781577575
296 0.002096858264268982
305 0.0016597467146773702
318 1.2459743292304598e-05
534 0.005799123002155182
546 0.0007024603312796495
584 0.0008820430120989595
595 0.00023573052142925266
624 0.002983650745511913
748 0.006507202689491081
751 0.0046560786866603
776 0.000682745516155368
835 0.006311119969800769
844 0.0016728667532930537
867 0.0012317466503847443
909 0.0021303130688606086
923 0.0017281761523164972
935 0.0001882450452932468
956 0.0002041168189464489
1005 0.00043313309035237216
1014 0.0006518330797837766
1049 0.00016226878307566158
1070 0.00014916592258480574
1080 0.0027562769299143736
1103 0.009834809840845797
1147 0.005463760902427623
1184 0.006663513197012804
1227 0.002136085820754597
1264 0.0006544875540894898
1281 7.148250540251928e-05
1313 5.270629923679139e-05
1333 4.6660361749829e-05
1335 0.0001096668414134316
1407 0.005242005946400157
1 0.002246285325847818
3 0.001147052045687709
52 0.0008116335933192486
74 0.0032566353143145595
119 0.0019880195782678136
141 0.0015648529648932654
202 4.5160846615653215e-05
211 0.0014019930888738567
230 0.0028269685700957553
251 0.0027992569278022577
263 0.000948729940986893
301 0.005659908402033629
304 0.0004646979144194435
314 0.002324078424390189
324 0.0011826440331078657
386 0.007870270202411976
395 0.00025816476738823907
466 0.0005006329500645302
542 0.0006751361777628373
549 0.0017440389310114737
554 0.005066003147909014
574 0.004960237488805729
605 6.796439899599053e-05
661 0.0015136192625937843
802 0.0037455041279064573
823 0.006229723457777315
845 0.002375262829126819
869 0.0011415184925792283
870 0.0011695857325946227
872 0.0016080307823146116
878 0.004192855903665483
885 0.004540082473149462
896 0.0032781751359266817
897 4.85570061809495e-05
1044 0.0016492665063738974
1065 3.574380305994526e-05
1091 0.004907325039802344
1183 0.00039340496727616317
1187 0.005689167851894484
1202 0.0023144455826081397
1217 0.0034340612090611395
1234 6.923919367171306e-05
1242 0.0077938192530157425
1279 7.169594300103437e-05
1296 7.851385594179095e-05
1311 0.0014050866897055661
1369 0.0044154805267043315
2 4.771742716175878e-05
10 0.00037897558047921145
18 4.19504208245167e-06
28 0.0011995883545473783
29 4.3190920286857e-05
41 5.457078016101681e-05
43 0.00027869059496090954
48 0.00018522323710841286
55 3.889130058329e-06
57 0.00019867194043229878
60 0.00012716474262159814
75 7.244917139450243e-05
77 0.0012906476117893772
78 4.16999492914393e-05
79 7.111308336168164e-06
85 1.5922463103319633e-05
91 0.0001950589671883092
94 0.00062809030634562
106 7.337384249438989e-05
109 0.0005618377374308006
112 0.0002382373154863533
113 0.0006574583670656415
121 0.00022809020246835655
128 0.0007461873930092112
135 0.00010019122143620264
138 0.0003529101740355011
143 0.0003319430071219922
148 9.424203559380961e-05
154 0.000599576865774724
159 0.0013874420531092672
161 9.330212066951169e-05
175 0.00046664313475389276
182 0.00019858897397120114
185 0.0020538406540388057
187 2.7019494705287528e-05
190 0.0028367784797753374
195 0.0024997161533256694
205 6.37659136958777e-05
208 0.0002252311203210555
218 0.000529372114244403
224 0.0032030782148024356
227 0.00030473501690453185
229 6.58415659257517e-06
231 4.7998141813552184e-05
232 0.00010111733194776494
234 0.0005717151318884468
238 1.3769799483482402e-06
239 0.002485927182773546
241 0.00036803317724943966
244 0.0002733978011221942
245 0.0019536453507315458
250 0.0012437231325668472
253 0.0003441919058369047
262 0.001194248512019191
267 0.0003963545674362442
271 0.0017641071060822966
280 0.0025274410820768267
284 0.0006615596105394234
285 9.0988665848664e-05
292 0.0014590346254431852
295 0.0002897731725998705
303 0.0005487192235458862
310 0.001187442648486048
315 0.0007361745413591784
322 0.004642330286888007
330 0.001104256333413249
334 8.766187724751054e-05
337 0.010598527262448055
340 8.103238243009113e-05
341 0.0013353086002432816
343 0.0008230655465428071
350 0.0030664807189688453
354 0.0016976885081975241
356 0.00039725988853572466
359 0.001292135393647747
366 0.0005574917485306113
368 0.001560971235377763
371 0.0005283555208027216
376 0.0011879162344369362
383 0.00024802407513008695
384 0.0010163108077925393
385 0.00012932966246095395
389 0.0017010975226406963
400 0.00021543011305037255
401 0.001014605736968568
403 0.00014206040630447182
404 0.0021546383879830406
446 0.00019409460933646298
449 0.0002358627670501175
454 0.0013330784647322103
460 3.697285816604039e-05
461 0.0006382739198884319
464 0.001346940487899621
468 0.001080061255692245
469 0.0023887666458891443
473 5.568475393408721e-05
475 0.000509738020811039
482 0.0009984818833513565
489 0.0032559293680611574
495 0.004046962816232524
510 0.0026306402039812347
511 0.0019770880611206594
537 0.0013031737482742261
541 8.148830032379372e-05
547 0.00033176522268343753
552 0.0002580743923238677
553 0.005180648175361171
562 5.624535030128432e-05
568 0.0017966667183073389
573 0.00027531724403400754
575 0.0009268386910492618
588 0.001230364017300178
602 0.00023301826221219015
608 0.001144476541729478
619 0.00018909110799590409
626 0.005512397017349043
628 0.00023435746338916784
631 0.000313622384988204
634 0.0005867262428816693
636 0.0013360003538479786
647 0.00020840286822785683
650 0.0007238455490679446
652 0.000204555623724546
655 0.0002388703995467747
656 0.001567356708080151
670 0.00019032635926463038
678 0.001421454560236899
679 0.0009271368781933957
683 0.00034084734597565207
684 0.0009080359504692281
688 0.00028864224117128095
692 0.002464989332833728
694 0.0019297790437803198
704 0.00010668588427799993
705 0.003136528342279091
719 0.00019002384517856984
723 0.00048405427457124626
725 0.0016828089317881658
728 0.004529184640096402
730 0.004639596907785486
733 0.0025503359931968246
735 0.0012873280158054539
736 3.771710936095539e-05
738 7.660235283838142e-05
742 0.00057567223810569
743 0.00020330988733201864
745 0.0014831236735918067
750 0.0015572540748920868
754 0.0009781371904888912
756 0.0008301970080796322
762 0.0020215453630916726
763 0.006553381060713746
770 0.0023599250243114957
771 0.0011575126894331385
787 0.00016990076227622119
791 0.000525643187999939
793 0.002500046693985527
796 0.004306956760471532
797 0.003708878459820666
808 0.004428339768928248
810 0.00016992877341170175
812 8.517521194480926e-05
814 0.0023189968685261952
826 0.0007686325127723712
830 0.003903222452366894
836 0.0010527884678323426
846 0.009872229986087128
849 0.00022109295931726274
854 3.71968377052442e-05
857 0.0036687071894500817
858 0.004428932717022792
859 0.0027123150397533233
862 0.001130807135838917
868 0.0005129231320373046
873 0.0015288840857964538
882 0.0011848436829321757
887 0.0033791959945147195
898 0.002038240798787762
900 0.00014126668725107758
901 0.0016145718919534056
904 0.009173951002380646
910 0.0008276382057649819
912 0.005682067989572757
926 0.006392529193572415
929 0.002475148157155919
937 6.1227996147008145e-06
941 0.00019812760369049203
945 0.00011307406397096863
953 0.0007864247849621695
962 0.00012130180051317002
970 0.0003119449621652162
974 0.00029554721624074103
975 1.2955270682583556e-05
979 0.0033624860027251465
988 0.00028396398209784904
989 0.0012640015926930527
994 0.00029100504110611173
998 0.0055592196561214165
999 0.006005224022423017
1004 0.00013012867833188244
1007 0.002996336226568168
1008 0.001897479805645289
1009 1.1597400334744299e-05
1010 0.000735270363650394
1016 0.00018461422298485247
1022 6.530894352134148e-05
1023 0.0018470540189005763
1024 0.003846679744852509
1027 0.0001094556164049643
1040 0.0008854528456801532
1043 0.001272076995871642
1045 0.002193181829689311
1057 0.0012526038001984946
1058 0.0042500346697371535
1061 8.419631704867427e-05
1074 0.00031189717970244254
1079 1.0771160752379938e-05
1082 0.0027503786124650023
1083 0.001049776561910653
1085 0.00021682464170613437
1086 0.00017183760217513573
1088 0.0005232221512732812
1092 1.4230341901704644e-05
1096 9.339759320028013e-05
1100 0.0015504741824760458
1101 4.722933501277997e-05
1105 0.00031360815180304897
1117 0.002005027684983071
1124 0.0024500459182523514
1125 0.0009680700734478561
1130 7.148466086671017e-05
1138 0.00043010022994759053
1144 3.982007003095392e-05
1148 0.0018964875965532789
1157 0.0004317052742151667
1171 0.001026739478458568
1174 0.0013018150566879334
1177 0.00017354901543559868
1181 0.01175856725377614
1189 0.0006956299954064831
1196 0.005198165166647524
1203 0.001065942667511856
1213 0.0027903784367824306
1219 0.006622121794074059
1224 0.0013233658138020728
1225 0.0012680723430644376
1235 0.002160342776105484
1239 0.00118982458165542
1249 0.0048463215496403166
1250 0.003957606924108897
1256 0.00036037388530628763
1261 0.0024495608029300475
1267 0.00031067693510497925
1270 3.937210476763939e-05
1278 0.001566334348325586
1289 0.0032843965893094174
1290 4.012195354936488e-05
1293 0.00031886413755245703
1294 0.006982312172154555
1302 0.0007563121726083254
1310 0.004957921408412575
1315 0.0004015614198684904
1327 0.0014161488129968926
1337 9.370220206323404e-05
1351 0.0028771008481220366
1352 0.0005253602216149273
1359 0.00011884607111378037
1362 1.8564391266242296e-05
1366 0.002501682890091989
1375 0.0029870927214728274
1378 0.0003434055187387157
1385 0.006672660634312448
1396 0.005218979948347728
1411 0.002453515964727232
