4 2.8965702507946323e-06
12 1.9662166273848147e-05
17 2.820214202913692e-05
19 6.277196959062643e-05
20 4.978362083603016e-06
26 0.000276685713375657
32 1.7749169275846372e-06
36 8.558691965884431e-06
45 3.8153510931699874e-05
62 1.7471429056706853e-05
65 8.210061935900532e-05
68 0.00037190072552626145
71 0.00019389581217851278
81 4.786435877193196e-05
87 1.4394110317621414e-06
95 7.376262248266597e-05
102 0.00016393893202293718
115 4.569651721118132e-05
120 8.825753974784638e-06
136 9.718384163541205e-05
147 0.0003346227970978483
157 0.0001726966227454055
163 0.00033485241299922066
166 3.327099027387011e-05
167 0.00025186691089605103
169 9.393072398553022e-05
178 1.5849242921115125e-05
181 0.0001778657116548121
210 0.0002928356291779854
213 0.0002979339444645714
222 0.00012851949928518073
226 0.0003113354848757898
228 9.837317926695274e-06
236 0.00010970473279534051
240 0.00017740287948465614
252 0.0006831469187819077
258 4.283694619830057e-07
260 0.0007681300071635051
261 0.00011457670453080745
275 0.00015413493322619546
298 0.00013580695640799429
311 3.9091226468221647e-05
316 1.1582446913064687e-05
317 1.6541379301288708e-05
326 0.00010609450880946387
327 2.677658030200916e-06
328 0.0001551632305478976
345 0.00024854386357021246
347 0.0024058136820202065
348 2.0544672565940124e-05
349 3.948720821871232e-05
363 0.0003058263432601889
365 0.00031242148599790583
378 1.036575780238728e-05
387 0.0009895441982680274
391 0.00010281549919695108
410 4.234108845354272e-05
412 0.00012184475856821652
413 6.98890265670053e-05
414 0.00020303405179509745
415 2.4150505508257714e-05
423 0.0001569427506206406
429 0.00014617089699135147
430 0.00020658070828802748
433 6.501473113900165e-05
439 0.0003462651695855294
442 0.00017105507179752475
445 0.00010115175327348875
455 4.013519556296753e-05
457 0.000325852911253017
458 9.723227039598416e-05
459 0.0002761637245647185
463 6.472262846851153e-05
467 8.262421530453296e-05
471 0.00035909829677540235
472 0.00016950895118756897
476 2.4670994792547893e-05
478 0.0005257119883663959
480 1.5983684889689147e-05
493 0.00012940013367307158
494 6.106585041673154e-05
508 1.7790950232459186e-05
521 8.676515296601446e-06
529 0.000209592076191345
531 1.1044966653825571e-05
544 5.736473612386482e-05
545 0.0022135800610408756
548 8.327016051442932e-05
551 0.000458785524765383
556 1.3962897322803682e-05
558 0.0003090266202363085
560 0.000284250048142604
561 0.0001728112562815979
564 0.00013287136072140485
571 0.00010063644852475709
577 0.00033483231532739275
578 0.0001267046419398645
580 0.0004592709603821667
582 6.905842538367799e-05
586 0.0002613436212723692
587 0.0004192750024103654
590 0.00035437465461088575
591 0.00013684205115671176
596 6.353824712500656e-06
599 0.00025915167870492505
600 1.6818365495621616e-05
604 8.66373796786989e-05
610 4.401703865267919e-05
613 0.0009854406263680295
615 2.449081671816258e-05
618 5.470754689665317e-05
621 0.00010778363495483912
622 3.997494396173026e-05
623 5.678432187266445e-05
625 3.2708903144323177e-06
632 0.00020515438175659802
639 2.4611434439343842e-05
640 0.0004372904817803633
641 9.783830218485053e-05
642 0.003092574906234224
644 0.00018506235315721297
646 0.00017298840077735703
663 0.00013316302862316517
667 0.00020081760348456074
669 0.00012684602634880499
673 2.8723640073343065e-05
675 0.0006581691406401476
676 4.0086566858505165e-05
682 5.2867898998113285e-05
685 3.352459450027754e-05
687 0.00017888336582270385
689 0.00010944501654602579
690 1.2161521641692999e-05
693 0.00013830821442950406
699 2.023350015013544e-05
700 3.8429977037837775e-05
703 0.0001506550110728863
706 3.3138833828539174e-05
708 1.4741779306915334e-05
710 8.020679563479968e-06
715 0.00012876684701504908
717 0.0017615136023424456
718 3.473759737138725e-06
726 2.1871178778266518e-05
731 0.0002507426217661129
734 1.901990396896915e-05
740 1.5292206819668422e-05
752 7.176740002785294e-05
760 0.0004068896209970312
761 0.00043878540787403475
764 7.01485945349458e-06
783 8.13420947487358e-05
785 3.3067503929016205e-05
788 7.057981359021751e-06
790 4.283877237813534e-05
795 6.722322441040935e-06
798 8.521649912540238e-05
800 1.8106017489040285e-05
801 0.0015071655481938748
807 0.00016602340541738625
809 0.00020955089912923574
813 3.7487130971878124e-06
832 0.0003204121328154312
834 2.4463923601659162e-05
843 5.4591880154692896e-05
850 0.0001512246671544007
855 0.0007111684400037035
856 8.985332670598659e-05
883 8.585543783943401e-06
903 0.00014175332106939494
905 0.00013744313143953924
907 0.0014540703732663508
908 1.764164205202001e-05
914 5.16475962896284e-05
922 7.600703777900609e-05
931 0.00017904981499812915
946 9.577883134743892e-05
948 3.3802057453669995e-05
949 0.00010598377572816674
950 0.0001826599702011071
951 0.00031307477477154287
957 0.00016392460005330294
963 0.00021275713144253475
964 4.410357263323963e-05
977 0.00016850594293549615
978 0.00025686689913632916
985 0.00011689271555899112
987 0.0011781234397095362
990 0.00017986928440081655
991 0.00015296451261538312
995 0.00015469902904678625
1012 0.0001497738027440122
1018 6.397051105698056e-05
1021 0.00014380401704620885
1025 6.749280768541188e-05
1030 3.779841205119942e-05
1034 3.0128621154619057e-05
1039 0.0007925128907954252
1042 1.8743879798855148e-05
1046 9.432970337968398e-05
1051 3.6275525019744796e-05
1064 0.00010012627326692186
1069 0.00015408011746135847
1078 0.00013918055475501174
1099 0.00011703186552941067
1104 0.00010805258301057951
1112 3.2888868423879006e-05
1118 1.4690143210869826e-05
1119 0.00041447063083416356
1122 0.00015111641217513858
1129 0.0001301266476679906
1132 9.631134101828588e-05
1134 0.00037305786390101533
1135 7.481397120324785e-05
1137 0.00019781667112311026
1149 0.0001255615157384042
1155 0.0017544154113376556
1162 0.00022742114145493983
1163 7.4115482997998414e-06
1167 0.0002373768992716646
1172 6.604913005703934e-06
1179 3.0046710052250497e-05
1186 0.0005688801928115473
1191 0.00010574667861535027
1197 7.170694320576392e-05
1198 5.7760897391901514e-05
1201 0.0001842647695558705
1216 9.705118788451557e-05
1218 1.0110148755775753e-05
1222 0.0017206990506101517
1243 3.945224227057119e-06
1244 7.058695342364016e-06
1245 0.00013554435476211338
1246 1.0753651986605626e-05
1251 8.291216523513776e-05
1259 0.0006732039143106884
1265 0.000144371535711388
1266 2.743874175888383e-05
1286 0.000737332761152775
1288 7.309982930740747e-05
1292 0.0021367267734423655
1304 4.4978847550729064e-05
1319 0.0002935705766448266
1321 6.8295014039202265e-06
1324 1.3836301563221723e-06
1332 6.346946004812585e-05
1334 3.204678959512503e-05
1339 0.0006793604320008692
1342 0.0006053963773166192
1346 3.5075669828875856e-05
1347 0.0002635884983295504
1356 0.0005644671613423963
1358 0.00011361734920150972
1363 6.735063248483071e-05
1365 0.0001497662597936318
1367 0.00036107195674518343
1371 8.842474671406376e-05
1372 1.8460208700776776e-05
1377 0.00021252820085592266
1380 4.073580414181874e-06
1381 4.2252414765871674e-05
1384 9.35667055112491e-05
1386 1.1226755239302723e-05
1388 1.1198782648568924e-05
1389 0.0009587286463682433
1391 5.7713726883536165e-05
1393 0.00020782355514910344
1394 5.347900218114938e-05
1395 0.0005605188104397242
1399 0.00012835363968074834
1403 4.0330728418293065e-05
1405 4.0396416479077595e-05
