11 2.9546782331923057e-06
19 2.547164650197364e-06
33 4.460814584710658e-06
37 6.757067637460002e-06
136 5.534515455110933e-07
167 6.834684436353721e-08
196 3.227184141306643e-06
232 2.3316503966996663e-06
245 2.847586440079073e-06
257 2.206297656465846e-06
279 3.099160015599085e-06
286 1.6901056271037996e-06
298 1.445142874099835e-06
307 2.3587475183462804e-06
326 2.324151240968728e-06
327 2.6686490160034433e-06
343 3.1559388560567796e-06
356 1.8920277314633077e-06
360 3.4563220941723832e-06
368 3.342950923419137e-06
416 1.5519681958786631e-06
417 3.538425283087048e-06
444 3.4093583423882475e-06
453 1.8418440468132982e-06
463 6.403907318084627e-07
474 1.4399135411966053e-05
482 1.2395063827264052e-05
491 3.5984124358208855e-06
495 1.7157149407260133e-09
508 6.0300413463857106e-06
566 9.020805041956395e-07
576 2.0773526721629883e-06
581 6.165620775891302e-08
583 3.7310535393951124e-06
587 2.4943299567293485e-06
591 1.4399356717946695e-06
600 1.1124684853054113e-05
606 3.9087664164545305e-06
663 3.0254270076543555e-06
667 2.943463416294721e-06
672 2.0620813173841265e-06
674 1.5868862429785184e-06
679 2.8452293509709507e-06
681 1.0596552283912542e-05
685 4.860848401018437e-06
700 4.757805487502235e-07
703 1.9175598971241837e-06
707 7.851074088311646e-06
709 2.1481133944518505e-06
719 7.299649807280217e-07
187 7.363074427064997e-07
505 6.100648084224131e-06
592 1.079153553151535e-05
623 1.2470902422006485e-05
39 3.1160526198115786e-06
379 1.4544770416601877e-06
382 4.4192481096622916e-06
634 3.4205896314356147e-06
