11 3.020466795055385e-06
19 2.8107028024741803e-06
33 4.663248325708211e-06
37 7.260457869477717e-06
136 4.515995447908421e-07
167 8.608684328773298e-08
196 3.6992518185332774e-06
232 2.5498844276826657e-06
245 3.6615423817308335e-06
257 2.4772478186535425e-06
279 3.534898760498412e-06
286 1.8502578917162273e-06
298 1.5206593933311281e-06
307 2.5564070704276096e-06
327 2.8465118134870547e-06
343 3.419218296881575e-06
360 3.5721000102387272e-06
368 3.585752994612581e-06
416 2.098491505140331e-06
417 3.812071683101453e-06
444 3.4573606073908926e-06
453 1.719264508817169e-06
463 6.711710767785806e-07
474 1.4959659495978551e-05
491 3.7925601157866575e-06
508 6.4157937789083324e-06
566 9.056599018780528e-07
576 2.1942746798807187e-06
581 4.5769696041259545e-08
583 4.299383985826275e-06
591 1.4629554010454964e-06
663 3.356586769972579e-06
667 3.155130396240678e-06
672 2.160283452212498e-06
674 1.594014753538962e-06
679 3.028188405943521e-06
681 1.14862328656874e-05
685 5.1798389745240196e-06
700 2.8100218097482206e-07
709 2.392000991117412e-06
719 7.698737129226894e-07
187 6.306657273931672e-07
356 1.8220972753220128e-06
587 2.5981775238953404e-06
592 1.0756319493859891e-05
326 2.2092784947649435e-06
707 8.191416201105198e-06
379 1.3496152471005156e-06
39 2.9686910761818388e-06
623 1.2504559553250628e-05
382 3.851059534731777e-06
505 5.862927346467713e-06
495 6.789866160789513e-10
547 4.757396319598425e-06
634 2.9595017341345486e-06
