482 1.3328567113381695e-05
703 2.006382605349034e-06
606 3.991256641946147e-06
600 1.1645937288308305e-05
251 7.939272143930314e-07
496 7.347738895694301e-07
567 4.478364054824387e-06
594 5.654978893125718e-06
41 3.089319772273868e-05
73 5.83970414331679e-05
662 3.208040541657021e-07
383 1.6468648904554115e-06
697 3.2446052754561395e-06
34 4.941736881925736e-05
42 0.00010515515546371562
47 6.439486372442601e-06
226 4.675018516928037e-05
573 3.616006871072766e-05
598 2.543900055432218e-06
618 7.13060988579284e-07
489 8.350629446560584e-05
494 0.00023046266401477127
432 3.2041462964144348e-06
362 3.564466130487831e-05
1 0.00011867942861129743
21 5.139456028423007e-06
35 1.2906413151953394e-06
484 9.447331729691983e-05
507 4.543871072013826e-06
671 4.219664492556632e-06
676 1.517575897725306e-05
249 4.280046839864755e-05
409 1.1538106951389577e-05
521 2.6364089247716527e-07
0 0.00020710321687293913
29 0.0002070387360404743
48 5.9075510312288724e-06
145 1.09129587140697e-05
254 4.55938369723073e-05
420 9.378717307954599e-07
475 1.883705515940778e-09
3 0.0001737459256646057
32 7.185670121481912e-06
163 2.5606293172715944e-05
221 6.46803616396069e-05
511 3.502903198622401e-05
554 2.8051388516531412e-06
716 2.520718307240532e-06
255 3.248187838382985e-07
17 6.628342049828344e-06
113 2.19710948363031e-06
247 2.524412310735159e-05
259 2.085990843413297e-06
381 2.3213580287168292e-05
435 2.2998311174925853e-06
437 1.8309366143603765e-05
510 8.393424467848922e-06
568 4.085840291799553e-07
571 2.4972516150626235e-05
669 3.875740684448829e-05
553 5.591533324515881e-05
374 6.897147133532079e-05
149 1.7556639411456992e-05
314 1.9316300735254665e-05
575 2.6404820107416527e-05
686 3.379225822504719e-05
165 6.525679702317889e-06
160 4.469075467631468e-06
354 2.0526779272313914e-05
415 3.253334235921647e-05
9 1.6910918612039157e-05
46 4.412388508461124e-05
253 9.601315991768416e-06
330 1.1264192776211158e-05
426 2.1191651411521996e-06
516 1.2770047442380026e-05
558 0.00011180431725391433
570 1.5427484209442353e-07
577 3.4191977339414397e-07
728 2.5675634751244744e-06
158 4.789653752839615e-06
25 5.163125024458429e-07
123 1.7968086908129867e-06
129 2.9317450636908374e-06
141 2.374244592955654e-06
143 8.096276836270447e-08
147 2.978741914844704e-07
188 3.524080643392219e-05
211 4.980456495357621e-06
227 1.0770817144537322e-06
306 2.007638167864517e-06
310 0.00010366212863000722
325 1.3780921242537798e-06
344 7.215222324627814e-06
355 3.637651382805939e-06
486 1.216361629825464e-05
490 0.00025521642014172475
556 7.354610447369206e-06
563 8.575421231651185e-06
603 7.569381848914531e-06
717 3.010147668926204e-06
504 8.474343361486733e-05
617 0.00013511928784888883
18 1.2915319802874241e-06
27 1.325174524535689e-05
28 3.602748486379367e-05
36 6.968167412346239e-06
40 5.149790097952355e-06
44 4.473989870101233e-06
49 2.3096920996805303e-06
87 0.0001603378619022042
105 5.599459863481368e-06
106 2.44465459644297e-06
114 2.5205578652857872e-06
135 1.7725856589907743e-07
151 1.3930891428295865e-06
153 0.00011188833284256466
154 1.429826640140286e-06
161 5.191337190293583e-05
171 2.2562462461924513e-06
176 1.6930589994367124e-06
192 1.2246097666901963e-05
199 8.379840404463131e-07
202 1.5606936141019567e-05
230 4.3215666118298224e-07
244 6.134714197518554e-06
246 1.621709430548025e-07
252 2.0431839058797506e-06
260 6.163764877453376e-05
287 7.888780465835205e-06
291 2.019723773630619e-05
299 2.948231620991222e-05
304 1.3535750690702442e-06
334 1.7346413581318592e-05
336 6.633231092771576e-06
359 3.4965999840434656e-06
361 1.1970240293713935e-05
385 3.5360927873507504e-09
422 2.6491422699657623e-07
424 1.2810869383812748e-08
431 1.6353104924384222e-08
438 5.275513585611614e-07
443 5.80386698688257e-06
448 9.145205007405122e-07
458 2.9725255169059816e-05
498 9.131428988746826e-05
523 3.895742055224828e-06
527 1.3973572044480596e-05
530 2.287588254571684e-06
533 3.558506016011171e-05
542 1.3646424131973365e-07
544 2.0786786348005295e-06
562 1.4145416984922244e-05
564 5.017001516438041e-06
565 8.117469156786247e-06
580 1.6275198436389804e-06
604 9.155607720733535e-06
673 1.67788417350245e-05
677 7.207472457670132e-06
704 3.987899232396933e-06
713 1.569883287296705e-06
715 4.402489046281315e-06
2 7.75098595664558e-08
4 2.9509393566577204e-07
5 6.768463189326322e-05
6 3.807919425724881e-06
7 1.853263654171473e-07
8 1.9241162229466124e-07
10 0.0001603503136275527
12 1.0888821830816062e-05
13 7.208283372522981e-08
14 6.002550833331788e-08
15 1.3058496860757646e-07
16 5.569881175703631e-07
20 4.2716643133619776e-06
22 1.0767542382111458e-07
23 1.0234871240426091e-07
24 1.4400357125146595e-07
26 3.244211529058952e-07
30 8.85551609233655e-06
31 1.2859936231754562e-06
38 5.36045225268701e-05
43 2.5052946695683587e-06
45 6.182019024293612e-08
50 2.1200101469637663e-08
51 3.827324807292235e-06
52 4.388842099363239e-07
53 3.890006327052923e-08
54 3.201076401789274e-08
55 7.951166448933285e-07
56 6.096601042186906e-07
57 9.273999024912368e-08
58 9.366821048141699e-07
59 9.719509580540976e-07
60 5.822007635076015e-07
61 1.1439259094145134e-07
62 2.4692543013307877e-07
63 4.1549170595928354e-08
64 1.7248826251014952e-07
65 2.2322617218095214e-06
66 1.007052557267748e-09
67 5.49891692931559e-08
68 9.092607840713099e-08
69 2.2631107539719785e-05
70 1.0341254643361486e-06
71 1.0849986635582589e-07
72 7.349456077651871e-07
74 1.1650769704685223e-06
75 3.536943991699541e-07
76 2.3701389462038873e-08
77 2.370138946203891e-08
78 2.0156027285043523e-07
79 7.022075815749736e-08
80 5.354887147843129e-06
81 8.80442799844265e-07
82 1.5602811647773574e-07
83 1.3384519395507853e-09
84 8.260030270679694e-07
85 2.5560490529536583e-07
86 1.0776946886387358e-07
88 1.0617100723137628e-05
89 5.886464313653094e-07
90 9.230721367831997e-08
91 2.203336451184375e-07
92 1.981311738061086e-07
93 8.217288813784784e-08
94 3.3369740222134824e-06
95 7.875832527035007e-08
96 2.417938734575519e-05
97 1.7687026426451897e-07
98 9.939358202019455e-08
99 3.1753490259662864e-08
100 8.748850665968828e-10
101 3.089673913831364e-08
102 1.5705489844761933e-07
103 5.929918923950039e-08
104 8.31922770566037e-08
107 1.942109235207623e-09
108 5.665845392302843e-09
109 6.776127961239536e-07
110 1.0507085173798306e-06
111 3.165701754377853e-08
112 5.2493036414244585e-09
115 2.6026995386661765e-06
116 5.019335011309294e-07
117 1.0201025869114304e-06
118 6.9473060439981976e-09
119 1.0699310799604844e-08
120 5.1243585723184705e-06
121 2.0712757413154707e-08
122 4.563084571874249e-06
124 1.0770314042110726e-06
125 5.326060214201532e-06
126 4.161156465773499e-08
127 2.2596019807728823e-07
128 1.8565669542903637e-06
130 2.221718351650978e-06
131 8.430657638548322e-07
132 6.357769263536543e-08
133 4.0850875903422303e-10
134 1.9653596677719335e-09
137 1.3344130061163057e-09
138 2.456738984385676e-09
139 3.921986578512509e-07
140 6.97459697146858e-09
142 3.774517237561046e-09
144 2.869812029147509e-09
146 9.960490651139424e-10
148 7.622606790058159e-08
150 9.964277546715535e-09
152 6.3368518780360645e-06
155 2.5258024783786125e-05
156 8.87080284014177e-08
157 1.4804661654083305e-06
159 3.4457413200009744e-06
162 2.3798559629814126e-06
164 1.828377002777133e-06
166 5.846437392472097e-07
168 4.465520149843861e-06
169 3.541024366054556e-06
170 5.016815391056243e-06
172 1.021919369381341e-05
173 8.866116563102065e-07
174 6.999798530386669e-07
175 7.649185171671782e-08
177 1.2134619825177108e-07
178 8.47889121047772e-07
179 1.195819093114314e-06
180 2.0659344766449512e-08
181 8.359210420433352e-08
182 1.8347471872310154e-08
183 2.624262828730693e-06
184 2.984676190056847e-06
185 1.0305065897088518e-07
186 2.9162191544874107e-06
189 1.1470932877636532e-07
190 7.710038040864675e-07
191 3.5220127508209225e-06
193 2.961038030183771e-08
194 1.181678673802691e-09
195 6.777154049854185e-08
197 1.7564785102375856e-07
198 2.1855873358538753e-08
200 2.2075397555579946e-08
201 4.808958116891492e-06
203 3.1602601820030536e-07
204 2.6566068233055583e-08
205 1.800217076375913e-07
206 8.921768306811151e-07
207 1.8408294678856148e-07
208 2.0387194693574954e-07
209 3.4215685470328625e-08
210 3.318546960295377e-08
212 6.678441973600378e-08
213 3.335575336399901e-08
214 3.4548496905153914e-10
215 7.065529715272812e-09
216 9.695073050859885e-08
217 4.0782778686626305e-08
218 8.524969571217009e-10
219 7.225768828985796e-06
220 4.989165958437188e-07
222 5.426675079702513e-07
223 2.6930755193128676e-06
224 7.547286871193534e-06
225 1.4038740806200312e-05
228 3.0059614396957157e-06
229 5.191913317780654e-06
231 3.140443434564973e-06
233 1.2146945597121174e-08
234 6.589280896986991e-09
235 2.381692183034947e-06
236 7.501970916735405e-09
237 7.560986138564664e-07
238 3.7090192585854532e-06
239 9.24851908329583e-09
240 2.138115161088635e-08
241 8.892270351735458e-09
242 4.9025551024641046e-08
243 1.3339192478544463e-08
248 2.37729836116883e-07
250 2.0225690972372166e-06
256 3.478133940512881e-08
258 1.182238975593645e-06
261 2.5231944390209185e-07
262 2.8152975623017127e-08
263 1.672625617729519e-08
264 1.9356084098556537e-08
265 2.1195707367869614e-08
266 1.787458794840207e-07
267 1.4169286026743884e-07
268 5.9129950190893424e-08
269 2.5824184779248132e-08
270 1.6765404620657e-08
271 3.2986374251124595e-06
272 1.0458591831325976e-07
273 4.267875251632203e-08
274 7.530106104418516e-08
275 1.0832292380025155e-06
276 3.2298379965449425e-08
277 2.2962539020677875e-08
278 8.092685599448292e-07
280 8.14285025397746e-09
281 1.1862034722566382e-07
282 6.023390569211803e-08
283 1.7399634184633776e-07
284 3.591332647500583e-08
285 5.800928137464145e-06
288 4.379152781014228e-06
289 3.7338642905332405e-08
290 4.982835587999327e-09
292 1.6666728237934088e-08
293 3.028341030699272e-08
294 5.967829847592825e-06
295 2.7803289251023246e-06
296 2.4954297307607276e-08
297 3.413374802458631e-07
300 2.2597123297325674e-07
301 9.227061896246877e-07
302 2.5605950779535407e-05
303 2.2255887813191153e-08
305 2.1215762059068206e-08
308 2.78220688366625e-06
309 1.5152045068675612e-07
311 1.6795111356742048e-06
312 7.451658123495051e-08
313 1.7649145179947386e-05
315 3.427615369515669e-05
316 7.82177085486793e-06
317 5.477478922868028e-06
318 3.192395457930175e-07
319 4.540700664527019e-06
320 4.646466803597756e-06
321 7.187400997826051e-08
322 7.497318718844861e-07
323 6.176692084687977e-06
324 3.948820234979326e-06
328 1.9408835947720793e-06
329 7.341367693866305e-06
331 2.7403452846385822e-05
332 3.3476496600425758e-06
333 5.099448599651009e-06
335 5.259422565271714e-07
337 3.996285950937885e-06
338 3.1608522620561493e-06
339 2.4610591475485647e-08
340 1.3157445469299936e-07
341 2.0675228086575394e-10
342 6.3720291002904e-06
345 1.1623982725120412e-05
346 9.587409486049725e-09
347 1.1090749966702082e-08
348 1.0933208740395155e-08
349 1.822207432357804e-08
350 6.612687465869147e-10
351 5.0577585116138264e-08
352 5.84459347916222e-07
353 4.992357921685027e-09
357 7.720972034186346e-06
358 2.7677665368379067e-06
363 1.098346052486617e-07
364 9.493434152577281e-09
365 2.413463807908991e-05
366 2.082733756599694e-05
367 1.0834798399302083e-05
369 6.668896235399533e-08
370 1.3938002201793737e-10
371 3.237258225449071e-07
372 3.055503863226431e-05
373 1.2098918284141092e-07
375 1.656473771895687e-06
376 2.8839309718287153e-06
377 3.1631811568227776e-06
378 5.5244647089960345e-05
380 2.777619087303495e-06
384 1.6359811926451737e-07
386 2.621236785563494e-07
387 4.633879511567418e-08
388 3.4105740612429713e-08
389 5.575288988699622e-08
390 5.388751853462723e-07
391 9.308698277592336e-08
392 8.627651287206241e-06
393 5.517759719347333e-07
394 1.8569506822800464e-08
395 7.169240235611632e-07
396 1.1297231966499373e-08
397 4.4269656309992827e-10
398 6.996970251156994e-07
399 2.0511933130073033e-08
400 2.2396285918667867e-07
401 2.029628391465559e-07
402 6.651162990279626e-09
403 2.9490184257159677e-07
404 3.7060472214519905e-07
405 1.803084470038658e-07
406 3.365815357417898e-08
407 9.83561065212337e-05
408 9.947518827497554e-06
410 1.5231503162818848e-06
411 4.003015640554837e-05
412 3.320321073739231e-07
413 5.339618942070863e-07
414 1.0713445762377762e-05
418 2.9902141598644255e-08
419 3.2243427066172375e-06
421 5.608286191373922e-09
423 9.596135380691099e-09
425 5.477634352693376e-09
427 4.604322846996491e-09
428 1.072026880614464e-08
429 7.405389667360516e-06
430 1.022099064334588e-08
433 2.3682079003315753e-07
434 7.256173466585746e-06
436 5.607276518305945e-07
439 2.597823921499533e-07
440 8.726063901318619e-08
441 2.2945276968663172e-06
442 2.5611978490305727e-06
445 1.7932389516017516e-07
446 5.857357029531336e-06
447 6.4131132479913326e-06
449 7.427270354208493e-06
450 1.7584551457768715e-07
451 9.140692959390833e-08
452 1.7982449144306958e-06
454 3.2968645586820306e-06
455 1.339654305788141e-07
456 1.269663026385166e-07
457 2.887398224392207e-07
459 5.712173964890926e-07
460 9.442082804445285e-09
461 2.237098248683656e-07
462 1.9748813074846088e-08
464 7.042576419513005e-07
465 3.183205146643989e-07
466 2.7989271570190317e-07
467 2.115303667305105e-06
468 5.866092320887051e-08
469 3.3699948046365777e-07
470 2.0727202532395982e-05
471 6.308485639263252e-06
472 1.764933999041863e-05
473 1.633753560295238e-07
476 5.836804883618558e-06
477 6.6511167631007305e-06
478 1.0638575726198323e-07
479 1.5037512649266306e-05
480 6.68083691923091e-08
481 1.0452026128286143e-07
483 2.3479346589705254e-08
485 0.00015911403836394122
487 1.1204737929661178e-05
488 0.00011108499039526833
492 1.9189671714137188e-07
493 7.538860769097026e-05
497 3.723616904857624e-06
499 4.539049511503198e-07
500 7.611404709227971e-06
501 1.2007175938775883e-05
502 3.708380714284351e-05
503 5.849334789663911e-06
506 0.0005237015029175691
509 4.537217854301209e-06
512 3.085665766783356e-06
513 1.330593986503326e-05
514 4.695947118685596e-06
515 5.91599543977527e-07
517 6.1257874080834505e-06
518 5.9421595843397e-07
519 8.777514422234578e-07
520 3.45942489021696e-06
522 2.121709941834966e-06
524 2.094910161089284e-06
525 4.2519289974555385e-06
526 9.413207485914631e-09
528 1.2244538910817457e-07
529 5.407105382346965e-07
531 3.324446498487603e-07
532 2.1398412554366477e-05
534 7.796438813359609e-07
535 1.4861605571954313e-06
536 1.3729227157802564e-06
537 8.071389407075034e-06
538 3.7648207948597517e-07
539 1.2063471442230057e-06
540 1.5091016095493472e-07
541 4.757938827948174e-07
543 1.6743186070105305e-07
545 7.701016380624e-07
546 1.988914759795363e-07
548 3.6524355183760973e-07
549 2.7456058486265297e-07
550 6.025232140385307e-08
551 5.624925033590036e-07
552 8.630899958539798e-06
555 3.1807624311685743e-06
557 2.3060920114982706e-05
559 4.061349194590088e-06
560 9.069596401829783e-07
561 2.5069292229938665e-06
569 3.4739368276207224e-06
572 5.311293685513461e-08
574 2.457364960800086e-06
578 1.6521451904917118e-06
579 1.5024679004107244e-06
582 3.931400605851819e-06
584 7.898219914059747e-05
585 1.6043203462218332e-06
586 7.503022864742764e-06
588 7.220839761477186e-05
589 2.0638040470978234e-06
590 3.336799630524289e-06
593 8.015438355419451e-06
595 2.752614644851762e-06
596 5.350509997703755e-06
597 1.70930860410292e-05
599 5.059806298214144e-06
601 3.004062913771248e-06
602 4.602115767452285e-06
605 7.146602393392747e-07
607 1.2253755551734263e-06
608 2.1834215694554102e-07
609 1.7245041789604967e-07
610 2.253780054562732e-07
611 2.0959222144547572e-07
612 1.5495769849368444e-07
613 1.1457112523913327e-05
614 2.937494253136712e-06
615 7.887591993712386e-08
616 7.183912125481311e-07
619 1.2474854692261982e-05
620 1.758039279428492e-07
621 2.3874395584729226e-06
622 1.7480336450846075e-07
624 2.9777071797582124e-07
625 2.4301202556692343e-07
626 1.3565933686835572e-07
627 4.5484748924659545e-07
628 1.0441784180202353e-07
629 4.5117082530020665e-07
630 1.5454963141429194e-07
631 1.0079807308048895e-07
632 1.4396860470570757e-07
633 1.4529465935105274e-07
635 1.801645582195514e-07
636 2.90739670702906e-07
637 6.607766070789804e-07
638 6.923484832860559e-08
639 1.0640476092294859e-07
640 3.1096052386425177e-07
641 1.4342252320353018e-07
642 4.7243527851330767e-07
643 1.6475193208776644e-07
644 1.1276740981635029e-06
645 1.1489398685706482e-07
646 1.0449214234711114e-07
647 2.067314247130348e-07
648 1.2302618471938313e-07
649 1.3023611356910951e-07
650 2.6466270422965806e-07
651 1.3251028787003362e-05
652 1.0159980046842523e-07
653 5.3881163252357764e-08
654 4.91525333225178e-07
655 2.3772745231464057e-07
656 2.3235761666245137e-07
657 3.127646062792616e-07
658 7.68931172119685e-07
659 3.42788248452992e-07
660 3.915406479203689e-06
661 2.539297378096665e-07
664 1.2656540090207184e-05
665 1.4749459853293606e-05
666 2.313289675527637e-06
668 3.562573874842163e-06
670 1.0178467585933117e-05
675 2.7348189842527655e-06
678 1.4056996093683306e-05
680 3.4391173678307265e-06
682 3.973712728626573e-06
683 2.8872003131636244e-05
684 4.832910457155927e-06
687 6.3364678610573505e-06
688 2.9720690566213913e-06
689 2.131484173636769e-06
690 9.093522899735411e-07
691 2.6435174073095824e-06
692 5.346105767072411e-08
693 8.552430044349663e-07
694 2.4133884874293524e-06
695 1.8515597060651613e-06
696 4.193724905889125e-06
698 6.921351944352927e-08
699 4.341978109425403e-07
701 5.049019241974238e-06
702 6.447235146594029e-06
705 7.240037088440235e-07
706 1.4146767247213443e-06
708 2.276534607387805e-06
710 6.959583658113729e-08
711 3.388362076400479e-06
712 1.2062471015409912e-05
714 2.5638395327846174e-06
718 2.2088012229926954e-06
720 1.4880451518747624e-09
721 2.2667808225122022e-06
722 6.547260373972533e-07
723 3.953368042506096e-07
724 1.0346953724227576e-07
725 2.2920626312334128e-06
726 1.3587867869526502e-07
727 1.0929823501845813e-06
729 2.3967037501595017e-09
730 2.1381572007598754e-08
731 1.1489374886548587e-08
