47 8.65459439378666e-06
300 3.075631069071995e-05
500 6.908162398993676e-06
375 5.5259570311608615e-06
117 3.0105174484111773e-06
485 0.0001710279439777629
315 1.7185750952274847e-05
34 4.863546569589633e-05
48 7.96937052121064e-06
116 1.1004176196655682e-06
149 2.4439217294289042e-05
379 2.7285298201778602e-05
3 0.00019268056265776349
42 0.000109967379434012
497 0.00011668893250375614
0 0.00028971062871112357
226 1.627061277944626e-06
35 1.8651758019925171e-06
165 6.873841239923783e-06
328 1.669889482000515e-05
544 4.763431680125635e-05
359 1.6174044621040415e-05
432 7.0912529955599405e-06
1 0.00013902487181881122
575 2.4551323403762758e-06
135 2.9670033397166754e-07
145 1.3002570170867624e-05
158 4.843276008729802e-06
245 4.0067047615739505e-05
252 4.8106860184166764e-05
352 2.087526839448146e-05
547 1.0581539572871322e-05
105 7.377092726908295e-06
692 2.922498625978776e-06
160 4.9906330210574055e-06
484 0.0001369644880999282
29 0.00023345368590524471
21 1.1620055308479026e-05
225 4.923871268772925e-05
247 5.3643948828904654e-05
480 9.59511553695644e-05
590 1.2463910758821007e-05
249 1.1922089044792435e-06
524 3.831162581538189e-05
564 3.3570943264494656e-05
11 1.4059625971393596e-05
667 1.443247976290019e-05
305 6.098991706089994e-06
37 2.7032382565029787e-05
41 3.089020698557406e-05
57 1.8576086217284871e-06
221 8.229430496070925e-05
362 2.0015887955696557e-08
420 3.3427480287853996e-08
603 1.1196332857610697e-05
61 1.6133959791033602e-07
66 3.1333368847243453e-09
83 1.6899870308496339e-09
95 2.917222236423172e-07
98 2.9041709543064846e-07
100 6.44338075908839e-09
103 1.355238268071573e-07
108 1.2342624122719685e-08
133 2.8400260149436317e-09
172 1.4475810103112904e-05
202 1.985579921307031e-05
203 7.61337589934635e-07
207 4.4554532156080213e-07
212 1.0489683579951812e-07
218 1.1217335630757079e-09
220 6.948901034249124e-07
233 1.0200519361926515e-08
238 7.229521401363283e-09
239 2.0521540800046626e-08
241 6.452287181180459e-08
246 8.257792675017906e-07
265 2.3189133522905102e-07
266 1.8182468727420985e-07
267 4.034502503025129e-08
270 8.099648366956423e-08
271 6.509159717068434e-08
272 1.658136915689891e-07
274 4.273654214164574e-08
278 9.229323213313013e-08
281 3.071914946498061e-07
298 4.647778226994918e-07
321 1.0111123576148562e-05
322 6.230293659365959e-06
348 3.486100035245962e-09
356 3.114256182581239e-06
361 1.5173267664008174e-07
368 4.88150495713143e-10
389 1.407049181373183e-06
395 4.262802804612944e-09
507 6.868147156810601e-07
516 4.100871371049547e-06
519 1.970554687158766e-07
520 7.135777122224294e-07
529 3.9733889901621646e-07
530 1.8697280374818997e-06
531 1.4175423138038823e-07
542 1.452102601630427e-06
607 0.00018546353962106468
2 5.39152913779586e-08
4 3.20149705217026e-07
6 7.0041003637403315e-06
7 6.01670652906824e-08
8 9.187011679075462e-08
10 0.00020107845020652886
12 1.3537742337487177e-05
13 2.1791809265703376e-08
14 1.3789808418386767e-08
15 2.2635849655532152e-07
16 8.198608334725443e-07
17 9.352249965514226e-06
18 1.9573425708219992e-06
19 5.329717933705554e-06
22 8.620071561430097e-08
23 1.0812244819482036e-07
24 8.786497915640728e-08
26 2.8012825046205686e-07
27 1.6145946736321096e-05
28 4.479108628346924e-05
33 2.0747079880500414e-05
38 6.0070071300848166e-05
39 6.145353388147652e-06
45 6.92729275262799e-08
50 1.6046375875453514e-08
52 4.849816660773662e-07
53 5.038118120575876e-08
54 1.3291402030877227e-08
55 6.451613799204616e-07
58 7.286762483182819e-07
59 3.856946691043066e-06
60 9.088656490361196e-07
62 1.9639337163302684e-07
63 7.464183327597305e-09
64 1.7634908043804572e-07
65 2.2769621625802533e-06
67 2.835070980588237e-08
68 1.8869683595863702e-07
69 2.0006112809046777e-05
70 5.501756182471886e-07
71 1.1604393817438369e-07
72 7.642880688057344e-07
73 5.5373320699205297e-05
74 8.592780887483286e-07
75 3.568311667823735e-07
76 1.449013615068451e-08
77 1.4490136150682492e-08
78 1.197016158967863e-07
79 8.205797689687873e-09
81 9.339903659297461e-07
82 2.3547739866118275e-07
84 1.250976299736213e-06
85 4.1966107403963777e-07
86 1.2381524191306737e-07
89 1.8661859054846433e-06
90 2.393745982086888e-07
91 1.0222802753188487e-06
92 5.739407618585982e-07
93 5.998518878014339e-08
97 7.351147209947502e-07
99 5.8245833324067654e-09
101 1.9999142428758924e-08
102 3.2885889515750245e-07
104 6.37086376184744e-08
106 2.740468083467288e-06
107 8.014759279242651e-10
109 8.176843069512831e-07
110 1.3528546953110725e-06
111 3.750981029210442e-08
112 7.2862475565907065e-09
114 3.377019340820405e-06
115 8.598521299461703e-06
118 9.313715560291898e-10
119 2.173013725826033e-07
121 4.434467790333661e-09
125 5.920031880959967e-06
126 4.033990018806132e-08
127 2.444792947865925e-07
131 1.340840131868728e-06
132 5.3967849801787854e-08
134 1.4222356063393864e-09
136 2.814076633282763e-06
137 6.156826914839513e-10
138 6.712277699168837e-10
139 4.7645123901736434e-07
140 5.19998837812179e-09
142 5.565662172349574e-10
144 9.610652639771068e-09
146 9.099761501078182e-10
148 3.0233664325535644e-07
150 8.496391070251343e-10
151 1.6681672739677588e-06
152 1.0996527144119621e-05
153 0.00015093328498186857
154 4.299334273554343e-06
155 3.315321105676796e-05
156 3.776919738432493e-08
157 2.055730244966254e-06
159 4.508375433050141e-06
161 5.8776409593242476e-05
162 2.7305525376652608e-06
163 3.0533418514214875e-05
164 2.259288384794755e-06
166 8.147745508615844e-07
167 7.620132045574862e-07
168 4.961453078393389e-06
169 4.422877852266865e-06
173 1.6295978080052475e-06
174 8.208402560950038e-07
175 2.9982482222048206e-07
177 2.3385749554889937e-07
179 1.7002012921643173e-06
180 1.401663692632572e-08
181 9.001379297612182e-08
182 2.5408709561926054e-08
185 1.407176111713872e-07
187 2.3319988684831624e-06
188 3.371517940282276e-05
189 1.4254139929350184e-07
190 9.944165963221061e-07
191 6.493172730595622e-06
193 4.4621071443784323e-08
194 1.372335950095054e-10
195 7.25770779752884e-08
196 4.666552939416044e-06
197 1.7398365879032238e-07
198 3.5685244018999443e-09
199 1.5713180269445794e-06
200 2.0994317762899194e-08
201 5.247295000231813e-06
204 3.926028317829114e-09
205 1.374021616820817e-07
206 3.199874367828616e-06
208 3.6599519268067313e-07
209 6.576313542059654e-09
210 4.366612147430859e-08
211 8.251209752338189e-06
213 7.295714014754316e-08
214 7.033465320837712e-08
215 2.3355234319713923e-09
216 8.322031075646363e-08
217 6.808514251549623e-08
219 1.3526015982180982e-05
223 8.7230769656595e-06
228 6.620227608607774e-06
231 4.443409802362885e-06
232 1.128061013416828e-08
234 2.9381001304310675e-06
235 6.485987470087235e-09
240 4.043351466487054e-09
242 2.517370653457986e-08
244 9.491048232721348e-07
250 2.6853116599422945e-06
253 5.42817612548446e-07
254 1.0539614124988256e-08
255 4.380264036098728e-06
256 1.5925702432368484e-06
257 2.7903064432292422e-06
259 2.4403586719637956e-07
260 6.2236642585173585e-09
261 1.5033269639705155e-08
262 1.0128972211673294e-08
263 4.355274138391927e-09
264 1.6125122383323018e-07
268 3.575057409394149e-09
269 4.106028018751564e-06
273 1.2924799676049276e-06
275 1.2732186013982713e-08
277 1.2501264130630022e-05
279 8.896779978239166e-08
280 5.47105673361426e-08
282 1.7822254902621e-08
284 3.7224133143794533e-06
285 7.841690405090187e-06
286 4.492375570504635e-06
287 6.944455906510993e-09
288 8.534004167636484e-10
289 2.6256333553509548e-05
290 1.6803931507718542e-09
291 1.8708319915413163e-08
292 5.949310609815459e-06
294 1.014874370620231e-08
295 3.505294027590766e-07
296 5.9202972055904216e-06
301 3.409681177529823e-09
303 4.083243552464544e-09
306 3.375212531444975e-06
307 1.5114095891330345e-07
308 0.00010826383262597594
309 1.6520114224442728e-06
310 2.232683432013391e-08
311 1.934025920428216e-05
313 4.364211226616039e-05
316 3.094653085431927e-07
317 1.8730252200400353e-05
319 3.7864925282073116e-08
324 2.2087074377167955e-05
325 1.654244985341105e-05
326 2.4737545303675775e-06
329 3.001096070160455e-05
330 4.5342506627731385e-06
337 1.6051685229368465e-08
338 1.368516809675045e-07
339 5.803955493151165e-10
341 6.599915729250038e-06
344 4.005889599064168e-09
345 6.365649973969977e-09
346 6.3862518845408e-09
347 3.3878307109953377e-09
349 6.721063155732338e-08
350 9.558978870927288e-07
351 3.6700692650043202e-09
354 4.973972247101926e-06
357 4.423318312416872e-06
358 1.3279824381905267e-05
360 5.400319227671928e-05
363 2.783404594210266e-05
364 2.2170924548355835e-05
365 1.297919194023225e-05
366 7.786694907965873e-06
367 5.885662796071138e-08
369 3.3218888996965294e-07
371 1.5956628676564896e-07
372 7.069486460841581e-05
374 4.482998316834558e-06
376 5.80489479849034e-05
377 3.110153534217016e-06
380 7.050016284206417e-06
381 2.161279053567094e-06
382 8.502599020128143e-07
383 5.873153019339285e-07
384 8.007650592498896e-06
385 1.1309671701781912e-08
386 9.922219537030654e-09
387 7.538981688606242e-07
388 4.920467044365589e-07
390 1.266874188948442e-05
391 5.1432278618721664e-06
392 2.2175422175338014e-07
393 3.4828859257175307e-06
394 7.923679783610264e-09
396 2.3883755850171445e-06
397 8.237663230343682e-09
398 6.544010196714225e-07
399 4.1943786717080477e-07
400 2.7689079010686593e-09
401 1.9082459922665115e-06
402 1.7278620464689367e-06
403 1.2970898439498606e-06
404 1.522429197601863e-08
405 0.00010518263715209734
406 1.3011226400356614e-05
407 1.1495990932413642e-05
408 6.0264483016600295e-06
410 1.1769715061968495e-06
411 9.622004510411859e-06
414 1.6042725860399876e-05
415 1.2990957603615036e-08
417 1.3415059318743574e-06
418 4.4157698914008495e-09
419 3.8529108608598846e-07
421 1.9903994602001723e-08
422 2.1268504323913374e-09
423 2.6405689850412562e-06
424 6.801972009441706e-09
425 9.660401611354087e-09
426 8.952960922476372e-06
427 1.114453117371531e-08
428 2.386562763655642e-08
429 3.908740157488261e-06
430 1.4589030913161976e-07
433 6.743680720892839e-07
434 2.152372411602887e-05
436 2.092272534801944e-07
437 6.509512575036414e-08
438 1.8474183045541887e-06
439 3.1117052791459505e-06
441 1.1153928903476804e-05
442 7.260146738126551e-08
443 7.0193240909704725e-06
445 1.5226603078127772e-06
447 4.214116474149291e-08
448 2.166479227731137e-08
449 1.5222437623344363e-06
450 7.762778298525759e-06
451 3.1381904487653844e-06
452 7.643892103914342e-08
453 2.0125046952714734e-07
454 2.0367920406943098e-07
455 5.982330891265468e-05
456 7.713576124965842e-07
457 5.491273760690289e-09
458 3.4372019697594753e-07
459 9.835322346512293e-09
460 5.288303962685298e-06
461 6.972244373713831e-07
462 3.7038171848916687e-07
463 2.0202994145642737e-07
465 1.372918590789236e-08
466 3.5332064054044237e-07
470 1.3230374152866508e-07
471 2.7659097352978588e-05
474 1.0581867248654805e-07
475 1.5064156781178325e-05
476 7.360317882930462e-08
477 1.624080238236106e-07
478 1.8189710024833238e-05
479 2.1661869025260852e-08
481 0.00020391521361856589
482 1.586100649040631e-05
483 2.3502724143130154e-05
487 1.0491752085762591e-05
489 0.00043346338749291463
491 0.00011191521279917429
492 6.134307388806304e-07
493 1.1283386206395918e-05
496 9.74493482223408e-06
498 2.0490145345315063e-05
499 0.0005705945306052116
501 0.00010596093596252247
504 4.838953312085026e-06
506 6.9173716089694855e-06
508 2.9149608420347535e-05
510 4.084664568104092e-07
511 1.8240137244562389e-06
513 4.702746996199226e-06
514 5.777954091642666e-06
517 3.7726616109993405e-09
518 2.034529988883624e-05
522 1.6696442728025138e-07
523 2.3953570172296444e-05
525 1.9996026370669406e-06
526 3.2676502906963983e-06
527 1.2413329448615695e-06
528 1.0319995140946e-05
532 3.837287496021733e-07
534 1.1310797862683895e-07
535 2.955296402367742e-06
536 1.772040437743568e-06
537 6.146012210239298e-08
538 1.5360490419967645e-05
540 8.983686671590665e-08
541 2.02105467490279e-08
548 2.8072273782293753e-05
550 9.412355421237327e-06
551 9.828396475385479e-07
552 3.640527991921462e-06
553 1.9828736419800463e-05
556 8.556890568812047e-06
557 2.5991554259031506e-06
558 4.382372940529058e-06
559 7.475945859065713e-07
561 2.1965464694365813e-07
563 1.61670728043856e-08
567 1.5455721599827936e-05
568 4.406388805768864e-07
569 2.7193874117581584e-06
570 2.0705921702200116e-06
572 1.1247947598056058e-06
573 6.16366868519591e-05
577 6.0779792001489906e-06
581 4.174034643278409e-06
582 3.0147507861749092e-05
587 2.7849899467048834e-05
588 4.392255069579888e-06
595 1.5613230650111718e-06
597 2.104804075005649e-06
598 1.428686697382033e-07
599 1.2864420173207987e-07
600 1.9923871149494032e-07
601 9.570920815472415e-08
602 1.7903706682669036e-07
605 5.0467996843105445e-08
606 6.682451071491203e-07
608 1.6697447240259337e-06
609 1.207177320737444e-05
610 9.915323464538313e-08
611 2.0193573329403657e-06
612 1.6325754851310815e-07
613 2.912674717029158e-05
614 7.996889454104401e-08
615 1.1618932311360188e-07
616 7.349944761378256e-08
617 2.8927731961224343e-07
618 5.623200390341323e-08
619 1.9127146239107037e-07
620 3.8837555556079255e-08
621 2.3511760036717623e-08
622 1.5355973794301063e-07
623 1.2161498898192552e-07
624 4.933613206024234e-06
625 1.8060284214531986e-07
626 1.9502516679717567e-07
627 6.299861101769035e-07
628 1.1845438378243962e-08
629 1.4227080682911006e-08
630 1.7184081066133064e-07
631 8.305114772017821e-08
632 4.3897149183390645e-07
633 3.3619336320206994e-08
635 1.7400051511240314e-08
636 8.230451711076935e-08
637 1.1134427759843351e-07
638 2.0765725021324687e-08
639 5.970092713218726e-08
640 9.602339746825702e-08
641 1.864718049400145e-05
642 5.041811278844016e-08
643 4.4393139752830384e-08
644 5.469946591996088e-07
645 1.4264299914920322e-07
646 6.822716903628632e-08
647 9.507144886477709e-08
648 4.498458808536294e-07
649 4.6149407804610565e-07
651 1.085525214736432e-07
652 6.812019161810999e-07
653 6.464297965833448e-06
655 8.344242368105261e-05
657 1.7198028856615557e-05
658 5.572528342490491e-06
661 1.679958680557419e-05
663 1.2485771976257504e-05
664 3.643800634359069e-06
668 1.810329369017993e-05
670 3.135771516210098e-05
672 0.00010378104035104923
674 1.152983838174262e-05
676 1.195218375994872e-05
680 5.171559023534611e-06
681 1.5143272918359444e-08
683 3.2514591950862013e-06
684 2.609517999745736e-06
686 4.5553348769015295e-06
687 1.449280880810665e-07
689 6.2245932787497496e-06
691 9.336969165402376e-06
694 1.1538949011110682e-06
696 1.5194281716202552e-05
698 4.0897536676303e-06
699 7.730452457919472e-08
705 3.90971037560178e-06
706 4.308533669881354e-06
707 2.66288131574317e-06
708 1.5304490795722777e-06
709 3.929910260885491e-10
710 2.8875884549735923e-06
711 2.8964071454314187e-07
712 3.3627399174661704e-07
713 1.3796053882629507e-08
714 3.4461838673429566e-06
715 4.51156821896184e-07
717 2.697099792591904e-06
718 9.356744914818096e-10
719 1.5117670120345138e-08
720 4.689724284956432e-09
