9 2.757121590868597e-05
25 5.107720228192197e-07
32 1.0171620922915967e-05
46 5.243575093230666e-05
51 8.025911790003278e-06
56 1.073542625594229e-06
94 3.111389520798617e-06
120 9.540975988396685e-06
123 3.6231699796147997e-06
129 2.7888868265321675e-06
141 2.7471292301527762e-06
143 8.91074215541267e-08
147 4.7624228283555803e-07
170 6.620255144341206e-06
171 3.7523490846715864e-06
176 3.0904670095030033e-06
178 7.121731159396746e-07
229 3.714696099422333e-07
243 6.893070688838887e-05
248 1.3692159082114343e-06
251 1.4897032677462522e-05
276 7.873389429522268e-07
283 6.8755422386378435e-06
297 2.7595879929141252e-05
299 6.329538704251055e-07
302 1.611029756727591e-06
312 3.0450283567794254e-05
314 9.696259217234408e-06
320 6.290119595187297e-07
323 1.4928418475873807e-06
332 2.5874598482326187e-05
333 3.540138826909315e-07
342 8.496100578913512e-06
353 3.5970771429114677e-06
355 9.058427406981484e-06
370 3.470430064838072e-05
373 1.2263315335332089e-06
378 4.583957014172589e-06
412 1.3344422121077094e-05
435 1.0018194185470033e-06
486 0.0003835195131479998
502 1.1057522679204984e-05
503 4.718375827603556e-05
505 7.22460063049213e-05
521 6.932491444329914e-06
533 5.932957570275138e-07
539 3.169333266732261e-07
555 4.523960697039649e-06
560 5.179534074735333e-06
562 2.930689262613286e-05
571 1.3232539130673873e-06
585 3.5784327231316714e-06
592 1.1199827465225882e-05
593 1.1594606324932027e-05
594 1.1543673698401091e-05
604 5.47090552571628e-06
634 9.615180302041629e-07
656 1.9903843473722944e-06
665 1.525826460188264e-05
673 5.376611469124964e-06
675 3.887739303252373e-05
685 3.984881594431786e-06
702 1.384981393088934e-06
716 7.401023593699233e-07
113 5.877235160944682e-06
128 1.7763489822211214e-06
184 3.2310880664420305e-06
227 2.427525936612087e-06
293 5.299549850072026e-06
334 1.0342520017362511e-05
343 1.0793799646305524e-05
440 7.793892641983279e-06
444 2.458046691142694e-05
472 7.22623686150329e-06
543 2.3967225794481656e-05
566 3.023552043394017e-05
576 7.465993043056646e-06
583 1.2345762868188963e-05
596 6.013124729345741e-06
659 4.4255104364391914e-05
662 1.944797316177024e-05
669 3.0773541188940723e-06
671 1.2907790732469852e-05
677 7.481694970515639e-06
697 2.6790967391342725e-06
700 3.513899676514049e-06
703 3.6348512042384425e-06
43 2.2195597388253398e-06
49 2.37331194977207e-06
122 4.855890520373882e-06
124 4.39946597155043e-06
130 2.4578392693493922e-06
222 2.988900137265721e-06
237 2.703061875609192e-06
327 1.980012432236795e-05
336 2.650994108435828e-06
416 6.1434679212833754e-06
431 1.7817161702243252e-05
464 6.157678371105155e-06
512 4.4925011358308575e-05
515 2.771038189071571e-05
545 4.5444410243476585e-06
549 0.00015020050206812624
554 1.0400901696014772e-05
584 5.584535054834829e-06
586 4.55124149685451e-05
589 1.3173452785756435e-05
693 4.863685413750856e-06
704 4.103390743625905e-06
31 1.3708436012869872e-06
40 6.386165709342811e-06
88 5.062391430911425e-05
96 2.9844223996423905e-05
304 3.2287041669495173e-06
409 4.584711078330608e-05
467 6.818524869247721e-05
490 1.526965451628214e-05
495 4.2756723754489034e-05
546 4.347010697903284e-06
565 5.423077444794122e-06
682 1.0783864135090425e-06
80 6.630404708718906e-06
688 5.133698539623979e-07
186 3.7756816781668968e-06
192 1.5239491537430081e-05
236 8.174954573315045e-07
340 3.880381166497179e-05
509 1.1230509622704154e-05
574 0.00010429377169426795
579 2.2411172749549214e-06
20 4.122499950877128e-06
87 0.00019994100590705458
469 2.5927922029795586e-05
488 9.765684176919398e-05
578 7.834519561444482e-05
580 6.250070644005221e-06
591 3.3496499059131343e-06
650 8.154282712951636e-06
690 7.69109654665056e-06
258 7.135232306506101e-05
318 1.884197233011285e-05
335 6.240410760534594e-06
473 9.767964663168141e-06
654 6.909069461638006e-05
678 4.089835412354324e-06
679 1.6749144268951612e-06
331 5.690923535856669e-06
446 8.301258093618845e-05
494 1.1599873843407223e-05
701 1.582013540251702e-05
30 2.763099662711985e-05
183 4.8180608978068705e-06
413 7.415090401868977e-05
468 2.409336517802037e-05
695 2.365768227085964e-06
660 6.905396498281623e-05
5 7.006590025199e-05
44 5.530361190642295e-06
36 8.357296524630193e-06
666 8.264088500358459e-06
230 4.570958044812947e-06
224 1.5785104372631545e-05
