306 3.112631928869668e-06
558 5.068584986012127e-06
564 3.617061955654092e-05
493 8.385255036887298e-06
374 3.7921764033326234e-06
201 5.297749444399022e-06
225 4.499586648328528e-05
250 2.140478882401336e-06
221 7.265296664505099e-05
360 4.001249196952267e-05
382 1.1176623798540463e-06
480 0.00010641127511138111
139 4.6349499677892466e-07
706 4.209008885889043e-06
199 1.8806230347635415e-06
383 5.420956401566353e-07
588 2.8021947889924615e-06
705 5.510029426179448e-06
556 7.3038517455636355e-06
308 9.048849671233533e-05
408 3.436196345851209e-06
17 7.717288498901918e-06
72 8.067824595960991e-07
114 2.985281455239053e-06
364 2.1773790596072996e-05
423 1.761974099201673e-06
211 7.129390103603101e-06
667 1.3616948631072363e-05
84 7.580985275258111e-07
16 3.1497963895102677e-07
174 7.774680451820719e-07
71 6.328819769475897e-07
195 1.0997332979525886e-07
58 1.5323720849840576e-06
257 1.947239366524653e-06
384 3.6916683582897085e-06
343 1.310837414032448e-05
482 9.655982386197653e-06
357 3.5219802548002687e-06
369 3.0715958896700843e-07
200 5.913841234721003e-08
5 6.196269510793054e-05
6 3.689234151073392e-06
234 2.4543088634097763e-06
285 6.653633196202624e-06
489 0.00039916587681062784
425 6.4177665071465534e-09
154 6.7110457272838e-07
427 8.187729003515064e-09
246 1.967712415820187e-07
10 0.0001708997179567106
45 3.44406987692215e-08
60 6.712827041169618e-07
70 5.146309598322217e-07
86 4.921445900723575e-08
181 8.643290005895266e-08
189 4.7697696842769794e-08
245 3.183058157798824e-05
289 2.1375150095546758e-05
294 3.8332019249415705e-08
307 1.4132408287942088e-07
433 4.928065745295486e-07
445 1.0294471929473912e-06
454 8.31469892093438e-08
474 4.99346712393323e-08
476 2.3265430161835126e-08
477 6.800190330342575e-08
518 1.849070261290727e-05
553 1.4735510727222982e-05
642 7.91122894399552e-08
81 6.693908791181945e-07
640 1.0269933302246414e-07
117 1.3071549960650311e-06
220 3.9646689529905934e-07
12 1.112114357718364e-05
28 3.4778969056063256e-05
69 1.950735962253101e-05
142 2.595741391732162e-09
145 1.1262809368217697e-05
153 0.0001138835625561432
188 2.714456421303049e-05
279 1.1549037216709539e-07
385 1.3093878360237734e-07
401 1.7378241561714804e-06
410 1.2236647361521597e-06
466 4.122778682652033e-07
481 0.00018061656542870704
491 7.878494775071903e-05
514 4.434398220159312e-06
618 6.536951959919865e-08
643 2.152247584071495e-07
712 3.819982081010107e-07
300 2.777559274796654e-05
315 6.09755970226793e-06
38 5.2370252086778184e-05
85 3.185771464589801e-07
386 4.960236405193834e-08
391 4.916600414742453e-06
417 1.159088618359229e-06
422 7.063934612554657e-10
573 5.0227935473524645e-05
644 6.012036837471914e-07
718 2.259501281627227e-09
412 1.0833146659150264e-05
21 6.908943287187608e-06
411 4.944858502918344e-06
532 4.5369030374068793e-07
24 3.3398128411252004e-07
396 2.4963900275406237e-06
302 1.5747673788879535e-06
435 7.54896277661404e-07
128 2.576063815224089e-06
342 8.038467098368658e-06
539 3.9157168791697117e-07
499 0.0004636843626110933
147 5.492008911994293e-07
32 8.955036708860542e-06
116 5.70139908321448e-07
100 1.4543664953220874e-09
552 2.8437859484765387e-06
617 1.6456742967240508e-07
92 1.7066846377606836e-07
278 5.947954341678009e-08
95 1.2510970353729335e-07
172 1.1304494531186515e-05
281 1.8447241630343202e-07
212 4.536378296481601e-08
611 1.1176719919637681e-06
98 2.0854406275494274e-07
80 5.699721715052026e-06
393 3.3247633027443124e-06
213 2.576641612266453e-08
395 1.0606223693157937e-08
607 0.0001255423930326943
368 8.960609798376464e-11
266 9.07370282161935e-08
424 5.597003362237294e-09
497 8.88100947633388e-05
