11 1.3939103524130323e-05
33 1.4127527038117438e-05
37 2.0088007304385054e-05
39 3.690319352914523e-06
136 7.550153642029012e-07
187 7.12226449514685e-07
196 3.480293710724901e-06
231 2.5681211707471122e-06
255 2.754769042640606e-06
277 1.1874971343687287e-05
296 1.4200899786211348e-06
305 3.2212823813756734e-06
324 1.0564282622095114e-05
325 9.512176083484205e-06
341 4.377792095693551e-06
354 2.2632844391663983e-06
358 7.912744061585841e-06
366 3.62596808900477e-06
414 8.87972971130806e-06
441 7.757666988584654e-06
450 4.076592484496829e-06
460 2.284531238736182e-06
478 1.3735218210254544e-05
483 1.9853166746885354e-05
498 1.4050944424870315e-05
501 0.00010208741861259095
557 1.0110475061573557e-06
567 5.782351313266573e-06
572 1.242050566010382e-07
577 3.404052162356855e-06
581 1.6861275746799994e-06
582 2.861882129304556e-05
613 2.169883406952421e-05
653 4.20484216347789e-06
657 1.4405634295780225e-05
661 8.2767256538949e-06
663 5.231990204710072e-06
668 1.020026365692602e-05
670 2.4570392873576875e-05
674 5.165148525819606e-06
689 1.657790616156891e-06
696 1.317186068629571e-05
698 2.364685923258226e-06
708 7.535082151052351e-07
284 1.9015214752812111e-06
167 9.315111644908438e-08
19 3.1335628137736215e-06
471 2.7140911342147622e-05
590 8.694110858953788e-06
41 2.927606699271902e-05
