717 2.0881288229096377e-06
608 2.4633503416339764e-06
692 1.5901776849350994e-06
171 3.2608590850076636e-06
505 8.30830589517713e-05
543 2.7376084992694147e-05
571 1.0029146949644276e-06
229 4.066960750512752e-07
495 4.270212774710922e-05
545 1.5668045919787049e-06
549 0.00011722374949688159
113 2.4476234734268347e-06
432 2.6795051276030875e-06
87 0.00017835894822579106
508 1.8529089042887987e-05
584 6.189560658171351e-06
44 3.3867627413111272e-06
666 4.7246849982737e-06
36 5.361957196135611e-06
46 4.349103267000727e-05
48 5.907215127184787e-06
129 1.8275151608547412e-06
192 1.111963462519209e-05
323 7.429625966364999e-07
444 3.0591031547230484e-05
502 7.64043214847928e-06
547 5.756561306364098e-06
702 1.7112882801816618e-06
704 3.5892324241355157e-06
9 3.278108489602304e-05
40 3.7540072011280487e-06
47 5.298842567896824e-06
49 1.9779991258610328e-06
123 1.2270221109173962e-06
141 1.6364341016274581e-06
251 6.857886828545283e-06
258 4.637083417938812e-05
312 1.8184553122985484e-05
332 1.743177851685447e-05
334 9.329714033375835e-06
353 2.609846902127627e-06
440 6.036454841156711e-06
500 4.25447050896028e-06
503 3.598308202750338e-05
555 2.597691347663719e-06
562 2.429369708531249e-05
592 1.1336043399328852e-05
594 8.612533854768103e-06
659 3.278312155079011e-05
662 1.4235858208198717e-05
675 3.465325239735133e-05
693 2.5900803669974475e-06
593 7.976680349317942e-06
554 1.061181288435406e-05
304 1.685607632607002e-06
596 2.7535076915751303e-06
35 1.2021559867347936e-06
