380 4.147205965296555e-06
322 3.120452041791554e-06
59 1.922411196740081e-06
330 2.0727864868111558e-06
381 1.0800114372835652e-06
624 2.488252609870927e-06
694 1.2956271169026482e-07
179 3.672368362689524e-07
475 1.2492214339726986e-05
691 5.505077779752089e-06
377 1.8377487604364065e-06
676 7.531452443666338e-06
538 1.852814106044097e-05
115 4.773687281292954e-06
206 2.0450689744682716e-06
686 3.7531125830807575e-06
73 6.0504206655058255e-05
228 4.204037200656941e-06
684 8.927151386083246e-07
317 1.1234318429119923e-05
496 7.087747404180066e-06
652 4.0349911573803235e-07
664 1.466783429502868e-06
550 3.177012738565563e-06
672 9.670892095718738e-05
224 1.1087068302648528e-05
683 2.0927956603601826e-06
695 1.8101771394628237e-06
219 9.709846389304802e-06
223 4.94366418061693e-06
376 6.149511059135192e-05
372 6.780073504564196e-05
570 8.466580413514148e-07
162 2.045429711427355e-06
658 2.5925576088928946e-06
504 2.4534395619905164e-06
587 2.0186609489762028e-05
655 5.537876492601515e-05
230 2.731901104698496e-06
329 2.5549957384092098e-05
292 8.079844432965784e-06
523 2.254235728967667e-05
707 2.309888519829454e-06
426 6.936589676284158e-06
390 8.60651942661845e-06
321 6.005122799380062e-06
131 6.506112980466431e-07
