180 6.709646177612679e-08
437 4.826976326761446e-08
280 6.59682987268067e-08
534 2.296453603312664e-07
191 5.563263600030099e-06
720 2.6392599561527146e-08
485 0.00016067123403239915
680 2.9885318775843928e-06
407 1.4706483064597295e-05
160 5.004991127348562e-06
392 2.0971044331990654e-07
619 1.0580110763347543e-07
263 6.452187363182221e-08
419 3.4776887413856124e-07
275 6.697408307626686e-08
429 3.7218560319853015e-06
42 0.00010061869706239825
544 4.3911169341286856e-05
165 6.283861540969954e-06
413 6.898257072555138e-05
158 4.783054514559676e-06
166 6.453691310241461e-07
202 1.4834248251349942e-05
18 1.3389454735335716e-06
421 2.5958023219443e-08
111 5.223480402154416e-08
639 2.0167037090909158e-07
537 4.4187445160007485e-08
646 2.4467449183166165e-07
262 5.087713856471682e-08
645 3.2492741427127694e-07
264 2.3112233957547327e-07
34 4.4552559894547124e-05
249 8.968205327936028e-07
3 0.0001436340921034294
143 9.908998877572682e-08
651 3.9254338777723314e-07
53 9.270668953078264e-08
351 2.6492968784601174e-08
232 4.550696187363555e-08
254 1.1742949056857798e-07
338 2.419193260705587e-07
50 7.47726247801598e-08
157 1.9130340504885536e-06
439 2.513066614173732e-06
273 1.1597344732331254e-06
647 2.0652402147453578e-07
233 6.727167869138458e-09
337 7.181530074360692e-08
575 1.7762865789568426e-06
0 0.0003012334889414065
163 2.619912344200225e-05
135 1.9549097327138453e-07
57 3.3823041453585197e-06
203 3.323724499038833e-07
535 2.4515586535082865e-06
268 2.881225786720646e-08
159 3.695351274475065e-06
638 1.6909051586410154e-07
388 6.90543735571556e-07
282 4.2410743902804445e-09
112 1.079459849181334e-08
25 3.962952936982327e-07
559 4.072976444766305e-07
561 1.6180093119261068e-07
635 3.634943366018075e-07
633 3.057663597533757e-07
714 2.639337683218433e-06
243 5.815842735473468e-05
185 2.093333253595226e-07
637 2.1832509151099743e-07
175 3.0592811577939057e-07
64 1.5964338497479872e-07
713 5.562317443833214e-08
267 1.339928252369878e-08
536 2.3102115832570964e-07
531 4.7893569383623396e-08
152 4.29189279586485e-06
252 4.239453137048609e-05
434 2.876730109728476e-05
204 9.984089672692538e-08
359 1.1987403635885385e-05
52 8.39095602570898e-07
107 1.963279463942861e-10
465 2.0712922211566324e-08
352 1.911631247228701e-05
632 3.2858948833557005e-07
430 5.697683338756569e-07
507 4.882666696563817e-07
487 3.4754019121847992e-06
522 1.5417556502000644e-08
620 1.1113962043930547e-08
265 7.674253458259091e-08
428 1.6589233795936454e-08
621 1.5260981927384925e-08
455 5.1350402899868485e-05
361 1.0279878975207772e-07
103 2.3109825546990736e-08
533 7.092651256460283e-07
628 1.0137454460413391e-07
530 1.1706943594546378e-06
701 1.6012917174235572e-05
65 3.530106564062707e-06
29 0.00021212071798341694
442 2.0233630618556662e-07
631 2.809414667933023e-07
486 0.0003613746796942852
205 1.690607291370813e-07
529 2.514342939861339e-07
418 1.3806268686028424e-08
261 1.3477916596391658e-08
149 2.1559345859063436e-05
326 2.1717682666114133e-06
484 0.00013057019054677412
629 1.5004671218452074e-07
61 6.347801095601695e-08
679 2.1130472362097603e-06
1 0.00013028172185507744
164 1.7216007504602848e-06
27 1.3397599494071387e-05
630 2.0155888809566938e-07
138 5.5974109352779155e-09
287 5.5424530722931276e-08
524 3.167084854564234e-05
190 8.009283190532766e-07
119 2.293351001431889e-07
566 2.3832324921501578e-05
627 2.793973822281804e-07
140 5.399904480233152e-09
253 3.42794338517303e-07
350 6.153495097012089e-07
626 2.1715081451240027e-07
463 3.800818380740964e-07
379 2.3585907128832403e-05
711 8.949789017509775e-07
177 3.006187586185351e-07
309 1.7192120079856175e-06
239 2.0248993385495543e-08
125 5.3050715192098685e-06
311 1.9694724680185534e-05
23 2.7928794969139295e-07
625 2.2276132547254126e-07
168 4.3621569581741596e-06
173 9.562901491522872e-07
389 7.024158954589424e-07
406 8.601902823953488e-06
63 9.391533532994098e-09
110 1.0962109967436607e-06
238 7.818856553640966e-09
290 1.5254894478613008e-08
349 3.0219379994710004e-08
118 9.965394255300637e-09
313 3.3542140286417464e-05
183 3.1707639495320597e-06
569 1.758530814180693e-06
55 3.664195191957493e-07
68 3.114974323039581e-07
146 8.854049926446061e-10
623 1.445177465344271e-07
595 9.962684894439078e-07
415 2.134282529238478e-08
295 3.670994541806922e-07
568 4.033807922249383e-07
93 6.034302806948057e-08
612 1.0090288121326007e-07
578 8.1335967807359e-05
362 1.1706841828810637e-08
420 1.5931154345166182e-08
66 1.0179171397617726e-09
599 8.15591769538509e-08
62 2.124292949332263e-07
470 2.0375020168377039e-07
8 6.163422058171093e-08
67 6.66276504105272e-08
104 5.211849481785252e-08
371 1.334761099719519e-07
598 8.803959709077741e-08
600 5.032919622873581e-08
681 1.8505763582809183e-08
75 1.7045386273017642e-07
397 3.8917219462415036e-08
622 1.8961561738229745e-07
409 3.595870805782333e-05
548 2.5525253818227324e-05
235 5.325969762772441e-10
348 1.0422761295435818e-09
4 3.3427903952904376e-07
109 7.672714673602635e-07
347 2.9177509908070552e-08
217 1.0256632871688194e-08
669 2.520224647190698e-06
169 3.67494543039918e-06
591 2.4253623359296644e-06
288 1.5416925824036293e-09
710 2.4844942173064855e-06
402 1.873991644978377e-06
443 6.579396284646173e-06
452 1.896728096900643e-07
297 3.3437712665343444e-05
176 3.3023444548388292e-06
184 5.876823862213267e-06
120 9.169670646347475e-06
565 5.870021860804606e-06
682 7.331014376719508e-07
269 3.085303936786416e-06
7 9.594372236631815e-08
90 4.2504725508146895e-08
298 2.04047062584878e-07
603 1.0015440431623365e-05
636 1.3523865858955842e-07
22 2.1778587079133317e-07
462 3.003431071639009e-07
510 6.157365580405787e-07
54 2.2463971239059243e-08
102 1.2505058987035146e-07
260 1.2112549672644367e-08
365 9.31882614571482e-06
526 1.889986947869943e-06
602 7.546238029559526e-08
15 3.573941077181023e-07
89 8.774948929381939e-07
259 2.548062553088529e-07
649 2.6388301518135037e-07
715 9.536251701361918e-08
272 1.9224096609093718e-08
601 4.201252599210327e-08
74 7.476001683629335e-07
472 6.748178823290784e-06
574 8.949045824704411e-05
148 1.844716048557125e-07
182 7.477227769099611e-08
519 2.789400310132705e-07
367 8.446095530743819e-08
242 5.002755127491057e-08
542 5.267430310673617e-07
403 1.3285608598263491e-06
339 6.021344038162745e-10
648 4.5362372545417956e-07
398 5.874675840359447e-07
399 4.537691878343469e-07
122 9.109353795637232e-06
488 8.854156590933302e-05
247 6.22454860491626e-05
283 6.736069229582579e-06
512 1.7793151894473403e-05
527 6.853261894732016e-07
144 5.7193642101864266e-09
456 4.143469781453625e-07
194 1.6638876552582285e-10
274 6.255596378171173e-09
319 9.060247787044507e-08
447 3.0287182228783166e-08
506 5.038895320992171e-06
517 4.997892369538742e-09
457 5.0837186861046916e-09
97 1.969206738806318e-07
270 6.925721148758198e-08
356 2.687456049581516e-06
446 7.97201170077743e-05
14 3.6129134019966123e-08
133 3.3209118452535545e-09
78 1.6599702912600396e-07
458 1.215545302737075e-07
520 5.857696734523097e-07
665 1.4730032673992648e-05
82 4.417711982822592e-07
101 2.8665993455427422e-08
209 3.574778976420706e-08
609 1.236104573385107e-05
616 2.944011277070817e-07
641 1.2138207401937436e-05
99 4.779000675311745e-08
13 1.4273645078719452e-07
137 6.1616591546691266e-09
151 9.91876787427179e-07
198 6.2728300809480715e-09
218 8.644975016129975e-09
241 5.2297455335274e-08
345 1.6527252772727873e-08
449 1.385633589461746e-06
541 2.2496206288840546e-08
134 2.8965969673335432e-09
208 2.9148301077837614e-07
216 1.3598733780925212e-07
271 4.066856653821983e-08
605 1.1842501170035874e-07
2 6.739807087780041e-08
26 2.0591122853256183e-07
79 9.707445029616031e-08
121 8.562672468207274e-09
132 1.0626265300398746e-07
150 3.6667581099299596e-09
197 1.8596554598340496e-07
210 2.036384583367648e-08
256 1.1775546485466272e-06
291 8.691211654276879e-08
301 4.940125313778844e-08
310 1.560262233529601e-08
344 3.0007482931589884e-08
346 1.0076079888269888e-08
436 4.640492544354177e-07
438 1.5226116017163943e-06
448 3.724045624658523e-08
540 2.2125063959526748e-07
610 2.107811065429916e-07
615 2.8297986687451366e-07
687 2.2365639449280004e-07
226 1.1195968877803114e-06
83 5.844813079447418e-10
108 1.080555587477549e-09
459 1.7067553603963543e-08
516 3.1612849406749876e-06
606 5.338085991209062e-07
614 3.971830826520356e-07
124 2.7297948094875714e-06
276 1.171342193322769e-06
370 3.375465072847566e-05
515 1.1089140432058538e-05
91 2.1083876782122912e-07
479 3.831672687977155e-08
105 5.647298513523649e-06
207 2.447915387124241e-07
363 2.9151674366447733e-05
492 5.707205208716111e-07
511 4.916519493439771e-07
563 6.779850580327679e-08
719 2.6200896429169635e-08
76 1.4006429405684213e-08
106 2.4073670093057248e-06
244 4.453497137662509e-07
303 2.1724977291026522e-08
328 1.1555494609327349e-05
404 5.694160962593376e-08
513 1.1964448883065447e-06
528 6.736217390042287e-06
77 1.9895817117283103e-08
126 4.132731501080187e-08
156 9.69542856380401e-08
193 3.4070530574681564e-08
215 3.536485585046443e-09
240 3.096817102982614e-10
387 6.802309680246659e-07
394 8.946071402172271e-09
451 2.9883533587083847e-06
453 1.0998850910162253e-07
461 6.258444350018421e-07
709 3.344910720117986e-10
375 3.4704088914560794e-06
431 6.553707649072359e-06
286 3.186911429582415e-06
405 9.341711637201628e-05
525 4.567973859287644e-07
551 7.510284575676552e-07
597 1.2438644352011743e-06
127 2.4124115882823917e-07
155 2.6846017252519166e-05
161 4.4719397168527955e-05
214 7.521560901426511e-08
316 2.8288446004211663e-07
400 9.843710975451333e-09
699 7.491984172034747e-08
