20 3.8790228374993736e-06
30 1.6966843047023528e-05
43 1.826045553449112e-06
51 3.904112960880294e-06
88 4.5270015041561115e-05
96 3.546493853284065e-05
178 5.457675902302832e-07
227 1.6676639065560097e-06
236 4.129148469998135e-07
248 1.8407879780738854e-06
293 3.6465756691691945e-06
299 8.005531550062485e-07
318 1.0796323705965973e-05
331 3.943072693833746e-06
333 7.048752392211104e-08
335 3.850503600869983e-06
340 3.3020581057420385e-05
355 9.076754803213565e-06
373 1.0247863977978407e-06
378 2.068843113310167e-06
464 4.834854050316196e-06
468 1.6433270280449826e-05
494 1.1326888753046804e-05
560 4.754754758529374e-06
576 6.935216413859314e-06
579 1.0942724046231421e-06
583 1.2292104806211283e-05
586 3.5409805129663466e-05
604 4.504289421029697e-06
650 4.709340739759523e-06
656 2.055627823435996e-06
660 6.20374988169895e-05
673 5.516556913743879e-06
677 7.25465794854627e-06
685 2.610651801463618e-06
690 3.9468399207128985e-06
700 2.21328641437213e-06
716 6.998106182153963e-07
31 6.038128866149523e-07
56 7.19536638282556e-07
94 1.8847636384861024e-06
130 1.0668282551803835e-06
170 4.993611119753024e-06
186 3.22188862184286e-06
222 1.755338170485382e-06
237 2.248225546773379e-06
327 2.2025158399954377e-05
336 1.4701086853772405e-06
416 3.7633374624194873e-06
467 4.9765121543521506e-05
469 1.5872324387567785e-05
473 5.4834404267644555e-06
490 1.086178162411858e-05
509 8.254340993093365e-06
546 1.5063422188128045e-06
580 3.0554259402217635e-06
585 3.5398610319914965e-06
589 1.1663026679573364e-05
634 5.73163509976721e-07
654 7.00134204269525e-05
671 8.719988558698256e-06
678 2.3785570982886718e-06
688 2.717957366725036e-07
697 3.65759337792907e-06
703 3.9281333555204955e-06
320 5.12326739399941e-07
314 1.0566980963153627e-05
521 6.417379088859975e-06
