224 1.4075190302715792e-05
283 6.371689793531762e-06
297 3.074119485550365e-05
446 8.89686347477361e-05
539 6.95409544396558e-07
30 2.5425173677855705e-05
80 6.325287224003011e-06
120 9.787825216411968e-06
128 3.1728280015604844e-06
276 1.8551796146558788e-06
472 7.5975895665676175e-06
515 1.7967567913570262e-05
565 7.075141793100013e-06
5 6.5610717279504e-05
36 7.672776621187912e-06
40 6.503544229498609e-06
124 3.578064558158397e-06
143 1.421415384961695e-07
251 2.201461368424714e-05
302 1.7774201023481053e-06
304 3.0507161407649385e-06
312 3.6786565510386494e-05
342 9.166928807804312e-06
412 1.2350059452047967e-05
435 1.0243751392359665e-06
488 9.065395735117612e-05
533 8.728136915756664e-07
591 3.0468147816131205e-06
593 1.066365746877125e-05
669 2.9428686131836492e-06
675 3.649842498788476e-05
701 1.594727515626542e-05
25 5.23257882941238e-07
32 9.321777657460082e-06
44 5.034636034036436e-06
47 7.832057897197987e-06
116 9.671871246117385e-07
117 2.0823235500667153e-06
123 4.694331436036319e-06
176 3.424872025043965e-06
192 1.5116158694262648e-05
247 4.8815807190503334e-05
258 6.441903044094623e-05
300 2.6537175901278135e-05
315 8.73295039568036e-06
332 2.3764038157711675e-05
356 2.774549498314051e-06
370 3.0708364749524636e-05
375 4.561071642013001e-06
431 8.784389256985849e-06
485 0.00014716569001590847
486 0.0003587899381180531
500 6.224466159440939e-06
502 1.2598031593598508e-05
503 4.3617642039895207e-05
512 2.1896542160901367e-05
549 0.00014911898339119907
574 9.501447717244032e-05
665 1.334800759383643e-05
666 7.402176157498466e-06
679 1.7921126431947614e-06
682 9.679727458367809e-07
695 2.268017096687424e-06
35 1.7411727790355428e-06
48 7.342287098234142e-06
57 1.6984201122701432e-06
91 6.998122199216071e-07
92 4.7265796043779974e-07
97 5.295579789333729e-07
105 5.9595888715693404e-06
131 1.273655958785853e-06
135 2.6912655566600244e-07
149 2.048848590244034e-05
152 5.545584150211763e-06
166 7.524197394967955e-07
183 3.581568253040759e-06
191 5.7575681811661415e-06
203 6.122636302340526e-07
226 1.311812018944145e-06
230 4.058713439694527e-06
244 6.10058253582651e-07
246 5.561638411837908e-07
252 4.191554616720748e-05
269 3.469246187530783e-06
278 1.2815063197419303e-07
286 4.128720659243981e-06
298 4.448304189352292e-07
328 1.4873306764837699e-05
352 1.883878254799573e-05
357 3.98956560891905e-06
359 1.3441645022389996e-05
362 2.1531208922878672e-08
379 2.420233083651607e-05
405 9.128606635842341e-05
409 3.714461114943151e-05
413 6.532468019191232e-05
420 3.929854901904371e-08
481 0.0001760077205296813
497 8.63266806152112e-05
513 1.9836836220592837e-06
525 1.2443094001219394e-06
528 7.393747053674789e-06
542 8.941911892270397e-07
548 2.5359524817652524e-05
554 1.4496148372593278e-05
562 2.8761920762941083e-05
566 2.3860027280661883e-05
569 1.985114804364847e-06
575 2.208435210654485e-06
607 0.00016509292816039968
641 1.4947278582635533e-05
659 4.248846591750702e-05
715 4.018721509884451e-07
3 0.00017692177714767455
13 1.4484892862335455e-07
18 1.8136780948184446e-06
53 1.3616113821736297e-07
54 8.133080710622298e-08
55 6.982086341373108e-07
61 2.3126598183860927e-07
66 1.0566932809277062e-08
83 8.66442208506262e-09
87 0.00017604968330250083
90 2.6753314470304813e-07
95 3.15932491593136e-07
98 3.194044558201573e-07
100 2.2235821357193205e-08
102 3.627709853487631e-07
103 1.9934359691492825e-07
104 1.2827060355810142e-07
106 2.4130377458797636e-06
107 7.487181513407487e-09
108 3.798656488308422e-08
110 1.291544147519754e-06
133 9.929301574290921e-09
134 1.0444365084777703e-08
144 2.2092845643479007e-08
148 2.248248232183679e-07
154 1.5207530485096653e-06
161 5.159031118349539e-05
165 6.285358634130377e-06
202 1.6941955569533558e-05
205 1.8738554860188495e-07
207 4.58870058384205e-07
208 3.3853770449963217e-07
210 7.564367455707228e-08
212 1.8897322146765943e-07
213 1.139370548389879e-07
217 1.1490225904721772e-07
218 6.781794157898693e-09
220 6.977766709120868e-07
232 3.703299738898527e-08
233 3.121271289953553e-08
235 2.5761969574765032e-08
238 3.7483879470079765e-08
239 3.9515542489890353e-08
241 6.758709398978695e-08
242 3.30864627323257e-08
243 5.159534523307569e-05
262 7.626937808804725e-08
264 2.1800590294504516e-07
265 2.63743693871142e-07
266 2.182113891086426e-07
267 7.205530563355826e-08
270 1.4370367117711914e-07
271 1.3287899152105777e-07
272 2.1114724662455963e-07
274 1.231813837878033e-07
275 8.471334649924839e-08
281 3.5971129910964845e-07
282 8.527355872203889e-08
337 1.010570872869216e-07
339 8.808997077155709e-10
346 3.9265752026743453e-08
348 1.0771170574959647e-08
349 1.1848320672807665e-07
350 8.1597937173769e-07
351 1.559773582179857e-08
361 2.255668483882204e-07
363 2.5108307849345876e-05
365 1.1594482765767755e-05
368 1.019275592588533e-09
389 1.2938094420358337e-06
395 1.0488246001288737e-08
406 1.0503441060725565e-05
454 3.6090546071923216e-07
459 5.8675992340081385e-08
506 5.602907681017033e-06
507 8.045358361787033e-07
511 1.0089101712403409e-06
516 3.2626579442689906e-06
519 2.719207109980947e-07
520 7.065060502937334e-07
522 3.995021569304677e-07
526 3.159230061407264e-06
527 1.2189149867585183e-06
529 5.828078786994063e-07
530 1.7795683907816011e-06
531 2.6920040958235877e-07
534 2.600086079543332e-07
536 1.0151708275888228e-06
537 3.1846985051081196e-07
540 3.103064728763699e-07
597 1.9012073092349587e-06
598 2.828280242623131e-07
606 6.93473344588475e-07
611 1.6250413495335906e-06
614 3.29702572644967e-07
626 4.835800402248627e-07
627 6.686694853473946e-07
648 5.738286042445884e-07
687 1.8790526191064209e-07
719 4.395346769354564e-08
0 0.00026723810312750387
1 0.00012771707952862255
2 1.0385689185276216e-07
4 2.920712692785821e-07
6 4.725879485394977e-06
7 3.050524175280129e-07
8 3.2987830405728725e-07
10 0.000177390098190267
11 1.45262928963436e-05
12 1.1646061035650162e-05
14 1.2924985063291642e-07
15 4.18253612397336e-07
16 2.715814568155147e-07
17 8.676543849766268e-06
19 4.8344819443158185e-06
21 1.074602481083913e-05
22 2.8838891305394184e-07
23 1.2497203937286022e-07
24 2.897947670767483e-07
26 1.6717348589823002e-07
27 1.4697148559591764e-05
28 3.8980652487934095e-05
29 0.0002122689152926071
33 3.104525377185363e-05
34 4.323463340772577e-05
37 3.232967253623955e-05
38 5.192746225517038e-05
39 6.2588340824018365e-06
41 3.100707915142493e-05
42 0.00010108109934335883
45 3.220139207346359e-08
50 1.0052857729577403e-08
52 5.270939716846388e-07
58 4.7413784398097405e-07
59 3.85580523779618e-06
60 7.67795813511825e-07
62 2.4885852252276375e-07
63 7.169019251249625e-08
64 2.1462521171188514e-07
65 2.7166400229210247e-06
67 2.1642656288923452e-07
68 3.968707738162036e-08
69 1.8520917211834454e-05
70 2.985623464222587e-07
71 1.3269865512919567e-07
72 2.3608993477385027e-07
73 5.4868068685615515e-05
74 4.005649447021408e-07
75 2.1109010203856773e-07
76 2.519763950519335e-08
77 2.519763950519312e-08
78 2.2618836540308277e-07
79 1.6049190344594238e-07
81 2.4304932529217553e-07
82 1.2593506141733158e-07
84 2.971611650871039e-07
85 9.556574522261055e-08
86 8.818977512355614e-08
89 5.676284608839709e-07
93 1.207206019213178e-07
99 7.845372007133518e-08
101 3.4700546161556905e-08
109 7.672111919516829e-07
111 4.2819366301829244e-08
112 1.764694076088732e-08
113 5.160614823055791e-06
114 3.1534904724893815e-06
115 9.904688505147315e-06
118 1.6614759143760036e-08
119 2.1526589203979194e-07
121 2.387116941007926e-08
125 5.310718865104654e-06
126 3.7447452283779056e-08
127 2.2033006780172038e-07
132 7.253145745683763e-08
136 3.5512349290660473e-06
137 5.447435019994161e-09
138 8.710102326572343e-09
139 4.4540191609495416e-07
140 3.28570270058601e-09
142 1.813862870628649e-09
145 1.2099062150835057e-05
146 5.730941281845957e-10
150 1.587710897319744e-08
151 6.710198190904065e-07
153 0.0001238780465024563
155 2.8584916418932513e-05
156 1.0336472020089525e-07
157 1.8265883649594032e-06
158 4.44353420353721e-06
159 3.7573934905306773e-06
160 4.611254732816883e-06
162 2.4436357628990765e-06
163 2.682230844441564e-05
164 1.9649341341681127e-06
167 7.295819523024957e-07
168 4.299557472033648e-06
169 3.7843165675262103e-06
172 1.3011220203794877e-05
173 1.5047875338435419e-06
174 6.928191191663114e-07
175 2.550436657081432e-07
177 2.699154917821533e-07
179 1.8159511889362709e-06
180 1.8089476370610624e-08
181 8.011355496192465e-08
182 4.887223665934378e-08
185 1.4855999562450057e-07
187 2.497982837503733e-06
188 3.0235333270550745e-05
189 1.0457417982557138e-07
190 9.08165925826085e-07
193 4.301626225622759e-08
194 2.9345693066495808e-09
195 4.675707079670835e-08
196 7.499121606688654e-06
197 1.6818262902471083e-07
198 4.768136411316995e-08
199 1.6180504714447575e-06
200 2.8209276955371985e-08
201 4.982174198088931e-06
204 5.027601396997393e-08
206 2.9315288281950304e-06
209 7.222916726294433e-08
211 7.177670461690218e-06
214 6.942682440878931e-08
215 1.9689234915931824e-09
216 1.1926454504667373e-07
219 1.3979535289088885e-05
221 7.56443890164564e-05
223 1.0123829771869309e-05
225 4.33713183785226e-05
228 8.075759984584814e-06
231 4.5136901263963975e-06
234 2.8537975328639567e-06
240 8.779184171986976e-10
245 3.571525831533652e-05
249 1.1194011330182127e-06
250 2.4822544493915666e-06
253 4.5381512614436784e-07
254 6.430911216461583e-08
255 5.9710830455928e-06
256 1.4476390507027753e-06
257 2.636018108550415e-06
259 2.759158180462851e-07
260 6.112784220038006e-08
261 2.3452704060235944e-08
263 4.5722064100686546e-08
268 3.578668742207951e-08
273 1.126167653961094e-06
277 1.7842295080492067e-05
279 1.2129252592556216e-07
280 9.914330540472702e-08
284 3.4640374242428295e-06
285 7.720246843485751e-06
287 7.031673109995837e-08
288 3.233204785657132e-09
289 2.427558807366998e-05
290 3.150775308389891e-08
291 7.33262391920485e-08
292 7.406361189533521e-06
294 5.5132456741727e-08
295 2.920927615149943e-07
296 6.863858772779614e-06
301 4.540616158307218e-08
303 4.303454901316065e-08
305 6.747752873244613e-06
306 3.199662473211093e-06
307 1.994465153146977e-07
308 9.348854951764718e-05
309 1.3583371340366187e-06
310 1.5138552980326542e-07
311 1.6811023289703054e-05
313 3.8194069479560716e-05
316 3.743845781321548e-07
317 2.3359181078521807e-05
319 2.477906974052127e-07
321 9.475841496349724e-06
322 6.81328982238006e-06
324 2.716019460316438e-05
325 2.242321882414929e-05
326 2.288010696951553e-06
329 2.531140477516057e-05
330 4.919576935860114e-06
338 1.8004552259699995e-07
341 6.342414723100999e-06
344 2.6775473441158044e-08
345 3.4810086883290225e-08
347 4.8862803548122596e-08
354 5.1085023460427185e-06
358 2.2156571402819892e-05
360 5.1570459802325544e-05
364 2.0722225823817683e-05
366 9.261699381960023e-06
367 9.663055127814364e-08
369 2.943665599492212e-07
371 2.1180976222636932e-07
372 6.680781323536196e-05
374 4.126209744694441e-06
376 5.473772321550568e-05
377 3.0963762041941927e-06
380 8.440413990765055e-06
381 2.173230832932749e-06
382 7.884570421120793e-07
383 5.094760443908525e-07
384 6.778505757961358e-06
385 1.1324522055196506e-07
386 6.609080775227265e-08
387 7.134455820180786e-07
388 3.3943725390158236e-07
390 1.069387114710393e-05
391 4.5440463933863835e-06
392 2.304747422998298e-07
393 3.1256036556559423e-06
394 5.959066164818362e-09
396 2.0753739020636863e-06
397 2.6812026172622397e-08
398 5.655442001131835e-07
399 3.7298876149226194e-07
400 3.861269590144177e-09
401 1.6663420380738607e-06
402 1.6088525982316791e-06
403 1.1569256058024865e-06
404 5.837722140898479e-08
407 1.2031621576921092e-05
408 5.657702214213876e-06
410 1.0724829806354265e-06
411 8.907108351458434e-06
414 2.5331738730190164e-05
415 1.4162497490801366e-08
417 1.2431094722212133e-06
418 2.186780935822577e-09
419 3.53686725288198e-07
421 1.3197715833534477e-08
422 5.141606561633289e-09
423 2.385263466974257e-06
424 7.437332927415081e-09
425 1.0344893095753935e-08
426 8.223705134320146e-06
427 8.29596560309251e-09
428 1.488325238351958e-08
429 3.470212522624675e-06
430 2.0137274303688178e-07
432 5.851333666299434e-06
433 4.288104771565046e-07
434 2.286938157371435e-05
436 3.067321887980311e-07
437 1.2702967401370587e-07
438 1.7419846471479429e-06
439 2.9165986960057913e-06
441 1.3667015376229344e-05
442 2.3943101082688566e-07
443 6.280298513412437e-06
445 1.3169488456165069e-06
447 2.7761496931907147e-07
448 2.209908784304547e-07
449 1.6673833296712976e-06
450 1.0338238966841442e-05
451 2.693259504806458e-06
452 2.470117621619969e-07
453 1.529198279884208e-07
455 5.129778026772089e-05
456 2.7339565801200407e-07
457 3.187773496531932e-09
458 1.4804381496023195e-07
460 5.5846542409759515e-06
461 6.503906908888932e-07
462 4.926729770148099e-07
463 3.209513476945083e-07
465 1.1741309218961814e-07
466 1.4882328540326917e-07
470 1.1689641120162399e-07
471 2.950827299937731e-05
474 1.0033541679578477e-07
475 1.5883666742189803e-05
476 1.001043769425265e-07
477 1.146660878830303e-07
478 1.7542622497748643e-05
479 5.630069350212846e-09
480 9.324584097693306e-05
482 1.4311318764151292e-05
483 2.0672491146625846e-05
484 0.0001227222750422707
487 9.58284969355183e-06
489 0.00036948134378685186
491 0.00010255593886153224
492 6.569596248054637e-07
493 1.018776256002409e-05
496 9.594064244832664e-06
498 2.5529178737067267e-05
499 0.0005070405284505073
501 0.00011636430843175541
504 4.328030065178021e-06
508 2.4506860232531264e-05
510 6.37885537215293e-07
514 5.600838619676496e-06
517 1.8775496552350275e-08
518 1.8912731384069445e-05
523 2.597542127460065e-05
524 3.1898298760641814e-05
532 3.591221045410596e-07
535 2.1778463056093876e-06
538 2.925787124431548e-05
541 1.3843271482217168e-07
544 4.362472764679772e-05
545 3.900630342654936e-06
547 9.465345284154479e-06
550 2.146444322215565e-05
551 8.832007830325002e-07
552 3.2777543480419148e-06
553 1.4624403730324284e-05
556 7.833867999378698e-06
557 2.5813313465740823e-06
558 5.4550399899709754e-06
559 6.531362572580664e-07
561 1.8457021791566605e-07
563 9.926970192739314e-08
564 3.442478256617834e-05
567 2.294772977665395e-05
568 3.9766356898833197e-07
570 2.1860295326580674e-06
572 1.138245493542266e-06
573 5.0374653716928946e-05
577 5.89963138927816e-06
581 4.363938105157444e-06
582 3.711742204064127e-05
584 4.8635032641989885e-06
587 2.5575176337179333e-05
588 3.949924459382261e-06
590 1.1691482134912715e-05
595 1.4166918296090021e-06
596 5.284253741951281e-06
599 2.8539941328607997e-07
600 3.9027254649439284e-07
601 2.6552327068207494e-07
602 3.6340833165101934e-07
603 1.041614437653322e-05
605 2.3150057465225845e-07
608 1.532025086165078e-06
609 1.1512908467524915e-05
610 3.2570717121393334e-07
612 2.585391535537001e-07
613 3.239642421779466e-05
615 3.32344666294258e-07
616 2.795217083017043e-07
617 4.3318070207733265e-07
618 2.7856129911300264e-07
619 3.7501598550860107e-07
620 3.112967310056079e-07
621 2.2396718795759963e-07
622 2.260633898740627e-07
623 3.6756610140402163e-07
624 5.60010700090218e-06
625 3.492224368950789e-07
628 1.5438967416015654e-07
629 2.416841132837848e-07
630 3.8244484997281076e-07
631 2.545155618655341e-07
632 4.92937039386083e-07
633 2.66138112969591e-07
635 2.5184896244908746e-07
636 3.06893911923572e-07
637 3.036091336526017e-07
638 2.4603450622024215e-07
639 2.522075690337445e-07
640 3.04782597003391e-07
642 1.904525584604678e-07
643 1.480001950305434e-07
644 4.739677318604814e-07
645 3.2620232239318645e-07
646 2.8059407865146296e-07
647 2.8371414335479445e-07
649 6.174872108328946e-07
651 2.6680722903279076e-07
652 6.332453967652443e-07
653 9.670702696731128e-06
655 7.036195857708004e-05
657 2.7587522388810752e-05
658 6.524911030753282e-06
661 2.250841885613638e-05
663 1.7671605440364056e-05
664 4.241989598448752e-06
667 1.3275493354261807e-05
668 2.431921104069431e-05
670 3.697341502512673e-05
672 0.00010601495050672211
674 1.1129738580482828e-05
676 1.760014475070278e-05
680 4.549342896720227e-06
681 1.302132486486376e-07
683 3.1439678657040988e-06
684 2.9042787105683154e-06
686 4.179411298681022e-06
689 1.0979845292306655e-05
691 1.1906030100375958e-05
692 2.535215312671691e-06
694 1.192774420156839e-06
696 1.901042087396953e-05
698 4.195862075560881e-06
699 4.137793090951308e-08
705 5.9667567623005e-06
706 4.114191703722266e-06
707 2.7231442116563084e-06
708 1.472937746460738e-06
709 1.1661966705945795e-10
710 2.3334084024387747e-06
711 1.6936834671488074e-07
712 1.4587853776968157e-07
713 2.3508061489999544e-07
714 3.0247465563365473e-06
717 2.4263129872579763e-06
718 7.094332853546197e-10
720 2.6107415858154086e-08
