9 2.7755308574165993e-05
20 3.553751886233288e-06
31 9.773403897731524e-07
43 1.703339437212399e-06
46 4.724489593906636e-05
49 2.258046634564153e-06
51 7.16272734544731e-06
56 6.94281459778727e-07
88 4.547088857635798e-05
94 2.3150947660601545e-06
96 3.340052426848433e-05
122 9.369129770035581e-06
129 3.7523888980059348e-06
130 1.5845556531313905e-06
141 3.9998406522974745e-06
147 5.003939316180447e-07
170 5.913447979019901e-06
171 3.4277289180416214e-06
178 5.860808949271701e-07
184 4.418037741312393e-06
186 4.49960095768005e-06
222 1.901214876518212e-06
227 1.2568632841825464e-06
229 3.828439301928088e-07
236 6.885889550625323e-07
237 2.1542077748986186e-06
248 1.380580849977249e-06
293 3.7025759354621217e-06
299 5.033287612257796e-07
314 8.70561525184797e-06
318 1.6138407752998226e-05
320 4.5887320262928174e-07
323 1.4969611451807774e-06
327 1.8425801246466633e-05
331 5.186055565629061e-06
333 1.7519190283846956e-07
334 9.015696732248156e-06
335 6.038346575448912e-06
336 1.646570769954849e-06
340 3.320617335062454e-05
343 1.2959004325965934e-05
353 3.305565647759727e-06
355 7.697251788012985e-06
373 8.406221885891244e-07
378 2.7802736385968984e-06
416 4.315516985183043e-06
440 8.35310446008437e-06
444 3.135905653775587e-05
464 4.2772679490403325e-06
467 6.290306811415255e-05
468 1.894825063868388e-05
469 2.545107082602436e-05
473 8.83256527256658e-06
490 1.2004326353675653e-05
494 1.0771083212644853e-05
495 4.05946652960928e-05
505 6.729557660428771e-05
509 1.0176257801914857e-05
521 5.720737542416456e-06
543 2.369630807250832e-05
546 2.730060202922535e-06
555 4.982703471723498e-06
560 3.7813596632738197e-06
571 1.0367057490258603e-06
576 6.1302198245927995e-06
578 7.562867987904084e-05
579 1.760491959593205e-06
580 5.656070952590303e-06
583 1.0394797804579648e-05
585 2.3194763359167076e-06
586 4.018381950850366e-05
589 1.2278906081738605e-05
592 1.0253590132589542e-05
594 1.0785477552868809e-05
604 4.020515576688124e-06
634 5.41580756070222e-07
650 7.757221218185721e-06
654 6.946954307351298e-05
656 2.1456782758775445e-06
660 6.007767981242882e-05
662 2.8331332640475837e-05
671 1.003349787102679e-05
673 4.040921685731848e-06
677 5.776710952190673e-06
678 4.019966788622026e-06
685 2.89192922297703e-06
688 4.298817301105502e-07
690 6.542124882459637e-06
693 4.740762924856524e-06
697 1.465093825115492e-06
700 2.1603156596762428e-06
702 2.654710355503977e-06
703 2.490686232803402e-06
704 5.01874598299364e-06
716 5.713813042436194e-07
