0 0.0002868919696575134
1 0.00011848203030960272
2 1.518236740884969e-07
3 0.00012541851771008422
4 5.061357345984544e-07
7 4.0202951730218155e-07
8 4.194533225798428e-07
13 1.4608695529964418e-07
14 1.5337375424772957e-07
15 6.465885978711475e-07
21 5.99122489210636e-06
22 4.67120051830985e-07
23 2.795750446131719e-07
24 4.58893520520565e-07
26 3.6152467889482996e-07
29 0.0001758354845018995
34 2.479743229750233e-05
35 1.2621231107189776e-06
41 2.4545065789252196e-05
42 6.304025669163925e-05
45 3.8225877043506204e-08
46 3.523946175373541e-05
47 5.260176248949375e-06
48 4.122935516576135e-06
50 1.9603629837275563e-08
52 1.0994605146003445e-06
53 8.123104913259945e-08
54 8.368071032019165e-08
55 6.11874474914306e-07
57 3.5425573794619623e-06
61 6.915135383481176e-08
62 3.0660394912451743e-07
63 1.1854254217948371e-07
64 2.4262153363915395e-07
66 4.04277229879505e-09
67 3.666577981210952e-07
68 1.4939419084641244e-07
71 2.194874994115149e-07
75 5.067435891520653e-07
76 4.103802997392866e-08
77 4.103802997392876e-08
78 4.7563142178230946e-07
79 2.4443359600431144e-07
82 2.8065755475733305e-07
83 4.749210626570799e-09
85 5.593117101777612e-07
90 8.865124130225081e-08
92 1.4853560505567447e-07
93 1.7648895645324554e-07
95 4.516618601018445e-08
97 1.3654388569844737e-07
98 6.241420605879905e-08
99 9.776207651671708e-08
100 3.318092322680287e-09
101 4.8236390718227275e-08
102 1.3867913839884777e-07
103 3.235781219544168e-08
104 1.0308068735248262e-07
106 2.5641887796717547e-06
107 7.99522001595079e-09
108 1.0283209971399209e-08
109 8.573324958499042e-07
110 1.111931684199693e-06
111 3.469942772819455e-08
112 6.2938321474412105e-09
118 1.6882589474951462e-08
119 2.667938958362156e-07
121 4.415979751298774e-08
126 6.042751875146856e-08
127 2.1568351087248368e-07
132 1.0219524846270739e-07
133 2.0704570764912795e-09
134 8.261590263467596e-09
137 3.5867009742984747e-09
138 7.524190832583627e-09
140 4.726370078743936e-10
142 2.777666158772827e-09
144 5.235034990080625e-10
145 8.75442283394518e-06
146 8.262794089847825e-11
148 1.237932460917285e-07
149 1.0877919180196402e-05
150 2.686035530484105e-08
156 1.8949324204006042e-07
157 1.7163112477641002e-06
158 2.0048017487663855e-06
160 2.5477268288085964e-06
165 2.881351016123155e-06
166 7.19695878885615e-07
170 5.540815566424069e-06
172 1.150768289001365e-05
173 1.000365797794309e-06
174 9.385804654421855e-07
175 2.7861416502842537e-07
180 2.4625946228367684e-08
181 7.454122082103116e-08
182 8.45962326933403e-09
185 1.1234525874108849e-07
190 8.157791505840222e-07
193 9.638813458719508e-09
194 3.0214758943029624e-09
195 5.281774324749455e-08
197 1.8180430953459096e-07
198 7.840749794116773e-08
200 4.264345657817655e-08
203 2.3453721896177463e-07
204 8.612431105986805e-08
205 2.2395807104428597e-07
207 2.2012029782241482e-07
208 2.2305590937036941e-07
209 1.2446283646981125e-07
210 5.0432117733276706e-08
212 6.887277936669887e-08
213 4.9275779304870606e-08
214 8.048811650159577e-08
215 4.0192075059152375e-09
216 1.3309721639673925e-07
217 5.219504178747673e-08
218 4.126062207442731e-09
220 5.259461748562857e-07
232 2.8531956392971284e-08
233 1.2635394261289683e-08
235 1.7866593073978507e-08
238 2.544205290381164e-08
239 2.6749878126693043e-08
240 2.361359435995867e-09
241 5.393595252655888e-08
242 1.0646552082143959e-08
247 4.363436216721543e-05
254 8.973094315436746e-08
256 1.3150470303485753e-06
259 3.227654758518932e-07
260 8.993060625905407e-08
261 2.6445024229310093e-08
262 7.669767835664841e-08
263 7.966349059349303e-08
264 1.9809138036221469e-07
265 7.95725183428805e-08
266 5.224241629595904e-08
267 2.426557782715341e-08
268 5.526147554000755e-08
270 7.178016752334494e-08
271 3.17591003077615e-08
272 5.674974429161455e-08
273 1.7144935020785288e-06
274 4.566662761303986e-08
275 6.668282137435198e-08
278 8.951776777581762e-09
279 1.7928477430344871e-07
280 1.495818862043436e-07
281 1.5790392854036428e-07
282 6.499949805753154e-08
283 5.326239510790799e-06
286 3.415164776020472e-06
287 1.1428633502414312e-07
288 4.7630527772631646e-09
290 5.3876645098078325e-08
291 4.864659039711034e-08
294 5.9594197088662946e-08
295 3.0386768857895767e-07
298 2.533389483734222e-07
301 7.67480239179434e-08
303 6.998844355347401e-08
307 2.3654623516896344e-07
309 1.94573173025375e-06
310 1.8721872517150317e-07
316 3.411990397325941e-07
319 4.25120287178602e-07
337 6.775915957757243e-08
338 1.8177458732741414e-07
339 7.00890307017253e-11
344 3.127846234415762e-08
345 4.4616742699318646e-08
346 3.4701655175719885e-08
347 7.091963291105293e-08
348 2.9761110255570196e-09
349 4.807550229785018e-08
351 1.3747154011706177e-08
352 2.0452660889485804e-05
361 1.1002622959750875e-07
362 1.3010241333770594e-08
365 1.0099037172064007e-05
367 7.130337737190701e-08
368 1.0750827922152208e-10
369 3.4751292302553633e-07
371 1.05998429636041e-07
379 1.842734809102716e-05
382 8.358287465068043e-07
383 5.350265658177044e-07
384 7.70460330966349e-06
385 2.0185713949553654e-07
386 1.1940871988878275e-07
387 8.307409495695495e-07
388 6.43393589853403e-07
389 6.465156038691865e-07
391 1.0183147563912843e-05
392 2.7599126370975077e-07
394 6.7857451517937786e-09
395 1.2011229053535884e-09
397 3.9180766954618e-08
398 5.216064633940758e-07
399 4.487443051475664e-07
400 5.612718944469979e-09
401 1.8449703983026365e-06
402 3.40922266838696e-06
403 1.3123910106306992e-06
404 1.0310954498804826e-07
410 2.3019788587716473e-06
411 4.932887807220342e-06
415 2.0832652619113345e-08
418 7.818479750199246e-10
420 9.422289817918707e-09
421 2.8326527373937035e-09
422 5.883561410125008e-09
424 3.885384049777293e-09
425 2.2415587890039352e-09
427 9.47865941101649e-10
428 3.185995068395601e-09
430 3.564992923356634e-07
433 6.773799261617803e-07
436 3.281986968091485e-07
437 2.2597298196325592e-07
438 3.951713228930984e-06
439 2.872069991917117e-06
442 3.822482296054808e-07
443 6.405175445728569e-06
447 3.544917360767751e-07
448 3.705201418361036e-07
451 3.2345654301193873e-06
452 3.728545489688437e-07
453 3.1150869137749207e-07
454 3.8022828615827974e-07
457 3.567783699131186e-09
458 3.072428803460562e-07
459 5.807170193991822e-08
461 9.643531673934668e-07
462 4.144755883593423e-07
463 3.1381898171866976e-07
465 1.4694530206421402e-07
470 2.564746758771326e-07
474 1.7046634533779552e-07
476 2.3607065933555264e-07
477 7.25167020668214e-08
479 3.242534690440748e-09
480 9.115172906277599e-05
484 0.00010129854088949754
487 3.761933585941108e-06
492 1.6711349140746623e-06
500 5.59042130834705e-06
502 8.789862945849632e-06
503 4.302688687451733e-05
506 7.193775834950823e-06
507 8.217834744712574e-07
510 6.997042842980159e-07
511 5.249935040399798e-07
516 3.717359386252361e-06
517 2.5146425405788324e-08
519 1.7482732657596046e-07
520 3.3733235829318134e-07
522 2.9912331432036146e-07
525 4.788240682707553e-07
526 2.7670297683449558e-06
527 9.862124984528992e-07
529 4.2974141934654394e-07
530 1.2629918411140887e-06
531 1.1044592503414828e-07
532 7.232800044549577e-07
534 2.2324407204085264e-07
536 5.890991665242977e-07
537 3.558933974920563e-07
540 3.8857446711929553e-07
541 1.8131682980501455e-07
542 3.414132885339028e-07
544 3.739919209935256e-05
551 1.2994001189887494e-06
563 1.5065274763174843e-07
564 1.932586983085606e-05
575 1.7878007307653755e-06
593 9.965870195942523e-06
594 1.0582030133205587e-05
597 1.4271599181502653e-06
598 2.5765341669009626e-07
599 3.7630363372060645e-07
600 2.1853910247467736e-07
601 3.0541217345963706e-07
602 2.7554867079875963e-07
603 7.56913133563215e-06
605 3.852948864834825e-07
606 4.686399667239481e-07
607 0.00014129856879156212
610 4.4915248664766144e-07
611 1.2626760176264795e-06
612 3.1170333245108134e-07
614 3.510128887140777e-07
615 3.1009582433312646e-07
616 2.7955539017307726e-07
617 3.134407250637737e-07
618 2.962769134171648e-07
619 4.170210054524216e-07
620 2.9564992401596225e-07
621 2.6575105805778843e-07
622 3.399495422101613e-07
623 3.522656510602934e-07
625 7.843292641457122e-07
626 3.525025849781557e-07
627 3.8822455811601713e-07
628 2.5120350186367394e-07
629 3.8032385724547435e-07
630 5.56252418753276e-07
631 3.2495862784160237e-07
632 3.1904023093282025e-07
633 3.858532577935595e-07
635 3.9155975244595246e-07
636 4.669919398614895e-07
637 3.2787534076763285e-07
638 3.943215845980435e-07
639 3.623501829072016e-07
640 3.0461311961712963e-07
642 3.407240366898975e-07
643 2.4067065589240415e-07
644 9.580555757676957e-07
645 3.13510517881165e-07
646 5.32656846374455e-07
647 4.308828157308583e-07
648 5.779240922398781e-07
649 5.608388383819802e-07
651 2.5158524510094007e-07
665 1.176504550767283e-05
667 1.3405401985772316e-05
675 4.062854503896453e-05
681 1.2754969215028916e-07
687 4.5636376636004906e-08
699 5.66439758699757e-08
709 3.8017100666246927e-10
711 4.661458231024696e-07
713 3.6954301357157755e-07
714 3.456471495320278e-06
715 6.631909873968011e-08
718 1.0373480328308497e-09
719 4.2712509480489106e-08
720 3.3005006216325933e-08
9 2.372459026161945e-05
12 1.8464388230482404e-05
16 5.5478072874868e-07
58 9.412116838881221e-07
70 1.088045506484748e-06
72 6.208320688036621e-07
74 1.1833533682832891e-06
81 6.106099263167909e-07
84 6.570509700064791e-07
86 8.683501139698848e-08
91 1.9264175745478457e-07
120 6.6980530551706085e-06
125 5.4239021654121865e-06
135 2.1019017346957304e-07
139 4.074327815060978e-07
151 7.584564128401171e-07
177 2.7436481900868557e-07
189 1.3818741589598223e-07
202 1.4641701388244604e-05
225 3.833020363179231e-05
243 3.2512180665549866e-05
244 3.3704296982103674e-07
246 3.175928029625881e-07
252 3.371569105897713e-05
257 2.147380063831939e-06
311 1.7552845640246017e-05
393 6.726136126922004e-06
396 4.4909574721710166e-06
406 1.1667184459482951e-05
408 6.512181278014011e-06
419 3.3711718145221954e-07
445 1.1519054300308275e-06
449 3.887609594583234e-06
456 6.957910834032861e-07
466 4.2890066428083045e-07
485 0.00013196741664706288
513 2.436978281793269e-06
524 1.880691291174488e-05
528 7.185838674485435e-06
547 7.94903174445269e-06
552 2.7298184873821575e-06
710 2.34352920664788e-06
712 4.477035016996079e-07
32 7.864685396396708e-06
328 1.158995832061264e-05
18 1.6055594368026801e-06
25 3.7208745360190465e-07
37 2.2534200557903176e-05
60 1.0842799111979228e-06
69 2.5239593743363374e-05
89 1.0189986974353927e-06
105 6.862772242811435e-06
114 2.9501069081767406e-06
116 7.47816159305599e-07
117 1.2111246242522006e-06
152 5.341966310863454e-06
154 1.722545827245642e-06
159 5.8600188753866525e-06
188 3.3471293014158135e-05
199 2.3686905901292604e-06
201 5.883679077482381e-06
221 8.197524509788753e-05
250 2.181542941104088e-06
269 4.244833294541117e-06
300 2.6902004168124895e-05
313 3.873220601549665e-05
356 3.0190277432493286e-06
359 1.37629194104275e-05
363 2.557834809965959e-05
370 3.132128221923632e-05
412 1.0430375846339782e-05
431 6.870756675614814e-06
486 0.00039949359519516155
497 9.235415341740056e-05
505 8.759923364787255e-05
514 5.020641418544066e-06
535 3.3108687795659915e-06
561 1.8964520760154942e-07
562 3.25345429852877e-05
566 1.9456239282598836e-05
568 4.1773739738825467e-07
595 1.2624486596070058e-06
609 1.2092589919252972e-05
641 1.3030676153493827e-05
659 3.0023600260573157e-05
6 6.623557801850627e-06
17 8.040443281306575e-06
27 1.8806164428278206e-05
28 5.047010770893282e-05
65 3.185951080901156e-06
124 2.1742266260829043e-06
226 1.0963021422421662e-06
234 2.783733772865164e-06
253 3.898210115576159e-07
285 7.79428170796617e-06
302 1.4748808233988918e-06
306 3.1931331175178087e-06
308 8.813354757192433e-05
312 2.787112672814347e-05
315 8.767686119150475e-06
326 3.032951026556535e-06
342 6.801773880567706e-06
350 8.01077570645935e-07
364 2.3024057879327834e-05
375 3.798104768436254e-06
409 4.3652594122220904e-05
482 1.1710830330885996e-05
512 1.998367616127202e-05
556 1.2655186285194764e-05
559 5.108112761275151e-07
569 2.6846074459146947e-06
706 3.655001473846632e-06
73 5.5485968723490674e-05
176 3.1570206151712323e-06
183 4.216744033575231e-06
276 1.5193716021486802e-06
289 2.4697597011939313e-05
292 6.767425182057677e-06
297 2.7618981614286192e-05
405 0.00013671823207904899
407 1.2345878708628512e-05
413 6.548774159530447e-05
423 1.9406204779880438e-06
455 5.47834369103535e-05
472 9.068318227396969e-06
515 1.1688036110583367e-05
549 0.00012982770807367134
553 2.580550335473204e-05
565 4.7267180922714274e-06
679 1.5964979491905377e-06
682 7.729694934081064e-07
80 4.978519869355121e-06
128 3.355473179250145e-06
143 8.38575253378925e-08
332 1.7921016224070874e-05
374 4.022244384436181e-06
435 1.0981193610094596e-06
444 2.5796390630350703e-05
475 1.738138672866266e-05
539 5.196861613079606e-07
554 1.138577148678749e-05
372 7.448075970944049e-05
533 8.027244675966021e-07
591 2.9759308503293553e-06
489 0.0005023422569300091
589 1.6855830826398196e-05
