343 1.225489604006622e-05
147 8.064742284414441e-07
51 5.1871653860312476e-06
5 5.1551333283493646e-05
10 0.00022096951428062634
11 8.891097565217197e-06
19 1.9814059307452415e-06
20 3.7641011570899028e-06
30 1.726675215780693e-05
31 7.166754776703228e-07
33 1.2595676159531588e-05
36 3.6431050240382125e-06
38 5.315676706297285e-05
39 4.448512733094339e-06
40 3.510411700606979e-06
43 2.2643001846156103e-06
44 2.467215411920514e-06
49 1.4325686935378734e-06
56 8.533519311555304e-07
59 2.207976080391358e-06
87 0.00019108336926765344
88 4.942879618429744e-05
94 2.075542959874702e-06
96 3.9502213956219274e-05
113 2.6841705038477943e-06
115 3.84951175911057e-06
122 7.126195570150525e-06
123 2.4186662621475553e-06
129 1.5531850114060114e-06
130 1.0413908457126844e-06
131 3.139676421909095e-07
136 5.526941439552446e-07
141 1.7287775880698797e-06
153 0.00013896847921780707
155 3.651567562512915e-05
161 7.069529280320693e-05
162 1.7145769170023868e-06
163 3.0880861821863754e-05
164 2.286055989904748e-06
167 1.4829042629838998e-07
168 4.87512242883179e-06
169 3.6648694814082775e-06
171 2.6083587271782206e-06
178 5.283193273855552e-07
179 5.106529982853783e-07
184 4.374827286236192e-06
186 1.8166100926858761e-06
187 4.570019582588454e-07
191 4.322894040256382e-06
192 1.4213706961873294e-05
196 1.8721559717756413e-06
206 1.5185957354015123e-06
211 4.854001257275065e-06
219 2.0076003163200888e-05
222 1.8419913026596855e-06
223 5.014371048456642e-06
224 7.691301475810678e-06
227 1.624668184605445e-06
228 2.7728640745013716e-06
229 1.8537651146036712e-07
230 1.5355828575172588e-06
231 2.4672928571427093e-06
236 3.304776564325725e-07
237 2.2696311698033605e-06
245 2.910540721352219e-05
248 1.666917757959439e-06
249 4.5711386397737023e-07
251 7.5982185393563425e-06
255 4.411761713183554e-07
258 6.753700436408131e-05
277 6.782973701088697e-06
284 1.9815192263008852e-06
293 3.9486284411723084e-06
296 2.6141306128287385e-06
299 6.195407660483031e-07
304 1.6891244293539895e-06
305 3.9559642259458716e-06
314 9.166229297673209e-06
317 1.0274737962759447e-05
318 9.875354522943872e-06
320 3.92180680386921e-07
321 7.592389223820467e-06
322 3.2556824195421874e-06
323 9.132865416036362e-07
324 9.160416861121758e-06
325 1.0906576988846176e-05
327 2.2167167170201252e-05
329 2.2094852028797815e-05
330 2.4666665514939963e-06
331 2.849696146448616e-06
333 1.0326959216896619e-07
334 6.694972085907909e-06
335 2.6763649875440794e-06
336 1.8141342440608524e-06
340 4.034612385542025e-05
341 4.362952035876315e-06
353 2.2921331189076205e-06
354 2.562932352990684e-06
355 8.662694913387822e-06
357 4.8620826353874085e-06
358 6.380003206085609e-06
360 4.2070624550223925e-05
366 3.693164377655612e-06
373 9.110436494827381e-07
376 6.342702493320893e-05
377 1.2930012589448162e-06
378 3.14564804465604e-06
380 2.8577817984808405e-06
381 1.2655961784043595e-06
390 6.518612647770345e-06
414 8.449279128608986e-06
416 4.655774239149969e-06
417 1.5289982389230843e-06
426 6.825367773049619e-06
429 3.612143919958624e-06
432 1.6730174583385958e-06
434 2.01567356075028e-05
440 8.054702825529032e-06
441 8.54378774264398e-06
446 9.992780425408001e-05
450 4.209057460601945e-06
460 3.2017154908839173e-06
464 4.579799961824669e-06
467 6.063211284260168e-05
468 1.2824818252920979e-05
469 1.5409918966383683e-05
471 2.4205387089383085e-05
473 6.667725597689288e-06
478 1.2156663496479011e-05
481 0.00021829963710784335
483 3.3265518974851104e-05
488 9.159973035711391e-05
490 1.2027130881164852e-05
491 9.271900157671154e-05
493 1.0803753640268145e-05
494 8.774433916653635e-06
495 3.38945327580773e-05
496 6.000682795002068e-06
498 1.534023390975995e-05
499 0.0005763197239686995
501 0.00010124389071618074
504 3.336912756773216e-06
508 1.0582098044527154e-05
509 1.0341500541414372e-05
518 1.544756787771609e-05
521 1.0689190322955613e-05
523 2.2812748483547275e-05
538 1.0314988353282529e-05
543 1.923977452103055e-05
545 1.216806990386211e-06
546 2.2673548521967783e-06
548 2.4788287239890304e-05
550 3.200858265396267e-06
555 2.342508866888146e-06
557 1.5628408647779742e-06
558 4.282689198515696e-06
560 3.425809099351284e-06
567 8.841125707494919e-06
570 9.638675713818755e-07
571 6.929839445139434e-07
572 1.4369251298021108e-07
573 6.0808750953269984e-05
574 0.00011777504829317784
576 5.196467680075813e-06
577 3.3802492944105007e-06
578 6.468786497599777e-05
579 1.2461666027841535e-06
580 3.3423669992917925e-06
581 2.399206160043894e-06
582 2.3982885010559624e-05
583 1.2780969937185314e-05
584 3.5598239291173645e-06
585 3.0878639509359744e-06
586 4.09541835545139e-05
587 2.118513577741482e-05
588 2.3718095827876853e-06
590 1.0477861944932448e-05
592 9.878831640748406e-06
596 2.773126595516923e-06
604 4.784725924172194e-06
608 9.865097397097887e-07
613 2.1221021314029215e-05
624 2.638779001802476e-06
634 6.460889261042112e-07
650 4.534662803374952e-06
652 3.499569872530052e-07
653 4.312120485967895e-06
654 7.528079598566979e-05
655 5.3819771167511645e-05
656 1.0393864008657752e-06
657 1.3790893978712828e-05
658 1.7505138320193272e-06
660 5.454187098857937e-05
661 9.630350027358041e-06
662 1.155799085567657e-05
663 7.087307721314241e-06
664 1.242462553429039e-06
666 4.128151605774988e-06
668 1.1416020336571235e-05
669 3.173732034325106e-06
670 2.8617126121103152e-05
671 1.1657920002091047e-05
672 0.0001242599042580057
673 5.689542411844074e-06
674 6.500432230985282e-06
676 8.857241360089855e-06
677 6.363541257454274e-06
678 8.311813228475181e-07
680 3.3418430571234967e-06
683 2.4990200150161614e-06
684 1.015831631138813e-06
685 3.1472678707959836e-06
686 3.0269164980548175e-06
688 6.368450288441347e-08
689 1.7752891195590665e-06
690 3.3521825335494338e-06
691 6.674995459332849e-06
692 9.596962998066645e-07
693 2.7082501595490435e-06
694 1.5033729754169557e-07
695 1.3174652310375865e-06
696 8.255321735389723e-06
697 1.4413982992691586e-06
698 1.8313287386629113e-06
700 2.6389921595896333e-06
701 1.3758532222176096e-05
702 1.5060141627731825e-06
703 2.259833456545591e-06
704 2.7307243058726425e-06
705 1.6490525205874677e-06
707 2.029371185168212e-06
708 7.002569685278303e-07
716 5.609964569729665e-07
717 1.8808033899893927e-06
