16
0.03113931111288777 -0.004869581505206481
0.01949988469904211 -0.008707807246729548
0.030965778606561793 -0.003880633677803954
0.03565761759709508 -0.005487385162491967
0.023932861132167957 -0.004424903720803933
0.010004179808719255 -0.00803758514060686
0.01660894506438459 0.00017019269707232185
0.023194354036204907 0.0006098457853915359
0.013608481310818647 -0.007196014394010664
-0.004514840206110698 -0.004553105685827515
-0.016615922237971273 0.010318305909098215
0.007004842742315216 0.0139177497526759
0.00955115998208627 -0.007799375944705514
-0.009119541705534202 -0.0017919502207490753
-0.029020782384387257 0.016896012388347745
5.122786086403864e-05 0.025161619088361654
