16
0.008180739900672834 0.007761863064015782
-0.005928656800787067 0.0018522455994571562
-0.003461244040884555 -0.017035283595554118
0.0067900144884586915 -0.021116767146815468
0.017606937002319873 4.6626308869582516e-05
0.0056212701106634405 0.0013293931194325228
0.006645139409838897 -0.010293575662147727
0.017398172278953628 -0.008328369334848654
0.029263858410485687 2.3585639360464246e-05
0.02593746545434014 0.006213171703454084
0.026308638979337457 0.003442453973698732
0.037468639520584976 0.01829329025884018
0.037031605271658226 0.001000885387152687
0.03443280262128005 0.009099409425462224
0.03500593966982384 0.01002213668467081
0.04833438034752357 0.031048008075195765
