590 9.930429181352248e-06
226 1.0029788006530513e-06
36 7.396442169156659e-06
596 3.930137079222814e-06
176 3.368042137746491e-06
326 2.6386003682968894e-06
524 3.380107061673663e-05
608 2.5945977712039547e-06
704 7.280102514431086e-06
84 9.866461592639444e-07
113 5.069407155840329e-06
621 2.395125693766641e-07
707 2.798127153921159e-06
364 2.3493348803181972e-05
492 7.562424022568053e-07
1 0.0001350074522125594
47 6.374035970257921e-06
48 6.6928853935818885e-06
500 5.330757303366251e-06
662 3.3343784519899696e-05
259 3.0208622428104536e-07
230 4.6144693928182274e-06
547 6.166922187047005e-06
572 1.0323450816154186e-06
90 4.066174925022003e-07
675 4.246877364530449e-05
60 9.43894819713244e-07
247 6.55565676292354e-05
491 8.128809971854378e-05
584 6.949428081420842e-06
668 2.725906616725305e-05
672 0.00012229946789475522
211 7.327410037630642e-06
379 2.469387008490066e-05
549 0.00013568579342616022
17 8.046397469194846e-06
124 3.3292182105504533e-06
245 3.311678768402399e-05
283 7.004581832240148e-06
413 7.222828309355279e-05
582 4.555872312234237e-05
525 1.1356813079010712e-06
312 3.640521041945095e-05
131 1.2557929525688313e-06
147 6.455785747799126e-07
343 1.432466417642807e-05
414 2.9297899797337246e-05
565 6.8286781223687655e-06
670 4.393343036250885e-05
7 7.412902918507088e-07
273 1.0512125946557495e-06
141 3.751361425347815e-06
503 4.092097931260966e-05
562 3.109493046248205e-05
659 4.422647494943647e-05
258 5.2684429325805544e-05
370 3.478297774082626e-05
128 3.0709022137653624e-06
174 8.075380161062504e-07
234 3.4060445867010034e-06
277 2.1405948492863944e-05
306 3.371871830854806e-06
412 1.2001212638278283e-05
489 0.00041771194540273486
514 4.52551579862048e-06
539 5.499500493501646e-07
682 7.69238459158397e-07
715 4.921147728924132e-07
33 3.5770928051210375e-05
44 4.498680773033397e-06
65 3.656781223923737e-06
149 2.2191287694585987e-05
304 2.1985406006502673e-06
332 1.827388583772782e-05
472 7.089320105906343e-06
591 2.5146177190449216e-06
669 2.598772249634203e-06
9 3.803629046963668e-05
208 2.2671503180078983e-07
342 8.503970734843772e-06
435 8.778011573316143e-07
21 7.393120240570662e-06
91 5.088023809825821e-07
97 5.200429166922628e-07
116 6.762451583320848e-07
117 1.4873179013558442e-06
183 3.5571609792378075e-06
201 6.187898193425665e-06
221 7.710659617729818e-05
260 8.729435415826688e-08
269 3.484316972645375e-06
285 8.199638796769949e-06
300 2.893080486506129e-05
302 1.7577421832356627e-06
315 7.275346667416499e-06
321 7.688485929795478e-06
339 8.39966648928694e-10
358 2.5501134859177118e-05
409 3.7904047835146565e-05
481 0.00018704038492030808
482 9.985396642722156e-06
497 9.096601241342597e-05
641 1.283208355108777e-05
3 0.0001478771886122203
123 4.3723527743242026e-06
143 1.2099743525478632e-07
192 1.4198166823817613e-05
251 1.938666666134219e-05
257 2.0267165674918823e-06
276 1.8406460551624614e-06
404 2.308088721526445e-07
420 2.4189162565913387e-08
455 5.42716902795803e-05
508 2.7513415867112423e-05
518 1.947737906027622e-05
574 9.276221905043173e-05
593 8.334936935669589e-06
666 6.286016607838872e-06
102 4.901112591178527e-07
431 8.507154488783494e-06
502 1.2639088414673685e-05
6 6.9774170214338665e-06
28 3.658573903485568e-05
45 7.723642065874585e-08
69 2.0327386445829483e-05
70 7.896766299653362e-07
72 7.227079827912025e-07
83 6.848732128898589e-09
86 1.4966701637339416e-07
92 2.3513417100330433e-07
95 9.39727303021224e-08
98 2.2405038189960683e-07
100 6.192841285618664e-09
108 3.791545196690738e-08
111 5.729853394115362e-08
112 1.9312682815355844e-08
133 6.031085086650212e-09
137 1.0465024349485966e-09
144 3.5319046913942874e-08
152 4.059615182622833e-06
153 0.00012196385721433608
175 3.0848625592992767e-07
181 8.864524146503011e-08
182 1.661544189049488e-08
185 2.3022462074323058e-07
189 1.680270724685674e-07
194 4.50927677220351e-09
218 1.1029503213212173e-09
241 6.11363193518697e-08
265 2.687058300307205e-07
266 2.7595498479259897e-08
267 3.1242616193242494e-08
270 1.525006357722209e-07
271 8.69853427678178e-08
278 2.9165849241064183e-08
281 2.1832143262548014e-07
282 3.021000558715919e-08
294 2.6077895466703656e-08
307 1.1766082933413881e-07
367 4.957961644837495e-08
371 3.0509770436600414e-07
395 5.883837463615206e-09
438 2.05822965859055e-06
445 1.1395710908109703e-06
447 2.2472844085436596e-07
449 2.4532647867596533e-06
454 9.159763066815344e-08
466 5.45299760483135e-07
517 2.2371272494069477e-08
528 8.290977207694247e-06
542 3.6551022708805836e-07
552 2.9282138978895753e-06
554 1.3917975882364892e-05
569 1.9809669169849274e-06
573 5.2537146831640964e-05
595 1.0271481051714325e-06
607 0.00012974864051380937
609 1.3559632190454852e-05
611 1.1202615657780266e-06
615 4.608920372670455e-08
616 7.523563069830981e-08
617 1.075219209609246e-07
619 1.8698187570357465e-07
620 2.821656468028171e-07
640 8.715838927584229e-08
644 4.837481822355737e-07
645 3.992827904238241e-07
648 2.1135940023515384e-07
649 5.133687099864903e-07
665 1.5270056514839342e-05
687 2.2062512195159085e-07
712 5.524039159447579e-07
719 2.901451166657653e-08
8 2.3767355512765542e-07
25 4.405225123076054e-07
27 1.4004078130556639e-05
37 3.8804421154281096e-05
54 1.1188117506437816e-07
57 3.6558469591279977e-06
63 6.854486677915616e-08
67 3.7445485701002046e-07
74 1.1889042999951275e-06
87 0.00019010449837493333
89 1.4012381922373506e-06
105 5.7031149268286665e-06
106 2.490445251491774e-06
110 1.2013363069260908e-06
125 5.823074523289533e-06
135 2.679546369453647e-07
145 1.1565214443754732e-05
146 2.623728784235719e-09
154 1.0058004376330832e-06
177 4.6601112347014206e-07
196 9.125298629695835e-06
202 1.51474599447193e-05
207 3.3348336479733416e-07
217 5.969137303734327e-08
225 4.632706726675461e-05
235 5.3195951257677214e-09
238 2.829180940961533e-08
244 3.520829580281351e-07
253 3.6861706000679564e-07
272 7.225671070948166e-08
290 8.564933625041981e-08
298 2.908695454850584e-07
303 1.2500644279787615e-07
311 2.1378889009545414e-05
313 3.545815327315498e-05
319 8.19032372971816e-07
348 1.1216632132553353e-08
357 3.6595973179347703e-06
359 1.268040352794173e-05
362 1.6475233944425754e-08
365 9.704195617475325e-06
375 4.086212398505114e-06
393 3.338471270456293e-06
400 3.121731133940004e-08
456 6.437281289977742e-07
462 8.326028684160434e-07
470 6.733813315639272e-07
484 0.0001361772467936377
506 5.328861470371351e-06
511 5.036986044850628e-07
513 1.4296556149224263e-06
559 5.554892298517649e-07
561 2.723954233486789e-07
566 2.452452974615979e-05
568 4.1352506707581514e-07
588 2.882686158076729e-06
597 1.272041868241603e-06
598 4.47100457420853e-07
599 5.088758249063875e-07
601 6.716065788983235e-07
602 9.84797728027926e-07
603 1.138147618392438e-05
636 6.328077548444219e-07
681 2.8412689491928205e-07
705 5.518161869768923e-06
717 2.2633922208857614e-06
2 6.131883641964575e-08
4 3.301034867184849e-07
12 1.157490214744273e-05
13 1.0479041857237359e-07
14 6.848139686550908e-08
15 3.5942961731156976e-07
16 1.3254260528478002e-07
18 1.3739274885183175e-06
22 2.0497272989718306e-07
23 1.137524854523005e-07
24 1.7880298670018347e-07
26 2.6973373327102715e-07
32 9.401207504888362e-06
35 1.2589988940717879e-06
38 5.3711147853125e-05
50 2.204308556817964e-08
52 5.733172916972425e-07
53 3.0204599737341513e-07
55 3.853878310448845e-07
58 8.875575935888523e-07
61 2.645323697416704e-07
62 2.623103113213864e-07
64 2.1909372548314455e-07
66 4.22128468723272e-09
68 4.782716943789421e-07
71 4.1486321502640335e-07
75 2.775248509262806e-07
76 1.6222720310129506e-08
77 4.614402281119331e-08
78 2.310012175383287e-07
79 1.2613927326396228e-07
81 5.114407749678516e-07
82 4.5540300173263474e-07
85 2.9356788469430544e-07
93 7.166415045025057e-08
99 4.26078960187118e-08
101 2.6581500274453977e-08
103 1.408748758758153e-07
104 7.583396969290442e-08
107 5.445312238581357e-09
109 7.988357911822137e-07
118 5.355055640877177e-09
119 2.443964172217615e-07
121 1.3526644480295681e-08
126 3.917226886137391e-08
127 2.3245308728869053e-07
132 1.1037618362355546e-07
134 6.250308279021744e-09
136 4.1400868030227675e-06
138 1.2551515280209997e-09
140 1.1763776854122056e-08
142 1.165673107908957e-09
148 1.6714788188435153e-07
150 1.4070989344119718e-08
151 1.5877761478629176e-07
156 5.994705578180507e-08
157 1.9734118730074147e-06
158 5.0905921800823875e-06
159 3.853172722200015e-06
160 5.38579642867952e-06
161 4.626284596050468e-05
165 6.710786615742656e-06
166 6.573111481055808e-07
167 5.774406281405031e-07
172 1.1624453292126873e-05
173 9.99924875874245e-07
180 4.408186480416757e-08
188 2.800871649925478e-05
190 7.89915494546779e-07
193 1.215571377169448e-07
195 1.2574767252039523e-07
197 1.9583457599986858e-07
198 7.238819977008483e-10
199 2.1904312039517195e-06
200 3.3174716810051747e-08
203 5.751350657859682e-07
204 2.7344148226539446e-08
205 8.499142272301038e-08
209 2.120270888012093e-08
210 3.0292161101965005e-08
212 2.8421881682884014e-08
213 2.015978238606037e-08
214 8.520408854855572e-08
215 1.0926410050466396e-08
216 6.686177171555182e-08
220 3.884811600271644e-07
232 5.424485235444832e-08
233 1.435722142273357e-08
239 1.2077021904243246e-08
240 1.2347511903746656e-08
242 1.3438068986623502e-08
246 2.7614181304374395e-07
250 2.2125051061120194e-06
254 1.4797647352147482e-07
256 1.2618797444421643e-06
261 1.5154169706229485e-08
262 5.222485002895795e-08
263 3.138785061414597e-08
264 2.6570862427212596e-07
268 4.6181834671850066e-08
274 1.2495816838231295e-07
275 5.4202451162174284e-08
279 9.577290037709793e-08
280 5.128154075348173e-08
284 2.911564221963756e-06
286 3.4262958529634436e-06
287 6.557868201442316e-09
288 6.2045766818426004e-09
289 2.279538934883721e-05
291 1.1123214073313943e-07
292 9.439373302134998e-06
295 4.6477845352064644e-07
301 2.545573978607148e-08
309 1.415932326984258e-06
310 2.0335740624156056e-07
316 6.239890693649907e-07
328 1.1714700723523204e-05
337 1.2815721282588884e-07
338 3.3008878433016343e-07
344 9.346891263347949e-09
345 5.6432358035953525e-09
346 2.2445945206882964e-09
347 3.71601073044939e-08
349 9.655892911501347e-08
351 3.276233270825706e-08
361 1.8043821422544745e-07
363 3.0604052059233566e-05
368 8.986977726414663e-11
369 3.1613354317909903e-07
382 8.087191661084459e-07
383 5.567616153776753e-07
384 3.701564437530492e-06
385 3.644002299516547e-08
386 1.0547679715684949e-08
387 8.134179646837978e-07
388 2.8969560560672197e-07
389 6.341686848510332e-07
391 4.85296670983935e-06
392 2.2509692217647905e-07
394 1.4503454403244801e-08
396 2.0666556029247437e-06
397 4.9086928712577265e-08
398 4.7190446195173984e-07
399 5.096707885047332e-07
401 1.6702734945092084e-06
402 1.6101391367725499e-06
403 1.164242950095513e-06
405 9.719709530653362e-05
408 3.5079113233330483e-06
410 1.0218546224319417e-06
411 4.847909788044632e-06
415 9.804025805406784e-08
417 1.2247408136561378e-06
418 1.8870734349411985e-09
419 3.0594455301023507e-07
421 4.942820575179882e-09
422 4.2318003451372914e-10
424 2.9203987638255265e-09
425 1.540703479686418e-09
427 5.566229058065567e-09
428 2.2944888978707655e-08
430 1.1739185568011436e-07
433 5.492865799744502e-07
436 2.1622345557179552e-07
437 6.874743166252493e-08
439 2.7304113194425707e-06
442 1.5503641799385877e-07
443 6.489049456861686e-06
448 1.4034297164266627e-07
451 3.718129139929829e-06
452 2.4031227961274365e-07
453 5.531105272979666e-07
457 8.191640313053699e-09
458 4.113427123950473e-07
459 2.8389649127742037e-08
461 1.182185909100194e-06
463 3.032720402574385e-07
465 1.1396779190801284e-07
474 5.1754111459728985e-08
476 2.4642496449817468e-08
477 8.325572436963423e-08
479 6.784436704943811e-08
483 2.0988167188756352e-05
487 3.6429052028647477e-06
507 5.639545682555319e-07
510 4.955894966490929e-07
516 3.150096714709569e-06
519 1.494651674237924e-07
520 3.5005397761591023e-07
522 1.9949229862111806e-07
526 2.328247104210739e-06
527 1.1522197030949252e-06
529 6.134783049812899e-07
530 1.9264824002821206e-06
531 1.9429899820028944e-07
532 2.0998175965966233e-07
534 1.8589719679195808e-07
535 2.374853202829396e-06
536 4.2253069544975485e-07
537 1.0327422598529809e-07
540 7.305305172086862e-08
541 6.3289975824017184e-09
551 7.533490736283605e-07
553 1.588097037590093e-05
556 7.33782864065613e-06
563 6.118372683330576e-08
564 3.7884114444252244e-05
575 1.8384930402506409e-06
605 9.69844708317291e-08
606 7.10981312492954e-07
610 1.098547894614374e-07
612 3.0630625455395104e-07
614 1.0867246530836147e-07
618 4.751761376558171e-08
622 5.441080153710956e-07
623 4.350432412877713e-07
625 3.922051683346555e-07
626 5.625661705029411e-07
627 9.165827186252984e-07
628 1.3253234163190074e-07
629 1.883396426498138e-07
630 2.0635509764370402e-07
631 1.3695085806120454e-07
632 4.3727384376926083e-07
633 2.1828491070921734e-07
635 1.0501426400665366e-07
637 5.714800908103095e-07
638 2.801339646887774e-07
639 1.80841168165118e-07
642 4.0924015656084964e-08
643 7.428632901366401e-08
646 2.0549578030002532e-07
647 3.5982666344612906e-07
651 7.462223087380796e-07
667 1.4135851490250085e-05
699 1.6505920957630614e-07
709 2.3104381889610352e-09
710 2.5084005351392763e-06
711 3.164514407757208e-07
713 1.88915520535697e-07
714 2.2846286188110103e-06
718 2.3091521500720273e-10
720 1.1026105611460109e-08
