679 1.7850367364620771e-06
688 4.951732589123195e-07
700 5.948646793283871e-06
701 1.4399239452416097e-05
224 1.1715098457033478e-05
515 9.223443854097717e-06
585 6.917580234119862e-06
592 1.6217854044733094e-05
293 7.93349749741759e-06
299 1.090642851215126e-06
543 3.503987543378667e-05
594 9.021230669269702e-06
171 4.43149634114384e-06
334 1.1060707234277189e-05
505 8.891879548975379e-05
521 6.997107618991304e-06
5 6.161415147615106e-05
10 0.00017181589915527608
30 1.696633378440552e-05
59 2.6007125953499186e-06
73 6.357660097205317e-05
80 5.616284173990689e-06
88 4.1818854946418956e-05
94 2.0140022608111423e-06
96 3.2044912713319284e-05
115 7.1896001947690824e-06
129 3.6396562712374017e-06
130 1.7397967948789695e-06
139 4.4812399153552503e-07
170 5.470129129426168e-06
178 6.500835385921607e-07
179 7.632916094138784e-07
186 3.403827162284248e-06
227 2.0495856872242957e-06
229 4.0364400628619815e-07
296 4.15568411527342e-06
317 1.9044980233927346e-05
322 5.791297175370484e-06
324 2.3036256642687853e-05
329 2.8115034802134628e-05
330 3.0712800871293923e-06
335 4.184529397306867e-06
336 1.284170504733583e-06
340 3.708195965736902e-05
353 3.6523225830232994e-06
355 8.791716411996818e-06
360 4.3829105538508254e-05
373 9.733353556847907e-07
374 3.792751936087154e-06
378 2.134296100663796e-06
380 5.17893793161541e-06
381 1.776635991137185e-06
390 7.954953474628224e-06
426 7.5504001875654035e-06
441 1.3011960483996543e-05
446 7.258544837600577e-05
464 6.778890994207026e-06
468 2.1197182118955252e-05
469 1.63155782947292e-05
475 1.5572840421853586e-05
488 8.932064952970249e-05
495 4.1984244278451474e-05
499 0.0004749524553554828
523 1.6264249339231007e-05
558 5.153739193055919e-06
576 6.300718596239974e-06
586 3.684943224794615e-05
587 2.794499408524574e-05
589 1.4789058546145967e-05
604 4.458590002227487e-06
624 5.055607147463291e-06
653 8.756625290804156e-06
654 6.582051195132506e-05
655 6.430349836976471e-05
656 1.5620734439729223e-06
660 6.0027533105569095e-05
673 5.19337775233453e-06
676 1.8526662012248445e-05
685 3.076210278868938e-06
691 1.0407442240422248e-05
694 1.9487359900761168e-07
703 3.6181113841206856e-06
716 5.631750811510182e-07
702 2.1880059081313523e-06
248 1.2751038550909313e-06
168 3.6375030129729544e-06
162 1.9582178309482723e-06
164 1.5359478399804643e-06
169 3.2224513113669607e-06
548 2.5787435824070737e-05
191 4.1294284114637044e-06
155 2.433957063244721e-05
356 2.6763443193721355e-06
206 2.255166386849003e-06
350 6.172012531507545e-07
578 7.764436450543014e-05
494 1.1329157208648436e-05
406 9.322210099989411e-06
600 3.3069903259181927e-07
493 8.66397456150935e-06
