0 0.0002823622133301342
11 1.824559192936783e-05
19 3.457423325282658e-06
20 4.3101305042254905e-06
29 0.000208036657228242
31 8.163976484634011e-07
34 3.417304304093039e-05
39 3.367068574083087e-06
40 6.002280065624145e-06
41 2.4175727423648973e-05
42 9.17229188147241e-05
43 2.0574899651824802e-06
46 3.774161136414229e-05
49 2.5622710345109106e-06
51 4.7401815671958074e-06
56 9.82397891274318e-07
120 8.091835088325789e-06
122 9.38112220768753e-06
163 2.700118143797931e-05
184 2.540876260989804e-06
187 2.931068285108375e-07
222 2.7754258450656563e-06
231 2.5931795373055457e-06
236 1.1184654722756369e-06
237 2.53125910284103e-06
243 3.932343951577283e-05
249 4.928152748646857e-07
255 3.898252914442077e-06
297 3.3176954188404114e-05
305 5.676131078561077e-06
314 8.935311552087461e-06
318 2.377211709575945e-05
320 5.126938269089456e-07
323 1.1040283152956605e-06
325 1.9418590095241726e-05
327 2.187326007334371e-05
331 4.594379698519642e-06
333 1.5476594618285407e-07
341 4.749505992552815e-06
352 1.9119087418641195e-05
354 2.1272981925164417e-06
366 4.917386268393135e-06
377 1.3982978410004779e-06
416 8.497373120607758e-06
423 1.7458886721671722e-06
432 4.244441082872396e-06
434 2.7649110855557856e-05
440 7.632580572996681e-06
444 5.258918678682025e-05
450 4.595884502856339e-06
460 3.3074205646965287e-06
467 5.513447819716546e-05
471 2.1081362284777966e-05
473 5.306583395002391e-06
478 1.336498621729207e-05
485 0.00013568394676587877
486 0.0003661065597042727
490 1.623850162061562e-05
496 6.934194537993168e-06
504 2.523771510505656e-06
509 8.489416508791288e-06
512 1.6245408847422115e-05
533 4.2305114565983077e-07
544 4.16705723279404e-05
545 2.2066744877706177e-06
546 2.6498804985058443e-06
555 4.791825422488056e-06
557 8.612222136307288e-07
560 4.083082802049188e-06
567 1.7003095568444935e-05
570 1.4893281980850248e-06
571 8.572662690124974e-07
577 3.4214326686314943e-06
579 1.3653581783044353e-06
580 3.4076935429113262e-06
581 1.8113249311793527e-06
583 1.3138432350484096e-05
634 5.618006594670693e-07
650 8.78027552816443e-06
652 4.298595204893884e-07
657 1.3758093667361734e-05
658 4.470206719602532e-06
661 1.2047586897315442e-05
663 8.030096291799213e-06
664 2.168064547927734e-06
671 2.1578954795174326e-05
674 5.06542963893e-06
677 8.232455932734467e-06
678 2.0792548414742767e-06
690 6.64626548502539e-06
692 1.6083923748462876e-06
693 3.1842476362261535e-06
695 1.3532656444288444e-06
696 1.3946849324329685e-05
697 1.7877179521126738e-06
698 2.4911659081049753e-06
708 8.388192780097835e-07
376 5.8417929319812754e-05
613 2.7250689894302312e-05
683 2.560630343121308e-06
501 0.0001089125927559226
686 3.911941529943396e-06
223 8.778646953476156e-06
372 6.747682529352585e-05
114 2.904494706900501e-06
550 1.6716412481390482e-05
538 3.135992694585574e-05
498 2.335909856350759e-05
689 9.321591485579058e-06
480 0.00010185506006706893
684 2.833780696652664e-06
308 8.841963174050654e-05
680 3.0322253839964426e-06
228 8.790725942638622e-06
706 3.991974480682621e-06
429 3.826766223788893e-06
407 1.56315867079293e-05
219 1.479877776512728e-05
252 4.366436906502288e-05
