432 1.917946851534602e-06
550 5.240647758080449e-06
187 5.531076003997626e-07
700 2.9804480144884544e-06
666 4.516975842155885e-06
167 1.599978767188391e-07
179 5.203361415254417e-07
186 1.8503633995255996e-06
381 1.2366003155394782e-06
450 4.432975701757111e-06
500 5.251186796821059e-06
136 7.630637842730754e-07
223 5.6840199081864226e-06
206 1.5449547424683753e-06
227 1.9554081926186653e-06
585 3.1373988381342882e-06
688 1.186894595381565e-07
698 2.2626688392330676e-06
19 2.732903930446643e-06
467 5.927085156330592e-05
586 3.747040478886673e-05
694 2.3629376450802167e-07
341 4.331800482332841e-06
656 1.18998008329017e-06
49 1.8547505097834048e-06
236 4.231138449730744e-07
255 9.692933176461703e-07
284 1.9651291072000915e-06
658 2.160391703741338e-06
584 3.6655814127409175e-06
56 7.629989508950227e-07
94 2.055398917826263e-06
130 1.8967937033542194e-06
222 2.1348218956295613e-06
237 2.3098236458467293e-06
570 1.1014910233265444e-06
652 3.331008352668418e-07
224 8.430712926534345e-06
686 3.193284845737366e-06
693 2.963600532187082e-06
333 1.3431418158992358e-07
475 1.546728147585435e-05
589 1.2232322642350612e-05
660 5.922877602296613e-05
44 3.2493340629857423e-06
318 7.591056886607596e-06
228 3.513205628958511e-06
335 3.080239416499844e-06
196 1.8915576719182774e-06
653 3.085265315396949e-06
716 6.018385290026361e-07
230 2.10648293384559e-06
129 1.5984217710743764e-06
320 3.8794911402014614e-07
508 1.1830512698810903e-05
299 6.168093450216592e-07
444 2.484677517045688e-05
657 1.0955577581642562e-05
683 2.45188948527287e-06
131 3.555418561889879e-07
355 7.90891296178101e-06
473 6.326739942387883e-06
496 5.982306452329682e-06
608 9.425898558666335e-07
708 6.70471689142507e-07
704 3.4218640735855435e-06
141 1.4967747372809462e-06
229 2.0505128610297835e-07
231 2.1681617730118165e-06
245 2.5729298619294535e-05
277 3.881938945984761e-06
426 6.887343994783099e-06
440 7.490426064893681e-06
471 1.933344772708372e-05
594 1.0633852691280192e-05
390 6.908383526078019e-06
178 4.1494146350175807e-07
249 3.7322660097512917e-07
314 8.01394427974224e-06
321 6.651133992325985e-06
469 1.4727041160735683e-05
478 1.1251393991490799e-05
558 2.7592841790254045e-06
654 6.123347182097622e-05
695 1.2512567607746498e-06
705 4.94286141845382e-07
73 5.1611335601100625e-05
123 9.183002338393019e-07
147 6.503145195429128e-07
248 1.0833397965016119e-06
304 1.6539803060823156e-06
327 1.6446379929143415e-05
372 6.612431108289544e-05
434 1.751246474029504e-05
549 0.00011971048617104628
554 7.7692184282751e-06
588 2.3723985707484676e-06
672 0.00010778988322317042
702 1.0402576483228224e-06
717 1.8365804501390902e-06
88 4.675494085066341e-05
696 9.025074205642276e-06
80 4.419152009087638e-06
96 3.12044924622611e-05
184 2.5606158414897907e-06
191 3.2406383369372852e-06
211 4.3673663840047535e-06
292 5.603332232262891e-06
297 2.5277126315170734e-05
332 1.6590030231104514e-05
343 1.0383450942619377e-05
360 3.5733440601606535e-05
374 3.571834769447416e-06
376 5.593323424839408e-05
407 1.1587274963022628e-05
417 1.3170141190103727e-06
429 3.1847142613290695e-06
435 8.121389449671332e-07
504 3.0412157918390984e-06
509 1.0308272308307448e-05
533 4.954758349757145e-07
539 3.4567319624594697e-07
707 1.6065223280566086e-06
87 0.00016383972445109784
128 2.071949645889382e-06
143 4.583423459802262e-08
176 2.9552134684612033e-06
276 1.1901496937941645e-06
488 8.69388017366317e-05
489 0.00042570498585908057
493 9.91841867261248e-06
591 2.7214233274470173e-06
122 3.74374104146565e-06
472 8.236047006797139e-06
357 4.697822384502493e-06
574 0.00011006932968288836
5 6.411625197296393e-05
20 4.249358567250956e-06
30 1.8070211899552983e-05
38 5.4370195327231856e-05
162 1.9868319367882433e-06
192 1.1752045233623801e-05
219 2.1447822858117276e-05
258 6.21698758629481e-05
329 2.2377237494408203e-05
446 6.390066325349109e-05
494 1.0789554942514592e-05
518 1.6455765005238736e-05
523 2.0211406865329165e-05
578 7.512315144883032e-05
655 5.201033583647427e-05
701 1.2366842261442682e-05
312 2.7883943867639246e-05
9 2.4669651139031708e-05
413 5.9292974667721004e-05
41 2.8605148025337923e-05
505 8.324087130093377e-05
283 5.902163809565119e-06
675 3.9767830191925554e-05
47 6.345246715441558e-06
503 3.9665854137462656e-05
562 3.0314533409756755e-05
659 3.415747103066169e-05
