11 5.451841241947606e-06
31 2.1008394272480487e-07
33 6.470333071140871e-06
37 1.7957174941559863e-05
39 2.177443834605339e-06
43 1.883596346377029e-06
51 4.567920424484994e-06
59 1.2873422813867179e-06
113 1.7185166819365707e-06
115 2.318973930406321e-06
170 5.2169099267785755e-06
171 1.77124904879902e-06
251 4.8932094371525805e-06
293 6.553875619378223e-07
296 8.644651613328044e-07
305 2.2785987843066415e-06
322 2.163522509205865e-06
323 6.58605579841492e-07
325 5.917278963872764e-06
330 1.5660597058648407e-06
334 3.2809890050539618e-06
336 7.114150528584496e-07
353 1.4731540276656278e-06
354 1.5881226112226596e-06
358 2.469113394237515e-06
366 2.2398188534830233e-06
373 3.5361228896649343e-07
377 8.355595832644675e-07
378 8.079890504273675e-07
414 6.993475044079724e-06
416 2.2681735715120654e-06
441 7.649308773158767e-06
460 2.151989738976974e-06
464 3.1883259593240306e-06
468 6.892635589163287e-06
490 8.809898399477185e-06
501 0.00010175910006810693
502 4.831792467789543e-06
521 8.319171607385482e-06
538 9.476852975213355e-06
543 1.240262259348571e-05
545 3.9044817082299864e-07
546 1.5604297557822025e-06
555 2.767509023468464e-07
557 7.637796275457189e-07
560 1.1426526863042045e-06
567 5.1514421122131124e-06
571 6.901706762819609e-08
572 1.9054622941078732e-07
576 3.0612773668822315e-06
577 2.424655473124043e-06
579 6.034102451992807e-07
580 2.7308949728907415e-06
581 9.515995819695486e-07
582 1.7911245154434705e-05
583 1.0033815318228057e-05
590 9.141852340973023e-06
592 5.344150789720699e-06
596 1.3571908137813107e-06
604 1.705776313183066e-06
624 6.192941717981096e-07
634 3.4171012200307317e-07
650 1.021990565875525e-06
661 5.0509302754969695e-06
662 7.929623711167715e-06
663 2.149585600909903e-06
664 3.357097303422369e-07
668 4.9744499066473514e-06
670 2.2879694216254624e-05
671 6.238614414737294e-06
673 3.083084631835378e-06
674 5.0438561793761695e-06
676 5.954294348984938e-06
677 1.7211904978527266e-06
678 1.1925522703337472e-06
684 2.1448245637147973e-07
685 1.7930680291104747e-06
689 2.5665112444239527e-06
690 1.155995267022558e-06
691 4.293300940815638e-06
692 6.520005012374293e-07
697 1.914526142299382e-06
703 1.687357922974724e-06
317 6.9471781998922446e-06
331 3.0857489703835614e-06
380 2.3737280678049194e-06
483 3.1436381825610445e-05
498 9.33613568204967e-06
587 1.904598010604303e-05
36 3.6944549405905124e-06
40 3.214209519051261e-06
324 7.907654158049031e-06
613 2.2231360110586178e-05
340 4.497497168716146e-05
495 4.148522650318131e-05
