17 7.592331480483639e-06
423 1.7496857115446558e-06
547 7.674732896799438e-06
153 0.00012444221402863124
155 3.5897049536754316e-05
565 4.6803734280533765e-06
679 1.4961189399290174e-06
169 3.700229989055978e-06
302 1.4413614616698474e-06
515 1.0947640546968298e-05
306 3.1283134302434724e-06
342 6.9702463509482275e-06
455 5.038233594212857e-05
183 3.3854347494039788e-06
164 2.084583533194097e-06
168 4.773216815670968e-06
573 5.258695923331983e-05
680 3.0745335503454496e-06
682 6.874283405645729e-07
10 0.00018578442159405557
548 2.2672356608804026e-05
120 6.615083625155252e-06
234 2.6290551879466933e-06
289 2.151126752708863e-05
491 8.07696252318856e-05
65 2.925777550551653e-06
124 2.054464630962991e-06
253 3.274777812056292e-07
706 3.1846218027983794e-06
326 2.62504857650457e-06
481 0.00016954101937144848
499 0.0005017856483106254
285 7.283842071663333e-06
559 4.276590048402445e-07
553 1.6379124460146294e-05
161 5.087971077401786e-05
25 3.612536267591454e-07
226 9.896184361189747e-07
163 2.728140507300773e-05
569 1.7123095041176402e-06
412 1.0496446021858008e-05
482 1.0892519038978708e-05
561 1.6457713482579925e-07
350 6.132491533631956e-07
364 2.0581725968265447e-05
375 3.266166035319968e-06
568 3.7481114041901016e-07
116 6.707162045382814e-07
257 2.1852171020073178e-06
405 0.00011109262143199732
308 8.390668283873652e-05
199 1.8946150706462102e-06
356 2.7395956203974154e-06
32 7.326662344385937e-06
315 6.660446736596784e-06
114 2.7105139749815835e-06
117 1.1679459482802102e-06
370 2.9169761996382342e-05
60 8.050280913778465e-07
250 2.0667501027969804e-06
669 2.660255052327488e-06
6 5.53450356230521e-06
139 3.9420809533541293e-07
135 1.809954524912001e-07
556 8.471060715713084e-06
28 3.773566134289241e-05
27 1.4071121519260615e-05
201 4.823600187297309e-06
46 4.5934928285570236e-05
485 0.0001435798462580226
300 2.5452054352701474e-05
514 4.3777283589843524e-06
359 1.2649364936984912e-05
445 1.0088638951617316e-06
419 2.8085058425001144e-07
57 3.2636388260832587e-06
328 1.0873597653794963e-05
0 0.0003292513571823044
21 7.0137435508542845e-06
34 4.377750310809565e-05
42 9.190491675580296e-05
145 1.0829176733379302e-05
221 8.123991411739377e-05
243 5.046343353603209e-05
480 0.00010797069547210819
486 0.0003783828122812958
544 4.328571258368304e-05
564 3.0448264494716043e-05
86 7.852287681847127e-08
177 2.2956061346396407e-07
189 1.0520337013502741e-07
313 3.497426232823557e-05
362 1.0992594073894859e-08
383 5.010714635497066e-07
420 9.34449164790452e-09
166 6.175874829624252e-07
188 3.070152582229872e-05
269 3.095377899351922e-06
363 2.2555661785638466e-05
595 1.158803770019937e-06
1 0.00013335768437959154
3 0.00014949812207241118
29 0.0002100895724773298
48 5.71605206948709e-06
149 1.741446157979304e-05
158 3.883227997212101e-06
160 3.9986187319118034e-06
165 5.354446326703809e-06
225 4.309917596853943e-05
252 3.6200761712140376e-05
352 2.03093184767325e-05
379 2.2595542127749366e-05
431 6.4375283069369825e-06
484 0.00012651068585654797
512 1.720235002375859e-05
566 2.2503942249269858e-05
593 9.654312963584685e-06
665 1.3485216148660042e-05
35 1.33045814454641e-06
247 4.7193330673825406e-05
45 3.170414402501252e-08
68 7.196352742079465e-08
69 2.0080657417081207e-05
90 5.48209306418801e-08
91 1.3897331135060716e-07
92 1.1997014119111828e-07
95 3.157924423060597e-08
97 9.644477635458813e-08
98 5.0536782470748613e-08
102 8.650048410499275e-08
110 1.0472672399784575e-06
140 2.649676693637725e-10
144 1.0782224367229304e-10
146 7.524608077295719e-11
148 9.018363547933519e-08
159 3.928176743260064e-06
173 9.244434430784378e-07
174 7.130907587682849e-07
175 2.4968959058876535e-07
181 6.350365206773816e-08
182 6.412613698744581e-09
185 8.04025073483371e-08
193 6.584465383337732e-09
195 3.9421683658133955e-08
197 1.682709594601972e-07
203 2.0104009289413637e-07
207 1.6436606303955056e-07
240 1.931913238767937e-09
242 7.959303678354901e-09
244 2.4554986240747976e-07
246 2.2196783920231844e-07
265 5.4109049706612114e-08
266 2.5858954161567166e-08
272 3.449896986724297e-08
278 6.293389962204646e-09
281 1.2329053661316715e-07
286 3.0915325734560534e-06
295 2.8359383911382123e-07
298 2.0560521515064505e-07
338 1.176441247685816e-07
339 6.566418495348912e-11
365 9.03822950250541e-06
368 8.320000789959972e-11
371 1.1049627954504485e-07
384 6.731449055956523e-06
388 3.252552438822342e-07
391 9.144305127034295e-06
393 6.10349693899074e-06
394 6.494999944602056e-09
395 1.0816142138349188e-09
401 1.621517560943846e-06
408 5.7047664777201705e-06
411 4.608157766810481e-06
418 5.330757652631735e-10
421 1.9434000055829163e-09
424 3.4699688925295472e-09
425 1.4318083730574957e-09
427 3.527032912573444e-10
428 2.577988354923954e-09
479 8.62477980321578e-10
506 4.513611357105843e-06
552 2.7190526734206693e-06
687 2.453191851258176e-08
699 3.683886167647027e-08
709 2.708248399622433e-10
715 4.031302568788927e-08
12 1.2188469475764382e-05
18 1.316107667437644e-06
273 1.0543127350945422e-06
369 2.9585728628368653e-07
457 2.9550831470784025e-09
16 2.4042935409602646e-07
52 6.148491825100232e-07
55 4.274871633751747e-07
58 5.302981464525514e-07
61 5.033977520003684e-08
70 3.8911310188335837e-07
72 2.3991282335589323e-07
74 6.111431599241988e-07
75 2.9982716737214906e-07
81 3.0762904952778724e-07
82 1.5896650182736073e-07
84 2.325064674473856e-07
89 6.467407125607203e-07
100 2.3727315872124644e-09
103 2.1041215426542325e-08
105 6.337975532398124e-06
125 5.169039136443224e-06
127 2.041688939833262e-07
133 1.6453496259593153e-09
151 2.880969611368301e-07
152 3.707958915840462e-06
154 1.064501289311487e-06
180 1.7746276609222463e-08
202 1.4613501443132345e-05
210 3.926867635136604e-08
212 4.964587203966407e-08
213 4.0234426419726847e-08
214 7.485866709952192e-08
267 2.012538565162106e-08
271 2.299746557240529e-08
274 3.544834238796898e-08
280 1.1901151029950236e-07
307 1.2204957338750788e-07
311 1.6013774927678888e-05
316 2.598233377076449e-07
361 1.0272209878392751e-07
367 6.220035046869487e-08
382 7.361344361619755e-07
387 7.437990922046566e-07
396 3.883773207267824e-06
398 4.4495673921544554e-07
403 1.151733398950447e-06
410 1.9570159970479814e-06
415 1.2802985494846452e-08
433 4.175912424577256e-07
438 1.1915011445660546e-06
443 5.542253219900438e-06
449 5.398364226141403e-07
451 2.6097587685470477e-06
456 2.754575345135426e-07
458 1.6767877589703058e-07
462 3.420646791792397e-07
463 1.771059928449248e-07
466 1.7667918290741813e-07
477 6.288450764125762e-08
492 6.217715566852224e-07
497 8.215667346268135e-05
507 3.6665281664305737e-07
510 5.876665376004566e-07
511 2.41965338822917e-07
513 1.0848992966016079e-06
516 2.4702810340180917e-06
520 1.8352500404466679e-07
524 2.582108661791265e-05
525 2.724673184029499e-07
528 5.709498611134167e-06
535 2.1849278996562067e-06
536 2.6399788771567475e-07
542 1.3774216735096145e-07
575 1.7067401584078348e-06
600 1.283665926164761e-07
603 8.808696976000271e-06
606 3.201872915473957e-07
607 0.00012876244579161173
609 1.0541818568744078e-05
611 9.280806934598793e-07
630 2.470393359608e-07
632 1.8406347623940714e-07
641 1.1748480021574268e-05
644 4.0988166155974415e-07
645 1.7580612948541907e-07
710 1.9836129734479126e-06
711 2.4886098257304e-07
712 1.0690080872495173e-07
714 2.382223951315374e-06
718 8.394783475650936e-10
2 1.31100998486614e-07
4 3.366262568407736e-07
7 3.400243295374978e-07
8 3.4223111716540604e-07
13 1.3507297157114675e-07
14 1.298354636620645e-07
15 5.422521391054143e-07
22 3.9046061183512087e-07
23 1.9966495153109775e-07
24 3.93842418736237e-07
26 2.2090222329568768e-07
50 1.2897439006725444e-08
53 5.138354089302538e-08
54 7.014389751877837e-08
62 2.691235588227304e-07
63 1.0139328322907402e-07
64 2.180777112879584e-07
66 3.5772892305878692e-09
67 3.0498430990531504e-07
71 1.7694098320943426e-07
76 3.822736530650809e-08
77 3.822736530650808e-08
78 3.1394774533054333e-07
79 2.0998473206788976e-07
83 4.171902117070426e-09
85 1.9173309194639288e-07
93 1.522159253300962e-07
99 8.2587729272449e-08
101 4.274295085808666e-08
104 8.003477552509346e-08
106 2.125078503584793e-06
107 6.872600596915127e-09
108 9.001758689329116e-09
109 7.760863661809838e-07
111 2.8518451147361544e-08
112 5.409300810432733e-09
118 1.4080380719627343e-08
119 2.3749058321514374e-07
121 3.6758535211951154e-08
126 4.85262619482213e-08
132 8.891144940311228e-08
134 6.889710503834871e-09
137 2.978450363545923e-09
138 6.2247428756841584e-09
142 2.2361033606161638e-09
150 2.3524056585925473e-08
156 1.3037577956905812e-07
157 1.5759869624520259e-06
172 1.068184407750987e-05
190 7.521302881743573e-07
194 2.578669786391185e-09
198 6.692929047308075e-08
200 3.728273608606079e-08
204 7.409463872223245e-08
205 1.1104966058212275e-07
208 1.4810436673523775e-07
209 1.0577003098519006e-07
215 3.6368710547746205e-09
216 9.939467960176304e-08
217 4.753990922246519e-08
218 3.4117261807497016e-09
220 3.155613473663228e-07
232 2.3773804801919422e-08
233 1.0377132054828097e-08
235 1.4934933992972128e-08
238 2.0975108176351107e-08
239 1.898275561484767e-08
241 4.8418008377065934e-08
254 7.656251603690098e-08
256 1.1446935664964168e-06
259 3.036064144919397e-07
260 7.700247962280226e-08
261 2.4181833215689274e-08
262 6.488242111518411e-08
263 6.640422969465078e-08
264 1.7527683386804838e-07
268 4.720770207831987e-08
270 6.058503615845048e-08
275 5.513683269717975e-08
279 1.4232277715139674e-07
282 5.324350154162053e-08
287 9.777823765826704e-08
288 4.192679975020045e-09
290 4.6188642330776917e-08
291 3.90126230680452e-08
294 4.62605384530921e-08
301 6.503211036681503e-08
303 5.927709677593054e-08
309 1.4750305759002244e-06
310 1.6099901002940293e-07
319 3.583104169357656e-07
337 5.630439526205931e-08
344 2.6936333574803103e-08
345 3.930258340990448e-08
346 2.852726951772168e-08
347 5.993322389840968e-08
348 2.611136444105572e-09
349 3.25409749272011e-08
351 1.1937940763868625e-08
385 1.684742374471787e-07
386 1.0154424382419254e-07
389 6.115155138356566e-07
392 2.4846982675518705e-07
397 3.520242199257804e-08
399 3.8671423442656474e-07
400 5.075207909525318e-09
402 3.0050401635147213e-06
404 7.662546600208176e-08
406 9.15281935647972e-06
409 3.6739935122350304e-05
422 4.7106521958092656e-09
430 2.7622070274623097e-07
436 1.766134295828177e-07
437 1.8736789382353935e-07
439 2.48017108845016e-06
442 2.6844093170430644e-07
447 2.9818308158912057e-07
448 3.2127343942630686e-07
452 3.275342846217617e-07
453 1.8102486172244167e-07
454 2.692109199349902e-07
459 4.978731693271347e-08
461 6.859597998760217e-07
465 1.2874301643258807e-07
470 1.63038293313256e-07
474 1.2305729136103108e-07
476 1.4046946547954292e-07
487 3.5353476076044366e-06
517 2.0456008293048687e-08
519 1.591326003075971e-07
522 2.2843740181459084e-07
526 1.9471891056697256e-06
527 7.82964946863826e-07
529 3.1036258615076863e-07
530 1.160584607280885e-06
531 9.732018131094064e-08
532 3.2688379536675693e-07
534 1.88738013127773e-07
537 3.006065266848939e-07
540 3.206493507650465e-07
541 1.569654973677108e-07
551 8.247409036591236e-07
563 1.2978846368716406e-07
597 1.199603503647661e-06
598 2.078950447041502e-07
599 2.6100481603610057e-07
601 2.4157642427938585e-07
602 1.8658073950031465e-07
605 3.2000524613325547e-07
610 3.2218588731016643e-07
612 2.1316969978649883e-07
614 2.908951236739768e-07
615 2.3285806653002412e-07
616 2.2059813660094147e-07
617 1.9898311673096212e-07
618 2.218877720299488e-07
619 3.048657479741208e-07
620 2.4237956191147307e-07
621 2.0539688332742415e-07
622 2.806152941070881e-07
623 2.6951804200544085e-07
625 2.9294171697396455e-07
626 2.860150092103823e-07
627 2.725359127894478e-07
628 2.1401876754312013e-07
629 3.236868723612916e-07
631 2.3584805812091126e-07
633 3.1344929269909527e-07
635 3.3404255690486264e-07
636 3.784830032483139e-07
637 2.587727543356021e-07
638 3.325563369343416e-07
639 2.9364142640798285e-07
640 2.417945873451349e-07
642 2.567256370698409e-07
643 2.1490929200250768e-07
646 3.845452353737475e-07
647 2.650712357983662e-07
648 3.927519902842983e-07
649 5.049222881549372e-07
651 2.0125645320548147e-07
667 1.3991950941007782e-05
681 1.0489117795901198e-07
713 3.144871780005878e-07
719 2.999324916696144e-08
720 2.776207688135482e-08
