16
0.0009800588900226823 -0.0067513273862395305
0.0020628592698817825 -0.004072948328606868
0.005326889986911893 0.0015339514811724176
0.007079217144246839 0.005097701355922793
2.8737891122344694e-05 -0.005869618424052408
0.000825869544997214 -0.003378215685356842
0.0035591754639670513 0.0020868783011066894
0.005007802553101547 0.005495654361983787
-0.001652821963343544 -0.005104900246757223
-0.001150474376859724 -0.002382992516578627
-2.8627329801154233e-05 0.0034761819148103265
0.0017324529680148217 0.006986474197240411
-0.0027393187070434157 -0.0050304934310657305
-0.002236830987399422 -0.001995712960189533
-0.001689797129814391 0.004320762620782792
1.2181855380108913e-05 0.008341036611115564
