16
0.010719024264724554 0.0005456882451659527
0.010183659863496642 0.00016123040980361005
0.00961977828634982 -0.002409382572011191
0.00903087334097194 -0.0030659002468737626
0.010912810789589469 0.0006389579517860918
0.010520772266259732 0.00044620044722688834
0.010243026200055162 -0.001447128081479295
0.009818704298923765 -0.001707184132756536
0.011212623851263388 0.0009849730813810977
0.0110971130531048 0.0010156197201030724
0.011431981252781755 0.00038425411573230644
0.011219068994830057 0.0007142509324451745
0.011420671414755567 0.001264826576422049
0.011387128816895298 0.0013755464235023199
0.01199225072213585 0.0012099555452627349
0.011963773954909504 0.0019214353001588864
