16
0.0240509023578613 0.0017757192976680207
0.025086958254586247 0.00056743763191093
0.025928197833620076 -0.0015408521389759058
0.02647179769356104 -0.0026097031433134107
0.024481128424876562 0.0016863571872218484
0.025343834579373302 0.0007273745433122016
0.026129071372522215 -0.0010854861380139784
0.026634055067711965 -0.0018497916229619376
0.024933787141983983 0.001796721899252263
0.025665675906468486 0.0010411574171875966
0.026533629582267466 -0.0003150614154772204
0.027003009369051454 -0.0005494360332768261
0.025091247768942428 0.0019989039951992457
0.025820543598720165 0.001241651881694744
0.026751782412584083 8.132858385834708e-06
0.027284638208765886 -2.0419711165859626e-05
