31 1.6946490296960788e-07
39 1.8640198552119886e-06
113 1.8156929369323303e-06
115 2.4838689004894837e-06
293 4.1834021635801585e-07
323 6.86221444662962e-07
330 1.6189636386697565e-06
334 2.9216799528562356e-06
353 1.4399599155371268e-06
358 2.734944440648941e-06
373 3.6133006279888593e-07
377 8.473286921334041e-07
416 2.0752573021454743e-06
464 3.55792339910474e-06
468 6.26067469474906e-06
498 8.357997076922232e-06
557 7.084779576525751e-07
571 4.529991287007862e-08
576 2.872627151726648e-06
579 5.368648865978193e-07
581 7.965647157949444e-07
583 9.594830954276069e-06
596 1.1533143536431764e-06
634 3.5254096218747063e-07
661 4.345377826896176e-06
663 1.5557003534191764e-06
668 3.844824371877972e-06
671 6.008405613015697e-06
673 2.6901351094725945e-06
677 1.1485858873793177e-06
685 1.7962136899599372e-06
690 1.015182821832277e-06
692 6.908380675780247e-07
317 6.4653541879493595e-06
587 1.8858359852168135e-05
36 3.584505315014274e-06
11 4.91480255911901e-06
33 6.373596052235417e-06
37 1.7620640028499174e-05
40 3.157323468924474e-06
43 1.819620123538322e-06
59 1.2044621552900822e-06
171 1.8917569739013412e-06
296 7.341516952538332e-07
305 2.2753205112825626e-06
322 2.3167856305738273e-06
325 5.353364766448603e-06
336 6.421999178558789e-07
354 1.5641270703723617e-06
366 2.3788643997164666e-06
378 6.673561388790067e-07
460 2.1259990363646637e-06
490 8.525237252511955e-06
502 4.569380774252539e-06
521 7.94039833142716e-06
543 1.1629181620001133e-05
545 3.479472640365971e-07
555 3.2702281485708296e-07
560 9.905804245369243e-07
567 5.503168477663652e-06
577 2.2829437168920167e-06
580 2.6304335135592215e-06
582 1.7610358884716123e-05
590 8.907592333592597e-06
592 4.78770782711511e-06
604 1.3044224929517264e-06
624 4.5936254159553416e-07
650 8.774250796059665e-07
662 7.867697322200541e-06
664 3.915083263973576e-07
670 2.259591121604896e-05
674 4.911089529253281e-06
676 6.232491716208094e-06
684 2.1138876710196507e-07
691 4.368414411852085e-06
324 7.915387841145618e-06
380 2.604391113895534e-06
