667 1.406239014885534e-05
420 1.2954957039873607e-08
393 5.9843051211296865e-06
408 5.6302615547113935e-06
152 3.569093991380677e-06
185 1.106838334745243e-07
669 2.5550359927682235e-06
202 1.4676324383865504e-05
91 1.9417961094457382e-07
391 8.874442258471639e-06
396 3.841879389162456e-06
384 6.547278630510012e-06
106 2.0989080640139857e-06
244 2.6452710497352967e-07
246 2.4304471102632904e-07
535 1.8826234021425764e-06
193 2.100751681633925e-08
84 4.999740393599254e-07
456 4.2423330478289556e-07
528 5.467151511789205e-06
406 8.884422472294166e-06
45 4.728605103022863e-08
97 1.2598689923365717e-07
195 5.828499302018258e-08
295 2.9961569884248247e-07
339 2.16853884903162e-10
410 1.9504394085581403e-06
146 3.6388493264870607e-10
428 7.605392535524871e-09
449 1.5192844224500248e-06
607 0.00012616820738438716
151 2.54493142877612e-07
710 2.1049247376302406e-06
148 9.794224118006276e-08
203 2.460523670284953e-07
513 7.431717694472169e-07
269 2.8576143100714587e-06
72 2.2877899888879488e-07
402 3.0055305814300684e-06
92 1.3577580467889645e-07
715 6.725036070566502e-08
70 2.591227227968851e-07
401 1.5808329736266147e-06
421 4.624856164327849e-09
74 4.506329844222124e-07
28 3.401018837230227e-05
548 2.1475471449331685e-05
153 0.00010381458846533727
140 1.4304601697050782e-09
144 1.882888027806028e-09
466 2.0789317346884262e-07
712 1.872873076134313e-07
58 4.5130268259928826e-07
479 6.295281401521217e-09
542 1.3837234736070411e-07
411 4.454915776590492e-06
166 5.868514475758267e-07
161 4.599605032531865e-05
164 1.8663157939295596e-06
155 3.166181851137223e-05
169 3.2561323894285903e-06
491 7.746301492723542e-05
68 5.4205781758122535e-08
311 1.5543526339383153e-05
278 1.2236588717716227e-08
102 9.196626204667304e-08
687 2.8137387392421378e-08
16 1.7892983456959732e-07
81 3.472062364928478e-07
451 2.557221826343111e-06
477 8.05619048843331e-08
174 6.607921847644676e-07
175 2.3186256118064048e-07
298 1.9356292249329325e-07
181 6.444920056414446e-08
511 2.1631206664670324e-07
388 2.2430609935724365e-07
699 3.555409428454588e-08
10 0.0001660071032707354
98 5.454020191257324e-08
506 4.40579154319793e-06
525 2.4409558805498467e-07
95 3.446782742757495e-08
371 1.1518309264423748e-07
443 5.772305350377225e-06
110 1.0108406085664146e-06
369 2.8369629385421974e-07
265 5.180037768906772e-08
427 1.1559440462711113e-09
536 1.5038570985907062e-07
611 8.030064354637024e-07
220 2.951770245076899e-07
457 3.5317343644726964e-09
286 2.968852286176389e-06
273 9.251515244213004e-07
597 1.1435808494142665e-06
382 7.149888514741259e-07
573 4.745179121096834e-05
168 4.138261656398661e-06
82 1.4663665884517603e-07
458 1.1074120728795773e-07
182 6.310210044887693e-09
281 1.1828178393467989e-07
266 1.07023262862591e-08
425 1.8765533245998616e-09
433 4.047971270058704e-07
85 6.8840394189799e-08
103 1.851216372591014e-08
208 1.3168482971119135e-07
316 2.493277377023407e-07
363 2.1428725037839664e-05
18 1.2369930104801572e-06
207 1.1388085297512865e-07
69 1.84666636550938e-05
272 1.5838505137729842e-08
418 2.8291130491050033e-10
90 3.539459244501826e-08
398 4.263299697998281e-07
461 5.450095708783815e-07
188 2.961125161040213e-05
595 1.1189232822016575e-06
405 0.00010366551530091827
481 0.00015112524261902895
242 3.817720210425753e-09
241 4.6344169185555324e-08
711 1.778983517080342e-07
499 0.00047790044849091494
575 1.6620495003480697e-06
552 2.6336239996370785e-06
603 1.0188534514252254e-05
159 3.466263293631669e-06
214 6.775062420375987e-08
338 1.0330226173471293e-07
492 3.924212755746521e-07
157 1.509422533661929e-06
173 8.834126315953985e-07
365 8.702546973583835e-06
71 6.859500169659033e-08
530 1.0572204942017482e-06
714 2.090441288185801e-06
438 1.5987299299556648e-06
516 2.857177085616634e-06
172 1.0412719646482557e-05
109 7.196680540165433e-07
519 1.1604446832753154e-07
424 2.2042721139226956e-09
4 2.593249189184155e-07
551 6.642116608334864e-07
197 1.556324329377143e-07
394 3.034885754983995e-09
12 1.0375371181699964e-05
78 1.284171610854974e-07
52 4.148926931484291e-07
274 5.8855508073184925e-09
367 4.106817648193086e-08
630 8.960186833736773e-08
709 7.663775034676011e-12
718 3.2575478814656277e-11
8 1.0886283270020812e-07
14 2.7788848389142864e-08
24 1.4832026510264078e-07
54 1.4230744506281949e-08
64 1.4283571852612973e-07
76 3.8762586866840705e-09
83 5.286598216059604e-10
104 4.085609838024911e-08
121 4.481914627836223e-09
137 3.3759047404879075e-10
194 4.023826778406116e-10
205 6.402645001198099e-08
216 5.227608547336919e-08
232 5.990058111632953e-09
259 2.414115523309876e-07
263 1.5804316605832317e-08
270 3.22689623600531e-08
282 1.0099967569882702e-08
291 6.695086121652538e-09
309 1.256286039185598e-06
337 9.809196792516128e-09
347 1.4799218173614787e-08
389 5.666101031149991e-07
400 3.5607690394316436e-10
422 3.435581537030505e-10
442 8.689811258047971e-08
453 7.486308929904525e-08
462 2.7618016586370477e-07
529 1.8662006958279416e-07
534 8.605470425329623e-08
599 8.713805094030091e-08
610 1.1103236937758974e-07
616 4.671425452487722e-08
620 4.454429010108124e-08
626 1.3519723542835673e-07
631 5.846703832554041e-08
638 8.59654226591473e-08
643 5.297744180808808e-08
649 2.8877533588211487e-07
713 7.882154583007559e-08
632 8.797797475915624e-08
644 3.274855022455726e-07
2 6.627732294756649e-08
15 2.8743106304036066e-07
119 2.1138215148285587e-07
190 7.211780728887015e-07
239 1.0114341679561601e-08
345 1.2151209479397422e-08
439 2.2902314372829447e-06
454 1.002989937587048e-07
474 5.709318293394977e-08
526 1.800041448291038e-06
625 1.423155903235155e-07
636 1.2785291382755148e-07
61 2.9849348081688946e-08
75 1.0910921776098158e-07
100 2.5259458279807806e-11
127 1.9166427569598718e-07
180 2.666900140173004e-09
210 1.0300919056094298e-08
213 2.083393017371867e-09
267 9.371828150356611e-09
307 5.809763783758501e-08
361 8.136816822155787e-08
368 4.978181626454849e-12
395 3.263667648122785e-11
403 1.0639200836701426e-06
415 3.2011543655880292e-09
463 6.926409723150494e-08
510 4.2726079426895143e-07
600 3.012832498469907e-08
645 5.273966716714102e-08
7 1.0442438937156226e-07
13 3.053229473144329e-08
23 3.174674598306965e-08
26 1.0930091621390989e-07
53 1.7266493980049018e-08
55 2.795883486345931e-07
63 2.871699446632283e-08
66 3.4599282061685863e-10
77 3.876258686684076e-09
79 5.1830389923542796e-08
93 7.767149251673502e-08
101 2.4026329195253077e-08
108 3.437451362878367e-10
111 2.3296446545219784e-08
118 2.058177287242466e-09
126 2.575121685966733e-08
134 1.2014029165037425e-09
138 9.404155912627836e-10
150 5.025676586225584e-09
198 1.65382290376333e-08
204 1.5337181729979534e-08
215 1.4307382161181326e-10
217 7.769062623984013e-09
233 7.469190592544889e-10
238 3.114328822759165e-09
254 2.1079485104700008e-08
260 2.0797479719361238e-08
262 1.7052898965303858e-08
264 1.3728162407030737e-07
279 8.084523147922151e-08
287 2.7380050041519908e-08
290 1.0552576680115133e-08
294 6.934112211650753e-09
303 1.3313672979327019e-08
310 2.78498665730626e-08
346 5.947376377385357e-09
348 1.349398867000458e-10
351 2.122474487411188e-09
386 1.7038134415034067e-08
392 1.9654270663286276e-07
399 3.5449487905160025e-07
404 1.5274863078171045e-08
430 1.195845412465483e-07
437 4.827335971024031e-08
447 7.346266010043528e-08
452 1.2588972464522854e-07
465 3.205019688996679e-08
476 3.061915284601997e-08
487 3.2523123106351055e-06
522 4.05808657568866e-08
527 6.384439269535139e-07
532 1.9153310870110642e-07
537 7.757787050508602e-08
541 3.673262396997859e-08
598 8.484428194028167e-08
601 5.449751451372392e-08
605 9.012535892061984e-08
612 7.50961037273454e-08
615 4.874571694417144e-08
617 5.669045075038935e-08
619 1.0781149433982298e-07
621 4.160913159152292e-08
623 1.0655068189954998e-07
627 1.8126959132990362e-07
629 8.122558128043367e-08
633 7.857144843545086e-08
637 6.992312128703526e-08
639 7.810878708153702e-08
642 4.725292145000404e-08
646 1.2462788538837843e-07
648 1.9220485296211615e-07
651 4.4908200607084764e-08
681 1.9691805814806976e-08
719 6.28798947107254e-09
133 6.371009045568845e-11
212 7.935080048164032e-09
240 9.028990941480663e-11
271 6.054820464034658e-09
280 5.738609338918861e-08
387 6.190270390022972e-07
507 2.9998748415081105e-07
520 1.3430322355070662e-07
606 2.537996877780339e-07
22 1.4659237327786892e-07
50 2.2873625216011184e-09
62 1.9347567258553999e-07
67 7.720924444531535e-08
99 1.8468011871886403e-08
107 1.4841821015161867e-09
112 3.2042294616113e-09
132 4.643641652633104e-08
142 1.137811312154042e-10
156 4.606295976137939e-08
200 1.7491166244543472e-08
209 2.2801387626154264e-08
218 4.78608946229048e-10
235 2.0437064446015963e-09
256 1.0671300905665937e-06
261 1.4816866635387457e-08
268 1.1000781937555585e-08
275 1.113307283056535e-08
288 3.162824036610305e-10
301 1.510802552974923e-08
319 1.0431986478395859e-07
344 5.971770011547081e-09
349 1.7815509448757474e-08
385 3.4267752238955326e-08
397 4.732552999082427e-09
436 7.289775854266361e-08
448 9.102393082741353e-08
459 1.0613937317871335e-08
470 2.9156602394307363e-08
517 6.207013083477979e-09
531 1.0342073354289198e-08
540 9.700262281696993e-08
563 4.025219921109421e-08
602 6.20347141357598e-08
614 7.885091401909095e-08
618 4.609135518278693e-08
622 1.1193238535779837e-07
628 5.69558347024247e-08
635 8.640491562680051e-08
640 5.056989776301717e-08
647 5.4306700286693986e-08
720 6.325167088053764e-09
