234 2.0198032528593014e-06
558 2.9779437725537265e-06
549 0.00011850963542854817
312 2.5684250701562324e-05
41 2.71185069832367e-05
147 6.153355220406042e-07
413 5.553372066305963e-05
505 7.821652735335746e-05
675 3.550416708201226e-05
47 5.598014602578764e-06
503 3.5238166785998875e-05
659 2.3133957592419155e-05
283 5.389406472315954e-06
562 2.5086056983376178e-05
46 4.014417839217163e-05
485 0.00012253535525826216
221 7.209334165532433e-05
480 9.363382342966168e-05
486 0.00036142577470674875
564 2.6352990687139957e-05
120 5.4492012088633565e-06
306 2.702540475855307e-06
0 0.000311405467476081
243 4.475304003237644e-05
3 0.00014403459187640688
34 3.8450847081331165e-05
42 8.368815844042978e-05
48 5.590759127255183e-06
149 1.6150593647159875e-05
160 3.4302842712473516e-06
257 2.008722443288562e-06
379 2.141581987396775e-05
544 4.094780188000475e-05
593 9.234513452673523e-06
32 6.9922557123525455e-06
165 5.430004974109931e-06
484 0.0001292153041134017
524 3.0940108358277685e-05
665 1.3728632966641028e-05
163 2.6101758956472545e-05
1 0.00013078214328850335
21 6.495711805126297e-06
29 0.00020766134663011203
114 2.3660785483634307e-06
145 1.0004067047078297e-05
158 4.042050792730492e-06
225 4.094026736307045e-05
252 3.5007680506075764e-05
328 1.0105725695215592e-05
352 1.960348539501313e-05
412 8.981466530435407e-06
35 1.2595184905901828e-06
247 4.522669663193797e-05
332 1.5834536054585338e-05
302 1.085888101826881e-06
25 3.032840907787218e-07
342 6.098973892407318e-06
680 2.9210058013721285e-06
488 8.236710716321041e-05
679 9.336322330399037e-07
292 4.922451842834771e-06
423 1.4418945600628442e-06
297 2.391081269539157e-05
176 2.0649455437076165e-06
80 4.1237121481652405e-06
143 2.061104581283469e-08
539 2.2756194055306082e-07
435 6.957415025231165e-07
9 2.3825196643025695e-05
73 5.145151863346521e-05
