229 2.044211726323483e-07
249 4.0632464439138657e-07
440 7.281334752204575e-06
496 5.759543930750419e-06
230 1.9719815489428327e-06
469 1.4459690917226572e-05
390 6.655925678589258e-06
19 2.4905378418074846e-06
178 4.3752736100246723e-07
478 1.117830675681985e-05
695 1.2378094402964467e-06
704 2.967026412285875e-06
248 1.2155962309667853e-06
705 9.542376111739825e-07
304 1.5806350235850309e-06
88 4.4799888110920135e-05
696 7.736365085171255e-06
588 2.2903504742578765e-06
717 1.7831981380404555e-06
672 0.00010280926376172504
123 1.2262428366712376e-06
702 1.0578593566996814e-06
327 1.573533608499205e-05
434 1.699632681251719e-05
184 2.5546763088640607e-06
554 8.662388099386151e-06
707 1.4742432231592716e-06
211 3.992804570992999e-06
372 6.482637197547502e-05
374 3.453352592776846e-06
376 5.4337026331873664e-05
191 2.9559487541960885e-06
360 3.436026636673595e-05
509 9.503895340040096e-06
87 0.00015657951992954577
343 9.836742182168088e-06
417 1.2312863370203087e-06
429 2.9509547857791115e-06
533 3.9516934718324057e-07
96 2.8035760611226724e-05
504 2.9088453430313045e-06
122 2.2557959792419596e-06
493 9.470190372097857e-06
591 2.600497094129254e-06
128 1.589978914972885e-06
547 7.374867991972247e-06
192 1.0475532997681354e-05
701 1.0943286558203031e-05
518 1.5369456916714213e-05
17 7.1820716116258174e-06
38 5.0737028521343706e-05
357 4.392344276965088e-06
574 0.00010412652585479767
329 1.876916887929904e-05
494 9.701121634502123e-06
5 5.737672162133301e-05
523 1.5083286709576695e-05
162 1.782312777559576e-06
578 7.094488015990044e-05
219 1.8912904028972166e-05
258 5.867748817985464e-05
446 6.068990967505448e-05
20 3.874485526100855e-06
30 1.7116999386986975e-05
655 4.878905043931597e-05
495 3.867579870362955e-05
340 4.1494515076334563e-05
