154 9.113492543574455e-07
89 8.283421054529395e-07
609 9.62946023716981e-06
641 1.1116654443708852e-05
512 1.365919494198343e-05
362 1.1833788412310435e-08
445 9.218414945792149e-07
556 7.299978341114929e-06
27 1.3061680425160977e-05
313 3.360567686682773e-05
566 2.1310124635868576e-05
201 3.968788548273086e-06
431 4.968051100779674e-06
409 3.498958515654603e-05
6 3.483044317302653e-06
86 1.0714826394454534e-07
419 2.503588567631472e-07
177 1.754812199396696e-07
315 5.2612404779457105e-06
60 5.499277881810565e-07
359 1.1956248466028245e-05
105 5.93079934041329e-06
497 8.077453366744407e-05
189 6.037344615882885e-08
199 6.450447524098722e-07
383 4.6886678927775734e-07
125 5.0862336874659795e-06
514 3.936185696543813e-06
250 1.932547816195608e-06
553 1.2874355441237406e-05
135 1.334422695090636e-07
350 5.437190777205101e-07
569 1.2000982365663014e-06
300 2.4278208154603306e-05
57 3.066050997417543e-06
308 7.96408437410565e-05
356 2.4854448457775575e-06
375 2.8549712579518643e-06
326 2.270436874487127e-06
139 3.32178119274153e-07
65 1.526223030964778e-06
289 1.9387660362551855e-05
285 5.973390710719399e-06
124 7.614279958699498e-07
455 4.1982110836679114e-05
515 3.311114538890717e-06
183 2.368394865420135e-06
370 2.785683852474007e-05
116 4.962746501447809e-07
364 1.9278753865599046e-05
561 6.355192798457159e-08
706 2.581981229892311e-06
253 2.692312476309643e-07
226 7.244628405148664e-07
559 2.664729571449353e-07
407 7.01977794919231e-06
565 2.503850056942959e-06
568 3.3366517318042025e-07
682 6.203973918656102e-07
472 7.131693513934023e-06
489 0.00040030881092513454
482 1.052526847941203e-05
276 5.947508295073827e-07
117 8.581856456106911e-07
