231 2.1887506740599218e-06
321 6.593208725650171e-06
471 1.9425487792311925e-05
475 1.4435432060230478e-05
245 2.496831296207537e-05
500 4.8304845403580484e-06
594 1.0322057703516358e-05
277 4.20517754902287e-06
355 7.588834694007386e-06
444 2.237467278976096e-05
589 1.0254439579964888e-05
608 9.047160181681364e-07
654 6.212874087004863e-05
657 9.494072817726608e-06
141 1.4737764543507196e-06
314 8.047766430900481e-06
426 6.801905599293892e-06
473 6.127332351600242e-06
653 2.3689160794890958e-06
708 6.316424933869646e-07
56 6.193465679802533e-07
94 1.774097342496506e-06
129 1.432613134669131e-06
131 3.4662413100130493e-07
196 1.3408474135759831e-06
318 5.998606593722797e-06
652 2.727288649442452e-07
683 2.340252674302949e-06
716 5.418302576989714e-07
299 5.489616963559934e-07
320 3.6040525770468015e-07
333 6.452423572931761e-08
224 7.922481210549479e-06
228 3.193425914011411e-06
236 3.196593029566786e-07
284 1.8020804962154276e-06
586 3.512156869814228e-05
335 2.914817766421352e-06
130 1.193818455950695e-06
222 1.6059943116660523e-06
237 2.0872345202126654e-06
255 3.886024777833152e-07
467 5.528489582933932e-05
508 1.0458395354357148e-05
570 9.828324861262194e-07
585 2.219793538892225e-06
656 9.442649931110798e-07
658 1.723764411564715e-06
660 5.675405361423512e-05
686 3.062830041556408e-06
584 3.4728499351739073e-06
179 2.727406301045769e-07
187 2.5409713539652054e-07
206 1.3964805173944504e-06
341 4.0137656224708474e-06
688 2.961344229968999e-08
698 1.911532610511121e-06
44 3.1040642118081177e-06
136 2.744062048780129e-07
167 8.149924732529173e-08
186 7.771160367086656e-07
227 1.1720309443192825e-06
381 9.95073219534504e-07
450 3.0460364278666102e-06
550 1.8890929804779923e-06
694 1.0820213020444722e-07
700 1.964416461847463e-06
49 1.7270980133351176e-06
223 4.814713942618702e-06
693 2.8458130790361645e-06
501 9.42736173370014e-05
666 4.1917268587475445e-06
51 3.851779542102201e-06
432 1.1724180477678245e-06
441 6.388740238915669e-06
572 7.689975541607417e-08
678 4.262772616782842e-07
689 8.602672625617943e-07
697 7.201684669765518e-07
170 4.989053306358012e-06
331 2.8045977763074977e-06
538 8.24017974635954e-06
251 4.4821889755683654e-06
703 1.7010293281250218e-06
414 6.9278836396452306e-06
546 1.6731455356940391e-06
483 3.052809153129286e-05
613 2.203794701976977e-05
