16
-0.0017123018281225654 0.0029807309826338614
-0.0009199803206601078 0.001358878585330484
0.0005684225251722002 -0.0017006528351720398
0.0014171793451568907 -0.0032388047528861446
-0.001277351873201555 0.0028484471127962273
-0.0005552962950030996 0.0013803789255510816
0.0008866184756100619 -0.001476686769968123
0.0016948698518747236 -0.002858864900302676
-0.0007214577038072136 0.002955675703305159
7.861554479176398e-05 0.0015439924816911066
0.0016174944665976977 -0.001146882970429287
0.0023660516148044956 -0.0025414052070380426
-0.0005078382917262681 0.0032225397648386386
0.0003548738988599469 0.0016978224103644487
0.0020108104482891567 -0.0010680409580085379
0.002860432539521713 -0.0025615396666032026
