16
0.02777851769116562 0.0013367278087429131
0.028144022266825285 0.0007057675171465779
0.028320040885557445 -0.0006929417987445272
0.028351231039725935 -0.0012612445764183726
0.027792973682461804 0.0013310375805126423
0.02812499798218964 0.0007727193768822744
0.028313930924509862 -0.0004685108404693532
0.028341630181992098 -0.0008842781254848787
0.027797238720274432 0.0014580635106445164
0.028079150872693814 0.000943110824964257
0.028325034731790984 -8.765550701806715e-05
0.02834503924883218 -0.00027632438768341905
0.027770049024178366 0.0016112271942964457
0.028062634430696235 0.0010595188657513555
0.028338248047025182 6.000823741614121e-05
0.028363631856116175 -5.0571836395367435e-05
