16
0.003104206218180458 -0.00019347873354903366
0.0032133211507734 -0.00011623941644321561
0.003474542554518618 -8.952308330566188e-05
0.003690795290467673 -9.55868322039598e-05
0.0030302398118706893 -0.00011431184663926089
0.0031309479728686865 -5.9232481662780764e-05
0.0034029331483880635 2.061798421247189e-06
0.0036110811224829404 2.1741734415552746e-05
0.002896761102293091 -2.6638371857571104e-05
0.003000364205030016 4.360838847817226e-05
0.003269552974733128 0.00020485607921714834
0.0035219533607872226 0.0002539679321649239
0.002803551901307708 1.5157844602165515e-05
0.002925498222046918 9.625166225201389e-05
0.0032054763044617077 0.0003049643410321022
0.0034842860722416134 0.00038701842480971045
