16
0.006886141893845744 0.007963205395271674
0.007728341510113395 0.003880109361059542
0.009408467826559807 -0.003484364978463503
0.01042543376311598 -0.007269854456809174
0.007478100399985159 0.007410584018059551
0.008238704313193604 0.0037895877649674775
0.009889728372290447 -0.0030350356523930998
0.010868995483318841 -0.006410795520664339
0.008214235999825351 0.007396432060928315
0.009105705208517232 0.003932315027432404
0.010910209806278433 -0.0024982807816587727
0.011865230939802345 -0.005707169189303914
0.008519722384431794 0.007890834614115346
0.009487178404101031 0.0041763955485991785
0.011440970471999917 -0.0024175625104911904
0.012549846212542886 -0.0058147570350796825
