16
0.016983285551079724 -0.0017404225227291284
0.016084821471694554 -0.001116790499030614
0.014632499469214383 -0.0003975850080357548
0.01390856201161445 0.00020198221309938242
0.016965009943821885 -0.001503939325269716
0.01616906743658748 -0.0009064939959469344
0.014849703908578427 -0.00010037254219526088
0.014220810891676788 0.0005337585684771611
0.017061800153356288 -0.0012280869554159362
0.01632677592804172 -0.0005801678062050202
0.01519569383281648 0.0005227194391257093
0.014619525928469228 0.0012801509479370727
0.01721482329361742 -0.001143853538314225
0.01643790000126161 -0.00042946248983344386
0.015329465306072126 0.0008492322195775747
0.014758536628743955 0.0017657780340548123
