16
0.005911812276967091 -0.013590623795752778
0.006549208421931006 -0.0071523177153769765
0.00856120700381346 0.005284273994237706
0.009685478509542015 0.011862171555768797
0.004783317585300949 -0.01237268905495229
0.005270864787390287 -0.006487320882946278
0.006965602214935028 0.005303127934456237
0.007881064620310817 0.011350436122511283
0.0028156147265703626 -0.011759485250536994
0.0029812099968778323 -0.005811394998675251
0.003706202897691352 0.005895510594860248
0.004963189039035531 0.011947814644712187
0.0016001239154820107 -0.012235490184992178
0.0017778718585563886 -0.005746531072457062
0.0021466335503552204 0.006523139110225074
0.0033642212854695496 0.013198089690535212
