375 3.878886717283388e-06
718 9.85276293032245e-10
666 6.433365416285258e-06
163 2.7385894639115742e-05
44 4.570036690132335e-06
518 1.969732318283557e-05
192 1.4537132128999743e-05
357 3.67900398252396e-06
304 2.250108131467425e-06
147 6.496111983352138e-07
257 2.0448715396872553e-06
435 8.711026211753644e-07
153 0.00012457832218971092
38 5.4338258366713536e-05
539 5.670172198093022e-07
423 1.8612084655239663e-06
131 1.283085647140539e-06
117 1.5284622598857486e-06
455 5.486322108258807e-05
412 1.2135486237763996e-05
343 1.4474096616002358e-05
315 7.484844664994099e-06
360 4.491143910735363e-05
428 2.7181113350947002e-08
573 5.2987127160246775e-05
116 6.590356222517926e-07
25 4.354057794068825e-07
568 4.113951502225684e-07
80 5.910376674899825e-06
92 2.093434529270755e-07
611 1.0912858017963322e-06
79 8.481396574951513e-08
214 8.178912884524282e-08
281 2.0597167542035339e-07
98 2.019196690017539e-07
481 0.00018886123715866504
212 1.7564093417194273e-08
424 3.121696056998984e-09
368 8.784798139277454e-11
599 3.778903079209435e-07
5 6.562472931353842e-05
283 7.011879864404153e-06
453 4.894522798994559e-07
687 1.98517455864932e-07
13 6.942596817487275e-08
393 3.400689335110197e-06
352 1.9915892355591277e-05
60 1.0323574561838941e-06
291 8.586482547000795e-08
193 1.0950169383699911e-07
128 3.1476365136612565e-06
302 1.7823300152219125e-06
452 1.8255467243424392e-07
213 8.938186649773764e-09
707 2.853984241171742e-06
99 2.9424029115797363e-08
121 1.8849762556141706e-08
198 5.301427977525008e-09
346 2.4776203254247127e-09
451 3.6906111169318997e-06
606 6.15764602041979e-07
26 3.08762124523396e-07
93 6.783075662740893e-08
394 1.0730647584260689e-08
172 1.1668317828214467e-05
230 4.628534980759969e-06
321 7.752022843056344e-06
569 1.987808390062708e-06
461 1.113938158024285e-06
367 5.344479053756135e-08
710 2.6437290900373106e-06
395 5.347766839478297e-09
95 1.0665621320506529e-07
220 4.0723823561025266e-07
520 3.9971579857115907e-07
114 3.3833086496471694e-06
256 1.2410425141420886e-06
316 5.526828482116286e-07
541 1.1426307489989705e-08
587 2.8938383756447772e-05
65 3.845018347640308e-06
292 9.446465584498319e-06
605 5.8616288464567687e-08
278 3.925657482889589e-08
82 5.322456114651834e-07
182 2.371990905771775e-08
209 2.9402886805447632e-08
183 3.5198407358642534e-06
609 1.3425195181179698e-05
14 4.1622480649121325e-08
648 2.2088966411202237e-07
78 1.9412637392886478e-07
197 1.922043026730106e-07
345 6.319358559745363e-09
610 1.0669290412144292e-07
199 2.84624932011735e-06
266 2.3861633401202272e-08
76 8.113821619078737e-09
329 2.865090077346779e-05
615 3.9080802410998174e-08
137 9.98103816987544e-10
240 9.899580781841848e-09
301 1.570509969153614e-08
540 5.562309148907168e-08
616 7.131254220845414e-08
2 6.052612329773754e-08
374 4.315192249320494e-06
215 6.845726532585641e-09
407 1.7495410522013194e-05
436 2.150247218538828e-07
563 4.658648059064939e-08
216 5.9359321313307325e-08
73 6.70086940207525e-05
429 4.069385163176655e-06
717 2.3542223056205467e-06
221 7.858807600345327e-05
156 3.7976355709163253e-08
504 2.6244384884794233e-06
120 9.825697611880518e-06
226 1.025535106356566e-06
595 1.0337181135014525e-06
110 1.1726595564040517e-06
289 2.3706750892524473e-05
682 7.66655830712631e-07
21 7.500370271086215e-06
77 1.2119608362803992e-08
133 4.17304041278105e-09
459 1.4033958519896217e-08
551 7.672865112230361e-07
519 1.674866756891297e-07
486 0.0003754304609328167
332 1.8370444836867098e-05
488 9.27157993879929e-05
499 0.0004813687978905252
234 3.441777740779825e-06
565 6.492659010555963e-06
409 3.7745707053285514e-05
552 2.9436732198029286e-06
280 5.560881864094436e-08
417 1.2535011801345728e-06
456 5.538957707958694e-07
458 3.2307784027900376e-07
81 6.670381953765378e-07
279 1.049092350005224e-07
699 1.4226017338967367e-07
242 1.865393332237456e-08
403 1.1782370374676854e-06
101 2.438195854932738e-08
297 3.4925239779131156e-05
10 0.0001775837762715877
547 6.234616535040376e-06
285 8.491383056352655e-06
125 5.764719009511654e-06
177 4.2337346309441927e-07
564 3.865079278491246e-05
612 2.651835421177487e-07
617 8.82712986490737e-08
667 1.4264268005816701e-05
383 5.874223755343736e-07
457 6.965318670713788e-09
489 0.0004210307272780868
126 2.9972709423928585e-08
270 8.290350437523286e-08
122 1.0109372375816328e-05
139 5.082285902779562e-07
502 1.3047694517972122e-05
515 1.2782487458664439e-05
503 4.174389270501807e-05
491 8.23132588423359e-05
413 7.212725315405644e-05
100 1.581340197441867e-09
189 1.835814364253618e-07
339 6.432837321946722e-10
364 2.355140319124564e-05
561 2.565303077261168e-07
89 1.2149574360674818e-06
250 2.268927858089818e-06
709 1.5856066141746776e-09
559 5.359880725317864e-07
140 1.2323671013999621e-08
181 9.710542005455026e-08
433 7.104788922653405e-07
454 7.261155054740952e-08
618 3.347410558838807e-08
271 4.807306389539036e-08
719 9.21760912848575e-09
176 3.315600561521535e-06
444 5.292862329094166e-05
704 7.177475814648447e-06
174 8.214317226103198e-07
526 2.014769778900471e-06
500 5.3809531768999016e-06
9 3.8125157680224683e-05
124 2.928260165017551e-06
554 1.4767591516076261e-05
593 8.393125509192893e-06
185 2.2715356237147045e-07
591 2.5315964044757434e-06
669 2.615425592040326e-06
6 7.178882643794896e-06
35 1.2745573700231754e-06
91 3.054163195009848e-07
175 3.1197223310090514e-07
267 1.3848051473657205e-08
328 1.1837207165810514e-05
542 2.831826575728906e-07
553 1.676287655701969e-05
195 1.302532087303641e-07
238 3.4920045155628866e-08
311 2.0890636095031982e-05
55 3.898530753993191e-07
84 1.1950114466962717e-06
132 8.319119217189699e-08
210 2.342169269711233e-08
362 1.672278688706594e-08
384 3.7782045029259956e-06
427 1.2487534117714597e-08
438 1.9207965374373895e-06
445 1.209383087478549e-06
476 6.614232262936001e-08
556 7.72251246892359e-06
640 3.967623104382858e-08
359 1.2748447438570138e-05
8 2.5937504440026754e-07
118 6.539009906750079e-09
146 1.7941509259047093e-09
307 1.0465585477984666e-07
408 3.822925779262939e-06
449 2.1379222926383925e-06
474 1.1197330070547104e-07
28 3.767055307822824e-05
711 2.6355602933919197e-07
418 2.129309286659063e-09
472 6.9714890826880255e-06
549 0.0001368481885842397
662 3.3481572357870544e-05
679 2.5273385725955943e-06
141 3.761627200957137e-06
258 5.31220060105226e-05
4 3.073397264606183e-07
173 9.911162415233324e-07
251 1.9774905334749145e-05
300 2.9007079254865415e-05
306 3.3142291237548654e-06
342 8.556360938316725e-06
363 3.0425542668128676e-05
365 9.657339273330671e-06
482 1.0032460855537485e-05
513 8.563271351983879e-07
641 1.2489164717397528e-05
143 1.3141147102326357e-07
574 9.312096515023767e-05
69 2.0495775418910318e-05
86 1.5017189706076127e-07
119 2.390542182726182e-07
241 5.504165702074524e-08
253 3.6459336306356737e-07
566 2.4737109612946233e-05
681 2.0702734149805073e-07
12 1.170129216377832e-05
16 4.078345863142073e-07
63 7.81937577643134e-08
66 1.0590236657090733e-09
75 2.4640310253458866e-07
109 8.018561848385562e-07
138 1.188565210551235e-09
142 1.962474803470524e-09
166 6.641381044279026e-07
217 6.22421858506783e-08
239 1.2087256933255637e-08
272 5.867066061759362e-08
288 4.728694593363799e-09
298 2.6677495592666434e-07
349 5.784269051514153e-08
371 2.1650067742944005e-07
382 8.258145902624179e-07
386 2.650355859209143e-08
421 1.0050104304162516e-08
463 2.7384739151513107e-07
619 1.1297236916681577e-07
630 1.6494185700497754e-07
135 2.6818737821812643e-07
313 3.5156375824936906e-05
598 3.227521853157545e-07
18 1.3866622172398019e-06
74 8.527047091019249e-07
83 2.6884201908722164e-09
85 4.567383282214902e-07
104 5.2672696504798265e-08
188 2.8190248528445883e-05
202 1.5361209476163033e-05
218 1.7930725529589235e-10
235 5.706459870401481e-09
282 9.535103206307775e-09
287 4.002779069400598e-09
290 1.0039719148005939e-07
310 1.385741573866207e-07
385 1.210411259227816e-08
437 8.659880301125516e-08
443 6.667935042687392e-06
462 4.988327480278629e-07
484 0.00013610796199620565
506 5.336243411915378e-06
597 1.2728472430648523e-06
614 6.059474286179403e-08
642 2.0303511558853612e-08
1 0.00013507963424749876
47 6.364743160794739e-06
48 6.685715714347034e-06
90 1.254227826948092e-07
276 1.7836203038523638e-06
312 3.7016106990282166e-05
350 6.723518708046043e-07
524 3.3147778206828655e-05
659 4.547603295178582e-05
675 4.245521124489508e-05
45 4.6098807132590444e-08
54 1.0318032018032945e-08
62 2.0114555412761458e-07
70 4.5874870252506636e-07
72 5.667269877093943e-07
97 3.121617872290689e-07
102 2.5007098869289275e-07
108 1.3449890262255442e-08
111 3.425383020036286e-08
112 8.609073876028025e-09
152 3.7430398012983045e-06
180 1.3799179785178127e-08
201 5.680028059433695e-06
207 1.4386656624755336e-07
208 1.5294356448540253e-07
269 3.3095269056639873e-06
273 1.0755497607162278e-06
274 2.8635088184185934e-08
370 3.474254163839303e-05
419 3.2311012944919357e-07
466 4.106857134767936e-07
497 9.107781514532202e-05
512 1.970925186758385e-05
514 5.0560269309841655e-06
525 3.444493285351252e-07
527 7.65130409411862e-07
528 7.407059912007334e-06
607 0.00013021824268135744
623 1.8925446170793284e-07
625 2.4035576406735463e-07
626 2.678976824077089e-07
627 4.147499738117255e-07
645 9.18484028193452e-08
665 1.529758593355086e-05
712 4.0572438157208824e-07
715 2.1733906364919866e-07
57 3.6555209486915234e-06
67 1.6640190153151823e-07
105 5.721079549593899e-06
149 2.2162827235135788e-05
326 2.4217778262406574e-06
396 2.2858589412920655e-06
511 2.8414486207847454e-07
636 1.230579492211579e-07
7 1.363218646452297e-07
22 1.142923344647208e-07
24 7.936998895385782e-08
52 4.74329400020656e-07
71 1.4625684533172444e-07
103 9.478076638892798e-08
106 2.434936231619218e-06
134 2.7698943953398394e-09
148 1.4823630455886596e-07
151 3.4877104691318474e-07
154 1.096853219425344e-06
157 1.9592762789575366e-06
159 3.83033799088052e-06
190 7.979082908313994e-07
194 1.3084289347194579e-09
200 1.5752248284554893e-08
203 4.913269940089517e-07
205 6.573706363641127e-08
233 2.5031536902756055e-09
260 1.4345401073763632e-08
262 6.784900597044964e-09
264 1.7594020163663207e-07
268 2.649609000964562e-09
286 3.3807809280840453e-06
294 3.6330646849907483e-09
303 1.2704677167956131e-08
309 1.4838359294959557e-06
337 2.9175911160590417e-08
344 3.3964316943722917e-09
356 2.796144487551581e-06
388 3.779378778238506e-07
391 5.098181161186688e-06
398 4.963450774330487e-07
400 4.952821329764397e-09
402 1.6685468701888866e-06
404 2.8854792839030186e-08
410 1.1194946585746669e-06
430 1.0300697670348833e-07
442 6.683801640431662e-08
448 5.746280703534933e-08
470 2.7392914873641976e-07
479 5.4551410611579865e-08
487 3.595213806677752e-06
507 4.384005245017779e-07
516 2.993445770712642e-06
522 3.32257573692004e-08
530 1.3630965788432725e-06
532 2.527981213757085e-07
535 2.5997542113100277e-06
537 2.641996119373852e-08
575 1.8430755346580596e-06
601 1.6808309999018151e-07
603 1.0730616422128894e-05
621 8.164941888859778e-08
628 1.8624984428314e-08
632 2.6712628226709537e-07
635 5.0661963829212485e-08
638 1.490542320466547e-08
643 2.331367911766427e-08
646 4.4055143139746926e-08
651 1.8854987278526404e-07
714 2.204511369267964e-06
27 1.4094785190202678e-05
87 0.0001924735778281005
244 3.4647963576528624e-07
348 5.494277836533226e-09
379 2.4534697136615358e-05
406 9.372207768561288e-06
492 4.33847345078955e-07
562 3.135580961821141e-05
600 4.1315983477920886e-07
15 2.6985550251420755e-07
23 1.0984001108207214e-07
32 9.43855668440958e-06
50 2.0460586719046478e-08
53 9.798090779571567e-08
58 6.19362323621859e-07
61 1.6617556327752555e-07
64 1.4134368508621778e-07
68 4.7063218762398203e-07
107 1.5535738287297593e-09
123 4.461925550788411e-06
127 2.110035330209985e-07
150 9.042264596959953e-09
158 5.060768143492681e-06
160 5.3170325563473725e-06
165 6.688770457946071e-06
204 2.3632772590005432e-09
232 2.1943805433423793e-08
246 2.9064240753486484e-07
254 4.028888217000212e-08
259 2.5633305984124554e-07
261 1.4574209695549124e-08
263 1.2646496377808535e-09
265 1.438829999784034e-07
275 1.5331802869713913e-08
295 4.625751059070833e-07
319 1.1792239496506207e-07
338 1.771373472538847e-07
347 1.0003012983084249e-08
351 1.1460437156416782e-08
361 1.423574686663384e-07
369 3.248446996669987e-07
387 7.739572980121693e-07
389 6.326035535540535e-07
392 2.3319911799006216e-07
397 1.3761702941427537e-08
399 4.902629047385572e-07
401 1.7790548051767088e-06
405 9.69689291073033e-05
411 5.094347253560344e-06
415 1.0041683742460888e-07
422 2.8454487508608737e-09
425 4.229108493434334e-09
439 2.6920435379292075e-06
447 5.0063702376446405e-08
465 4.354582686718605e-08
477 1.199015648336307e-07
510 4.429606321432643e-07
517 6.316319831083967e-09
529 2.614106895266602e-07
531 1.9877176998702766e-08
534 9.710639363205779e-08
536 2.927336184957137e-07
548 2.6583857416790087e-05
602 3.3475487983101526e-07
620 1.0482825330294305e-07
622 2.2689919412239614e-07
629 3.134227269380401e-08
631 8.386795045332638e-08
633 5.5192174915587266e-08
637 1.0544157342663298e-07
639 6.295308690045382e-08
644 3.776756362430722e-07
647 6.036361066759922e-08
649 3.206070004965763e-07
713 5.8822019625216107e-08
720 2.203392936077045e-09
