698 2.254907996911219e-06
136 2.1793938438428372e-06
249 4.4579709621069837e-07
325 1.3651683070343113e-05
366 2.8853405144625587e-06
567 9.023082714437597e-06
305 3.2293319836704183e-06
545 1.3599854457703235e-06
692 9.332702827295081e-07
19 2.1424636303762256e-06
432 2.5765549401597496e-06
255 5.313580649793888e-07
11 1.2234979560510153e-05
380 7.145337141183743e-06
590 8.547364809851454e-06
40 5.605708598735688e-06
324 1.146156861503403e-05
36 6.7698465623857076e-06
196 1.8106188497281059e-06
296 1.821381029101395e-06
33 1.0591524433868559e-05
37 2.248934826978321e-05
441 8.205994224089337e-06
558 4.84394163247584e-06
653 3.3806444335751227e-06
17 8.007431813994206e-06
572 2.731930630765516e-07
624 4.996160630190631e-06
668 1.0418864360992028e-05
358 5.673669678216046e-06
588 2.7594587797431813e-06
705 4.9677545898764026e-06
277 7.443910778320146e-06
414 7.622806666413069e-06
167 7.877536901322796e-08
582 3.478079104710574e-05
670 2.55882641523551e-05
284 2.000598496283576e-06
483 2.03999506767558e-05
508 2.3416497918668215e-05
211 6.793667989033581e-06
596 3.3347716666245912e-06
113 2.741400423723163e-06
434 2.420065803313558e-05
584 6.9470000989500795e-06
245 3.371291607332209e-05
608 1.904697381799276e-06
