0 0.0002806690168935077
3 0.0001423005678786981
20 4.537117354837498e-06
29 0.00021409740156965433
31 8.878337443623173e-07
34 3.61412646699695e-05
39 3.1085048171707313e-06
41 2.5219126012496912e-05
42 9.549299052951938e-05
43 2.1657003841214844e-06
46 3.6156006333380066e-05
49 2.4177207359737174e-06
51 5.172326275561433e-06
56 1.3009926043850927e-06
184 2.741526007655182e-06
187 2.785982903933543e-07
222 3.419017449879165e-06
223 8.146103195259478e-06
231 2.349285104215245e-06
237 2.7582001150278164e-06
243 3.9496817476475024e-05
252 4.043806493896897e-05
314 9.324776821771428e-06
320 5.358618073106167e-07
323 9.721993772022723e-07
327 2.4004962648806276e-05
333 2.1728865349416095e-07
341 4.803893156425367e-06
354 1.9863748785678885e-06
372 6.850859737310908e-05
376 5.992382138268493e-05
377 1.2907191152576945e-06
440 7.22229933420315e-06
450 4.272991716470421e-06
460 3.3080545581753056e-06
467 5.853841036217644e-05
471 2.296183218415901e-05
473 5.345824548729536e-06
478 1.329132964935747e-05
480 9.477300897887112e-05
485 0.00013664473922113423
496 6.8649753093067755e-06
498 2.0017147225081503e-05
501 0.00010373486357288298
509 8.794993238062403e-06
533 4.105656571674726e-07
538 2.492827311486519e-05
544 4.098516098880034e-05
546 3.149259850456785e-06
555 4.782518706654172e-06
557 8.964469998632468e-07
560 4.002446569144662e-06
570 1.355162585258665e-06
571 6.776246475948444e-07
577 3.3256324427260454e-06
579 1.4581436296884845e-06
580 3.5181367226328863e-06
581 1.8068202508236464e-06
583 1.3339237910920487e-05
613 2.5566223262111993e-05
634 5.880955638787932e-07
652 3.926460572808005e-07
657 1.4456176264051513e-05
658 4.751838081265345e-06
661 1.1802321433933894e-05
663 7.64354771789818e-06
664 1.936712886134285e-06
674 5.145234984858422e-06
677 8.647215020308696e-06
678 2.6189369960156358e-06
680 3.0504243983085667e-06
683 2.438391502375074e-06
689 6.542785483421108e-06
695 1.3448224973484192e-06
696 1.3708319557957823e-05
697 1.6687362241026692e-06
708 7.139591959965958e-07
686 3.7372379498159455e-06
550 1.2203590218686211e-05
225 4.5884340231983554e-05
684 2.130932459281463e-06
228 6.482589346628425e-06
145 1.1459471788173165e-05
672 0.00011324256062282438
219 1.3714381691655195e-05
706 3.779103213512337e-06
144 3.9069738608148925e-09
693 3.2665841724107284e-06
308 9.306781971615773e-05
247 6.315401387510217e-05
431 6.898775427494851e-06
