490 1.6417982111712782e-05
331 3.857371214790315e-06
690 5.279739547618842e-06
650 6.009378880318367e-06
224 1.0287013183101375e-05
416 6.262240172645436e-06
671 1.5764857918366065e-05
700 3.679688111575445e-06
494 8.682640392779106e-06
585 4.923893661508531e-06
592 1.4876197259584123e-05
30 1.7253751630536334e-05
59 2.5402138249808286e-06
88 4.227952445677045e-05
94 2.011440805855784e-06
96 3.4662488146401496e-05
115 5.546480798508862e-06
129 3.283038262856667e-06
130 1.1874326499475825e-06
155 2.2373259032222247e-05
168 3.6191121491232815e-06
169 3.2522920153785146e-06
170 5.488645521947099e-06
171 4.3277227629034024e-06
178 7.555058644308421e-07
179 1.2751722805695603e-06
186 3.4329879430839914e-06
191 3.888708477449287e-06
206 1.7682963334360521e-06
227 1.6473904525168034e-06
229 3.1703538371708043e-07
248 1.4836982487362614e-06
293 5.3291246851466544e-06
299 1.1762098731932626e-06
317 1.9648761566557517e-05
322 5.818449663220486e-06
330 3.8291080411911204e-06
334 1.0110611559400638e-05
335 4.48502540870954e-06
336 1.3541631858564836e-06
340 3.156001087365959e-05
353 3.381197358498646e-06
355 8.65449526567369e-06
373 9.004637109510188e-07
378 2.171904408125365e-06
381 2.298744959606778e-06
390 6.8846903108724195e-06
426 8.46422271649177e-06
446 7.669793328416515e-05
464 5.8811359720996525e-06
468 1.686045717469589e-05
475 1.7642514432495623e-05
495 4.3750822157962397e-05
505 8.952955217904675e-05
521 6.929787005188546e-06
523 2.5127403123650968e-05
543 3.2668308179897054e-05
576 6.016442289918779e-06
578 7.381573804590645e-05
586 3.6868845713406464e-05
589 1.4843177854163502e-05
594 8.915219186386052e-06
604 4.209110628053479e-06
654 6.940355260825825e-05
655 7.093333982083387e-05
656 1.3495927240710631e-06
660 6.122138807794826e-05
673 5.220213309088118e-06
676 1.8208876718120566e-05
685 3.0565793368008596e-06
691 1.1036921154577462e-05
694 4.421772786515461e-07
702 2.728567020263155e-06
703 3.0702103362390578e-06
716 5.401204766439469e-07
701 1.1978223387574895e-05
318 1.3778231871001916e-05
164 1.5698513117386893e-06
493 8.326359589849226e-06
161 4.405311774150734e-05
162 2.027431662958494e-06
688 4.6933750174771053e-07
420 1.40642396096991e-08
236 1.1141404536013163e-06
469 1.660024818139846e-05
