504 3.4088622851759304e-06
374 3.5949537307287604e-06
413 7.255354214294483e-05
191 5.80836764976934e-06
329 2.4747814257825705e-05
360 4.6594690093195954e-05
680 4.212381820376176e-06
306 3.43313842084821e-06
446 7.7519313798713e-05
701 1.5085450028546269e-05
164 1.957840988607537e-06
679 1.6718692521740664e-06
494 1.1129823023211372e-05
80 6.554436004918082e-06
488 9.06030922889365e-05
168 4.165530852798586e-06
183 3.2658528618698274e-06
5 6.02925729518109e-05
350 7.862519992826926e-07
326 2.216258597809562e-06
96 4.09571193289613e-05
565 6.450874522872287e-06
304 2.59585041131415e-06
588 3.1645387928575646e-06
87 0.00017790736987965071
169 3.505911114333058e-06
117 2.0095731632709586e-06
574 9.359641132945917e-05
578 7.897836583827527e-05
493 9.550340773063657e-06
552 3.117754521764384e-06
192 1.3483666987226895e-05
607 0.00016038421457224337
383 5.652828407109412e-07
203 4.74181363162481e-07
38 5.093695441191205e-05
10 0.00016677073928069043
139 5.891205700293535e-07
548 2.5076456597646372e-05
569 1.636581957282847e-06
575 2.485358162775316e-06
172 1.1984179766025471e-05
428 2.032141051205253e-08
516 3.6735740589296995e-06
421 1.4823309976743386e-08
384 3.664769018773635e-06
148 1.933974173740886e-07
155 2.687787916361711e-05
481 0.00016470685044493076
375 4.312707080585014e-06
258 6.0260575119468876e-05
482 1.343104618883868e-05
568 4.4396555460449585e-07
114 3.3033915823706686e-06
125 6.169190665787776e-06
449 2.3988893002815476e-06
443 6.944371096461538e-06
438 2.0663729605843595e-06
250 2.336246921517585e-06
418 3.3815749735080746e-09
190 9.177278142418607e-07
127 2.2166620953477934e-07
427 9.361129499443978e-09
425 9.449604106351193e-09
382 8.678932495968469e-07
398 5.694376564833332e-07
402 1.7767322040677493e-06
424 5.102171925647192e-09
242 1.8360703031858103e-08
368 3.519557322132157e-10
389 6.589379894769868e-07
429 3.5104342210210948e-06
573 4.998606223018624e-05
682 9.798833711649036e-07
595 1.1909251206112543e-06
591 3.0796005920870353e-06
669 2.70726720203814e-06
201 5.689655760564056e-06
364 2.214869630860021e-05
173 1.4729927522718583e-06
234 3.0049416537133034e-06
561 2.1507682625291792e-07
146 8.589682860220083e-10
140 4.728426239288051e-09
45 8.589121432785995e-08
86 2.0484785357224787e-07
189 1.8087906923905663e-07
477 1.3434582302799489e-07
479 2.3082497574887863e-08
699 7.100157918984601e-08
295 3.712582706172162e-07
457 6.187781624729646e-09
195 9.103489877515681e-08
240 3.6557930769621303e-09
709 4.624429167000361e-10
415 2.5354464748549474e-08
215 1.8894685043437157e-09
142 6.352689468953868e-10
718 7.926967552535809e-10
394 6.05194853758604e-09
399 4.2129353317198923e-07
474 8.406536834027038e-08
214 6.938606708897823e-08
400 1.78715516445786e-09
126 3.4478291150262873e-08
392 2.129623859627046e-07
153 0.00011083458303174554
405 9.62419481321059e-05
641 1.4660917219769968e-05
313 3.6183557797731685e-05
177 3.177295949704517e-07
609 1.3212267922254328e-05
185 1.7458599718826897e-07
193 4.7967643381918466e-08
181 8.500121383397218e-08
253 4.6627492843433953e-07
559 6.691607244685014e-07
433 5.978363554101704e-07
466 4.305416799776702e-07
710 2.3987208740834303e-06
456 7.906976962710809e-07
82 2.857449698740679e-07
712 4.6077362188857374e-07
68 1.5169388147252347e-07
50 1.51942965609303e-08
180 7.110144052822425e-09
711 3.2552314378927174e-07
161 4.823409146556233e-05
339 5.05626541590256e-10
499 0.0005284518899528122
518 1.829844519076536e-05
357 3.953607944297841e-06
315 7.6070332972338075e-06
175 2.6131332164763253e-07
65 3.77543078383805e-06
285 8.211173792805195e-06
445 1.3163538303917625e-06
89 1.707286716541264e-06
451 3.0518279771224076e-06
84 1.037883216922711e-06
362 1.61500204430812e-08
363 2.3490795495691343e-05
269 3.204672217841934e-06
406 1.0070273732064774e-05
491 9.011070040076381e-05
60 8.731524969543667e-07
81 6.806394407831992e-07
17 8.455685309079956e-06
18 1.3642851644308825e-06
12 1.053931468253273e-05
102 1.7611782515461582e-07
371 1.5791533098836566e-07
91 4.003691278218174e-07
97 2.653117953889425e-07
144 8.64882722766096e-09
687 8.187559308288218e-08
110 1.1531493501853053e-06
159 3.3669811847428793e-06
182 2.323197101091032e-08
28 3.8858101025324926e-05
174 7.176531253603695e-07
70 5.663296439603798e-07
58 7.021957352906078e-07
6 7.890490485925662e-06
72 5.705597695427242e-07
92 2.494547323245106e-07
286 3.6542497761978193e-06
166 7.28422036201907e-07
349 3.8674720291162114e-08
606 3.857755573028482e-07
112 6.340805438547603e-09
197 1.6745538821300795e-07
632 2.1803276622869834e-07
611 1.069084752357935e-06
307 8.733159413107167e-08
436 1.539209279680215e-07
53 3.426617379667115e-08
241 5.271513336014664e-08
627 3.009858971310087e-07
338 1.3691416975228777e-07
367 4.9781702713676444e-08
463 1.7320845511476138e-07
602 1.2913120177827868e-07
715 1.7950807349823258e-07
111 3.1063834386061715e-08
119 2.1510195173691922e-07
316 3.823246663513932e-07
617 1.0965232921307353e-07
69 1.9495894281496168e-05
188 3.063586664303196e-05
122 9.71875435983561e-06
461 6.827432938352336e-07
407 1.7419096099342622e-05
308 0.00010561198139611132
55 3.7647882305836455e-07
90 9.29146104756361e-08
265 1.151207135496682e-07
278 4.776756596967736e-08
395 2.1393278951090647e-09
291 1.0942778191303904e-08
600 1.069213783909615e-07
95 1.1594837908087151e-07
103 6.67028858207416e-08
52 4.394966174666624e-07
137 3.926060391822056e-10
294 8.50409656555191e-09
462 3.8240558293854973e-07
98 1.322013470847564e-07
108 5.304254388942192e-09
118 4.978714651122965e-10
551 8.12880664895357e-07
616 4.134443910174631e-08
630 1.1003972308775121e-07
264 1.506287765047143e-07
298 3.1155937589953435e-07
256 1.1343779712763952e-06
612 1.1293188972704074e-07
626 1.7168361540892792e-07
631 4.738391169419049e-08
645 9.747360757495258e-08
553 1.6235234588317128e-05
453 1.4675073205136196e-07
163 2.8107371652657085e-05
289 2.551702696569226e-05
706 4.431184872241666e-06
489 0.0004458148943507123
85 2.0684766077159975e-07
74 7.066422289807094e-07
458 2.47575341450692e-07
133 1.9119637390834026e-09
618 3.1899169071196386e-08
681 7.969414359040186e-09
61 7.792017001163439e-08
266 6.435086406006414e-08
281 1.9046077065039516e-07
454 8.761945782732992e-08
601 3.559397918388753e-08
615 3.8433189928563185e-08
619 9.015990253909269e-08
623 1.0998979306337958e-07
647 2.021700218349393e-08
420 2.030964057902057e-08
104 4.736000368596191e-08
267 2.1884000615931055e-08
274 2.266232996927065e-08
4 2.616819914347467e-07
109 7.554917247754632e-07
138 4.130096553932613e-10
194 6.240588029524397e-11
620 1.8300398361748806e-08
625 1.5720469546857697e-07
83 6.924289169351056e-10
100 4.8382598181354735e-09
361 1.1506637878010606e-07
598 8.105774820472675e-08
648 2.1456783757097828e-07
640 2.954706789475232e-08
651 3.092404708897605e-08
199 2.623248967886557e-06
154 1.644770255087837e-06
27 1.452304951106853e-05
419 3.799252086829537e-07
514 5.990492905139325e-06
556 7.4557370857588875e-06
455 5.475941284162101e-05
16 4.871708386006545e-07
391 4.94701329616842e-06
408 6.551866010788606e-06
369 3.13095493121901e-07
411 9.80429559520929e-06
714 2.8718818589713414e-06
26 1.9674882869093658e-07
71 1.0802709297176318e-07
311 1.728943351351717e-05
409 3.792158128954089e-05
13 6.692849888204865e-09
220 4.774029400575562e-07
238 4.47796181945079e-09
271 3.438036638531544e-08
337 1.0270082790739728e-08
507 4.793550791847978e-07
519 1.491007369459752e-07
525 6.588753646215376e-07
530 1.2895598541491479e-06
537 3.308434648861772e-08
8 5.154590558182918e-08
24 7.518886859193072e-08
63 4.282314388157712e-09
79 2.528996816890677e-09
99 2.281528238576908e-09
280 4.4738462780334484e-08
310 5.392221265129258e-09
319 1.8466173223898664e-08
345 4.329149186072828e-09
385 2.157366878384758e-09
439 2.4704036694510245e-06
448 1.3168520920594233e-08
517 2.783488961557261e-09
541 8.754775767844675e-09
563 1.1589194884230236e-08
614 4.195490903586362e-08
622 9.865728750945715e-08
628 5.448556912225817e-09
637 4.669849067928032e-08
642 5.430734217465945e-09
646 3.990758278942292e-08
107 3.2577083399264906e-10
134 8.563641544831795e-10
272 6.752380795209589e-08
520 3.2383675942144295e-07
526 2.210607388907141e-06
531 4.3681152755723796e-08
542 4.935500333431706e-07
64 1.2710288353218095e-07
101 1.8977576949636785e-08
198 1.6308516511072856e-09
287 3.993727170583913e-09
347 1.903443505223271e-09
442 4.367027972229117e-08
629 4.69796343481916e-09
633 1.2762617930624995e-08
638 9.787388359040441e-09
528 6.65128156879481e-06
66 1.4573037571513138e-09
233 6.343498856887893e-09
262 8.875927724578202e-09
282 8.609908346130435e-09
346 3.06706256711199e-09
459 3.1793451228544704e-09
513 1.3917088441757452e-06
522 6.032196616572153e-08
527 8.162152016120207e-07
534 8.637688955512488e-08
14 3.1409226506332104e-09
22 7.42160351960159e-08
67 1.3684624830992935e-08
254 6.129619144714024e-09
260 3.608361117932312e-09
288 6.500619672042116e-10
610 7.041900755085156e-08
635 7.005970311584458e-09
639 3.1411368500521285e-08
644 4.4694945479102103e-07
649 2.5398494069044676e-07
54 7.0225622412112164e-09
218 7.200833485886038e-10
270 5.209281948336244e-08
275 9.012566368636855e-09
348 1.7674829832075703e-09
529 2.6423184044377505e-07
7 4.168958535263019e-08
15 2.167921451772701e-07
62 1.8485237128038084e-07
93 5.599988260001633e-08
279 7.47339938640472e-08
290 7.903338337420051e-10
344 1.902705409989951e-09
447 1.6224136730261406e-08
452 6.94109464902678e-08
465 6.573571634351426e-09
476 2.447343826074251e-08
540 5.356036620172663e-08
599 7.558248145092821e-08
621 1.1341102726289262e-08
636 5.219796439540955e-08
713 4.5392593165977596e-09
396 2.3609052568836342e-06
401 1.8551240544924769e-06
208 2.490968630150075e-07
597 1.2710213902554798e-06
151 7.813282462401534e-07
273 1.0375831340110369e-06
393 3.470275770250054e-06
410 1.2377184921354192e-06
535 2.5640887232932166e-06
388 3.837537622110335e-07
403 1.2185299262973132e-06
515 1.575674458358165e-05
422 1.7706200422560536e-09
365 1.2822905701831574e-05
157 1.604294631423726e-06
309 1.384038172986035e-06
152 5.048672337056133e-06
205 1.0687567339622818e-07
212 5.535634046810387e-08
719 9.030324233868872e-09
75 1.4654784652552668e-07
121 2.5507741648030257e-09
132 4.5928307826330424e-08
209 2.6711699871055496e-09
216 7.51116296631741e-08
263 2.2483103130622454e-09
303 2.009664724200596e-09
404 1.0913890969027356e-08
492 4.3311580355765184e-07
605 3.02022970456635e-08
207 2.425297259995687e-07
213 3.2331508316763644e-08
232 8.464038071916286e-09
239 1.735858525752153e-08
351 1.8699383123597788e-09
511 6.459055520747547e-07
2 5.008888366650099e-08
76 7.212413423763363e-09
150 5.492055609453468e-10
259 2.3921753513504336e-07
268 1.8133835823959971e-09
386 4.389590204332749e-09
397 5.659105618247512e-09
470 7.327444381644298e-08
532 2.665919047775366e-07
643 2.230414553873907e-08
217 3.348159192852005e-08
77 7.212413423759987e-09
200 1.6533804024175152e-08
387 6.765962444279195e-07
430 1.3929162887911824e-07
437 2.7857274471663968e-08
510 4.994885357414263e-07
720 2.819882423036564e-09
210 2.289827585760669e-08
235 3.980513711305023e-09
506 5.16127210386896e-06
536 5.421419395079983e-07
23 4.697338350202248e-08
78 1.1453480016767674e-07
156 5.269634080709813e-08
204 1.7519276614148462e-09
261 1.4004095500414361e-08
301 1.4844033792561077e-09
487 3.4574708030978632e-06
