120 8.79303672939675e-06
141 2.9939462871102648e-06
554 1.3716982360135024e-05
123 3.049436481817443e-06
549 0.00012540539937032984
312 2.4736197819058767e-05
562 2.4926946944435244e-05
147 5.287191942810147e-07
500 4.226132009442873e-06
659 3.0304771889123386e-05
503 3.970724127504369e-05
505 7.579314433594317e-05
675 3.492716667559431e-05
257 2.1950388190141065e-06
35 1.275627349834853e-06
46 4.071275531183326e-05
328 1.2068339937890205e-05
547 9.206166534359189e-06
48 5.503677514850254e-06
486 0.00042583775508864486
47 5.374276700574624e-06
283 6.311998280347592e-06
0 0.0002281254573024132
3 0.00014741346545482068
34 3.275154029351017e-05
42 8.067292566422362e-05
247 4.4993764371378754e-05
243 4.429962116542271e-05
379 2.1058552619986444e-05
485 0.00013788205168404038
544 4.089933868925741e-05
665 1.2128580427693249e-05
21 7.506064729893859e-06
221 8.0709840935367e-05
29 0.00018606838033832177
145 9.663926252127577e-06
149 1.3596957778947254e-05
160 3.8420855419648374e-06
484 0.00010601001343325493
667 1.2831242660001496e-05
564 3.012542532541602e-05
1 0.00011604063605859256
158 3.700298114069384e-06
165 4.777976554249306e-06
252 3.765154761498615e-05
352 1.9505409475125587e-05
225 4.136799856221297e-05
480 8.36384903309913e-05
524 2.5969815458901974e-05
593 9.536859655925404e-06
32 7.934356211120896e-06
202 1.5037008146179571e-05
332 1.8108070391525657e-05
302 1.292925278722103e-06
412 1.1013103599213826e-05
702 2.0902535233291055e-06
297 2.8450472385522443e-05
143 6.025549012827232e-08
342 7.3959527606887095e-06
435 6.679513110339317e-07
539 4.48518550791329e-07
25 3.7700777191355656e-07
135 1.9315382293689928e-07
370 3.0489878494073814e-05
57 1.6841432703383132e-06
423 2.067976724388672e-06
533 5.806624679845295e-07
176 2.42506491555105e-06
226 8.503830484386602e-07
359 1.272223207534268e-05
105 5.41630325492209e-06
566 2.3040170442719217e-05
116 7.042821556995692e-07
300 2.6038605118753527e-05
356 2.6314592389879706e-06
128 2.37332548947219e-06
276 1.2060191441106928e-06
512 1.9859610626103125e-05
184 6.13005658955942e-06
343 1.380177366675799e-05
431 7.4019770581498605e-06
497 8.646530553340886e-05
472 6.812460715860244e-06
124 2.910278436785783e-06
246 3.961765305625928e-07
603 1.1806265736588128e-05
244 4.4088049140840635e-07
106 2.4040842357276518e-06
