624 2.9341245292743247e-06
496 6.875487774882183e-06
538 1.3685999479846267e-05
652 3.5206200664122725e-07
73 6.069279845555825e-05
330 2.385343721853618e-06
381 1.2211224819370194e-06
475 1.3230419454520033e-05
59 3.6826466075775273e-06
179 4.4522396313071057e-07
664 1.3032759584236204e-06
694 1.8039061832615883e-07
228 3.4180371723097844e-06
550 3.225394492460511e-06
676 8.183757980565662e-06
683 2.0519334987803295e-06
686 2.874870318389729e-06
691 6.552343405433954e-06
707 2.3562027733668413e-06
223 4.783113084867274e-06
684 8.954781484327382e-07
317 1.1434665714653329e-05
219 1.0228752357067135e-05
426 6.994131006548699e-06
523 2.458173851042772e-05
570 7.786911688496036e-07
672 0.00010232600825155827
162 2.0423104259993476e-06
655 5.9279578444518e-05
390 8.823851758579487e-06
658 2.4381902638767678e-06
372 8.469015167841853e-05
321 7.104966917275936e-06
292 8.214426964939613e-06
131 7.129204337937663e-07
230 2.6628255793790026e-06
587 2.0731991366928692e-05
206 2.240373917017681e-06
224 1.1102317716394568e-05
115 4.564245121620549e-06
322 3.3252861845879023e-06
376 7.305894640088898e-05
