167 2.1314885977464328e-07
284 2.904385307085954e-06
668 1.3869855500649885e-05
305 3.1321999157634766e-06
414 1.0108854936428613e-05
698 2.3395934384018207e-06
33 1.0837193774792461e-05
358 6.3951013478705685e-06
366 3.587863643314505e-06
251 1.2851999328798733e-05
502 8.095871839338218e-06
196 3.3230769211414295e-06
11 1.3453552444537681e-05
255 1.1870911730051526e-06
277 1.036265488866111e-05
19 2.480407821054537e-06
434 2.1887699686849128e-05
590 9.561008923289547e-06
608 9.905927414626377e-07
36 5.158953563534975e-06
417 1.1937240780841421e-06
584 3.877254699843879e-06
692 9.385614481174952e-07
717 2.1566957737279027e-06
666 4.859602372790524e-06
245 3.251269522995911e-05
40 4.660831053769982e-06
596 2.6879711669005995e-06
113 1.8300324376216598e-06
211 7.061088441494631e-06
249 6.180567120499229e-07
508 1.2420948127797788e-05
545 1.337054739849646e-06
705 2.6114135422271297e-06
44 4.074496571283473e-06
432 1.8775077954843235e-06
