229 3.5092936888810813e-07
314 1.157281339649169e-05
323 9.229356684636116e-07
334 6.032651552560874e-06
353 2.315151465162876e-06
373 4.1963223169582597e-07
440 7.378506471755723e-06
521 5.054717945940991e-06
543 1.7453742474369106e-05
560 2.202742457637069e-06
571 3.383896469323558e-07
576 4.572490354184086e-06
583 1.0196957172142069e-05
604 3.355696676307663e-06
656 1.3372249721174246e-06
662 1.8628543820257078e-05
673 3.865455045391268e-06
677 5.227580768555285e-06
9 2.7920712007786386e-05
129 2.8144315576806025e-06
171 4.0040981658279e-06
227 2.5438687215939957e-06
299 8.534524229778415e-07
355 9.506571934160027e-06
444 3.0498425407094657e-05
555 1.934705492656157e-06
592 1.0883803311363855e-05
594 9.719195097401923e-06
693 3.4880947067592547e-06
697 1.190639245176376e-06
703 1.546641826931396e-06
716 6.241248593878029e-07
704 4.10008351302318e-06
49 1.992088277950936e-06
495 4.370067311373809e-05
634 5.530214407052804e-07
585 3.9064899237776175e-06
293 4.047555450515101e-06
464 4.812752335489261e-06
336 1.7764414185667952e-06
586 4.3934413726003675e-05
43 2.1935202367913617e-06
