695 1.9547660088809315e-06
660 7.025794640706735e-05
469 2.3404656282988588e-05
320 5.999682639917336e-07
170 6.019872793160181e-06
51 5.4528573398171524e-06
378 2.6119636343211493e-06
416 4.038597683355802e-06
490 1.1589824341342058e-05
685 2.2549663954166553e-06
700 3.3247310936166304e-06
56 8.093974054482035e-07
94 1.950226354553619e-06
248 2.8103470622448046e-06
333 1.0158888107647493e-07
589 1.1381733603264331e-05
671 1.0543672191983083e-05
20 4.068133625741924e-06
31 6.141120119579638e-07
88 4.905369121090333e-05
130 1.7231820319506463e-06
186 1.4957758659119715e-06
237 2.381862656395658e-06
318 7.5276384918253494e-06
468 1.3249381856571064e-05
546 1.8363697977581247e-06
579 1.2646286216099784e-06
650 3.860692284857279e-06
690 4.039145151595808e-06
30 1.705096094738185e-05
178 5.091846626860383e-07
222 2.0503995193478006e-06
236 3.84702296272986e-07
327 2.3826428141420102e-05
331 3.7442720253434316e-06
335 4.552252607876328e-06
340 3.3598069493915416e-05
467 6.320245496397865e-05
473 8.54762127407429e-06
509 1.1639634325562454e-05
580 4.459550702216894e-06
654 6.938109393081443e-05
678 1.3674808482471416e-06
688 1.065195114438201e-07
