39 3.2201248754533494e-06
41 2.9538410478060424e-05
136 3.231959114842886e-07
187 4.1001213542342914e-07
231 2.938585915640705e-06
296 1.7922768134913105e-06
324 1.0285804672385607e-05
325 9.771283498965992e-06
341 4.338645538390469e-06
354 2.03957566796115e-06
377 1.5737570211997106e-06
380 4.164478386192499e-06
441 8.429195216342655e-06
450 4.9846861582495e-06
460 4.018325231082588e-06
471 2.62515322976385e-05
478 1.3739332772597842e-05
483 2.005950225826025e-05
498 1.3992335431976428e-05
501 0.00010480014362204809
557 9.513858598022993e-07
558 5.649939557958729e-06
567 7.241874431262421e-06
572 4.663299872462091e-08
577 3.144293781423305e-06
581 1.6068115399046382e-06
582 2.3834064946307473e-05
613 2.424139627277093e-05
653 4.261374753329477e-06
657 1.4840935198560177e-05
661 9.228870944797118e-06
663 5.06366764806378e-06
674 5.220463929874445e-06
689 6.538253285131877e-07
696 1.3560927507290822e-05
708 9.154113641528456e-07
37 2.3667462511578396e-05
670 2.4331831650508623e-05
