16
-0.004322162794730984 0.019239906527706633
-0.003991344019580236 0.01922148760476405
-0.0038633074901820398 0.018868014731670824
-0.003757102826477738 0.01868300907436427
-0.004619869184712186 0.01911404324946586
-0.004135407229604823 0.01906845417927748
-0.0035889098658829447 0.018984993410282553
-0.0032593199391086547 0.01890374872358679
-0.0051603653175552105 0.01951878476387273
-0.004137775051438508 0.019389133703029707
-0.002522962507042914 0.019392068596333342
-0.0017876313276853127 0.019379434462049316
-0.0056643878021780765 0.020140655447271453
-0.004175245966235889 0.019958554060826094
-0.0015265521056331826 0.01995844404435156
-0.00034766253531636485 0.019950548202925054
