16
0.013607877881438113 0.012444784737207929
0.01324206982873015 0.011586735059256689
0.01315174102295866 0.009843530696197905
0.013147944339169246 0.008884085597216634
0.013502303917342938 0.011422491935996728
0.013168071215481213 0.011084469885599565
0.012960196110512504 0.009882633780495361
0.012869448704115737 0.009234881110704508
0.013219167580125096 0.011109580314790432
0.012893536712191057 0.011001206630644701
0.012351826639385393 0.010532153608435289
0.01210985037408262 0.010107699124749746
0.01299020278155828 0.011339478896357556
0.012575548161872662 0.011365216047139852
0.01172697981273305 0.011491100115799027
0.011278610746358839 0.011449165470655793
