16
-0.014235564357748597 0.0053927943228201615
-0.014093671518437644 0.004477860700443088
-0.014220179576754442 0.0030328199755403264
-0.014574414962712915 0.002305742301152938
-0.013882572882660319 0.005711224885479294
-0.013793860332067151 0.004749049735028912
-0.013980980843004179 0.0030699455701874846
-0.014381468645035525 0.0023315431706808455
-0.01293532182451134 0.006738577950691852
-0.012972594090220965 0.005602377575563398
-0.01356563857919574 0.003132065237032755
-0.01414065638492736 0.001677967185106958
-0.012326319321196065 0.007474373794171704
-0.012576153282158371 0.005956926946974816
-0.013272110542290376 0.003198017274601511
-0.013853402183160406 0.001434643283754354
