16
0.011974182904010297 -0.017215982057749518
0.01132023579164278 -0.010047506255252128
0.012666611054389812 0.0016452187324532393
0.01471979797866784 0.007663147068039266
0.006864786915476245 -0.014271348572255179
0.006681185895490145 -0.008362464077911233
0.007833177764245131 0.0030332398480606404
0.008997655915426018 0.008365377707127935
-0.002863161458600097 -0.01153617232092313
-0.0027759446399190234 -0.005590002016355605
-0.002124569964314022 0.006578546742551265
-0.0013192762007440428 0.012335150726829532
-0.008579499349698563 -0.011102683833871613
-0.007607421594467107 -0.004174870715246549
-0.007106771644211983 0.008844598961415588
-0.007253327452114664 0.016144335273792644
