16
0.006763021047619804 -0.017695125475492367
0.0077589725154466474 -0.018240816992761
0.009661209164748764 -0.01886985130634014
0.010766074620076895 -0.019100728533108405
0.007859088564609517 -0.01699079424958579
0.008466601736662473 -0.01759497043439595
0.009861419051574796 -0.018321926191254966
0.010759346405682426 -0.01850294397401641
0.009539532658588576 -0.016141385232685164
0.009768426734984717 -0.016847595090511574
0.010467981222721613 -0.017695885952118982
0.011041635958295142 -0.017972974363697276
0.010181459285273498 -0.015782335686484118
0.010278587256268346 -0.016616430600868305
0.010806913636082723 -0.01766038617453505
0.011355066100923876 -0.018009131874148907
