16
-0.009174424488667813 -0.014891517340813584
-0.008642452425343124 -0.015430703599078213
-0.008458871030614734 -0.016344846985360467
-0.008614431063043342 -0.0170311420896741
-0.008300758539318824 -0.014330050322085678
-0.008075247518439495 -0.014745565939295593
-0.00795266529035717 -0.01559571191011642
-0.008128811324536836 -0.016093862092684097
-0.006085492362987331 -0.01252224611649898
-0.006267597493879212 -0.013071082079632512
-0.006835119873446153 -0.014146998483139394
-0.007320609063295407 -0.014607829261837662
-0.004544469809661568 -0.011266878777888224
-0.004992759368612202 -0.012064314541892291
-0.005726657545867948 -0.01326666877058258
-0.006320480255440922 -0.01370034137473903
