16
-0.005178126416481941 0.002138609898190163
-0.004315537391016543 -0.0001397108991069255
-0.0031058843925701077 -0.004031015273143585
-0.0027479810022699746 -0.00643603229186344
-0.0027711229092229296 0.0035633216945059887
-0.002455950513671654 0.0012225461994373155
-0.0013619960887846358 -0.002921667066236743
-0.0008019122188385625 -0.005000965428651551
0.0008376686941899954 0.006269756161437795
0.0011714822563088103 0.003679724714473969
0.0022151505760517197 -0.0014417887439110914
0.0028597654360397423 -0.003847053360836187
0.00259111845307723 0.0082333579026149
0.002714426355511065 0.004871541037577618
0.0036991917494691366 -0.0008325116888591082
0.004530639306354594 -0.00396272382172866
