588 3.220622642416065e-06
693 3.829655989694333e-06
666 5.907543608237005e-06
353 3.924725201489804e-06
706 4.4960328710939895e-06
304 2.558002345784053e-06
323 1.453587922566879e-06
662 2.6024035614486244e-05
717 2.212197579956783e-06
9 2.877982428591831e-05
594 1.003975535466893e-05
128 2.6690158481175462e-06
276 1.683389077667146e-06
692 2.343605654731481e-06
545 3.3416216034248175e-06
147 5.432031879131377e-07
539 5.686738487819587e-07
584 4.4439190105103315e-06
129 3.165193450928556e-06
533 5.570171144653369e-07
25 3.834277005006153e-07
143 4.773840384455845e-08
135 2.810268677489506e-07
226 8.503984657173946e-07
505 7.677360005105503e-05
702 2.0364944066635077e-06
417 1.1646522639878877e-06
359 1.3316608671799912e-05
113 4.4413227056128315e-06
141 2.725203150196326e-06
297 2.9596664432633136e-05
332 1.8373354273202895e-05
342 7.332169467969471e-06
435 6.444658630239392e-07
176 2.1662954222434746e-06
105 5.956729902497614e-06
423 1.9192307499673995e-06
432 4.780784522312615e-06
46 3.964214268997327e-05
47 5.011449304207163e-06
251 1.3145969656352921e-05
283 6.650238397298989e-06
302 1.3281679969262299e-06
312 2.1349472464110988e-05
486 0.0004298302999015416
500 3.964953456624818e-06
502 8.467144309446094e-06
503 3.813104615378346e-05
593 9.619971997369498e-06
675 3.378054769774373e-05
608 1.365098773978686e-06
32 7.960797128876636e-06
370 3.168955596212374e-05
0 0.00022571604993969977
1 0.0001157986699095763
3 0.00014555836591973852
34 2.9874314095007005e-05
42 7.85793563592072e-05
48 5.223647647248274e-06
149 1.240779345625015e-05
158 3.9393829722249995e-06
160 4.149938737341224e-06
165 4.836967199264326e-06
243 3.994496240907304e-05
247 4.820528665495634e-05
252 3.932641051698146e-05
328 1.1975853578302644e-05
379 2.109880125532957e-05
485 0.00014709559426580695
544 4.096150629937676e-05
549 0.00012387788031514307
562 2.3194497235033392e-05
659 2.7205012336199097e-05
665 1.2465635634152394e-05
249 8.088501054121254e-07
705 6.559396259592988e-06
512 3.047590151682348e-05
29 0.00018824170781864423
35 1.2100528280094023e-06
123 2.104967764770486e-06
145 9.329559447828189e-06
352 1.9985196482874742e-05
480 8.079194476425349e-05
484 0.00011002204463743167
524 3.00519851130811e-05
547 9.30034385761978e-06
596 4.1822891577434655e-06
667 1.3083030857249305e-05
554 1.2148795906292432e-05
566 2.3645225393821047e-05
21 7.358386293448642e-06
225 4.2113984991019834e-05
564 3.023696397056376e-05
221 8.253454037935523e-05
245 3.451537776462929e-05
257 2.060446057232787e-06
