317 2.3083128236573313e-05
372 9.002943803396191e-05
707 2.6806779851013535e-06
672 0.00011948704601166239
122 1.0630689879444934e-05
17 8.569569556558723e-06
219 1.3220695018212758e-05
80 6.640350461693334e-06
472 6.998656848638091e-06
488 9.143463291581773e-05
515 1.6849913310767313e-05
565 6.377208345924658e-06
591 3.127211356063854e-06
669 2.7608121694911087e-06
115 1.0190057809578644e-05
253 4.727552569338289e-07
426 9.137870453924845e-06
429 3.5499982069655527e-06
434 2.5821217876551225e-05
493 9.662884278023337e-06
518 1.832058003387141e-05
523 2.420961387981052e-05
570 2.085018996062625e-06
587 2.7006190284831564e-05
658 6.710978118739697e-06
124 3.0984928104375772e-06
356 2.816245079197876e-06
375 4.3345755676753885e-06
679 1.6640316328490824e-06
682 9.910975226780196e-07
695 2.309219646600828e-06
5 5.955580935098813e-05
10 0.00016664919228515188
38 5.129360247237818e-05
153 0.00011143695205863285
155 2.6907039156945253e-05
162 2.3053785091885507e-06
164 1.946742373354404e-06
168 4.105420025965878e-06
169 3.4901455271563254e-06
206 2.9232394224861777e-06
224 1.465630493966002e-05
230 3.7510048447986614e-06
289 2.6007484659113783e-05
329 2.3200981966220927e-05
390 1.103662935726592e-05
655 6.699912648084472e-05
91 3.8258851813680573e-07
92 2.383250681037527e-07
95 1.0914940195759262e-07
97 2.5103893409830373e-07
183 3.2209926963682606e-06
258 6.176124864533798e-05
269 3.235471438136858e-06
278 4.465114070379235e-08
286 3.703428319571431e-06
298 3.119327127080132e-07
315 7.613029524146135e-06
362 1.5819096743427988e-08
409 3.8555279344766536e-05
420 2.0048141024013772e-08
528 6.773564225382862e-06
574 9.506421865173471e-05
715 1.6484974674396392e-07
18 1.3836245195112393e-06
110 1.1656013124178975e-06
166 7.39277797151178e-07
191 5.75677283328011e-06
363 2.3765169582580705e-05
569 1.583088269810757e-06
701 1.5132504269578617e-05
12 1.0575718628707798e-05
28 3.9412751926547266e-05
36 6.593829671771167e-06
40 6.327286300618696e-06
44 4.691306277887911e-06
69 1.9550936679126156e-05
131 1.2966770516002775e-06
159 3.384722737415054e-06
161 4.874741032285089e-05
174 7.157652975373488e-07
188 3.114158730909124e-05
211 8.40836854202556e-06
307 8.428727621383919e-08
326 2.188010379777808e-06
350 7.808409602683481e-07
357 3.9914727815296184e-06
405 9.769799613517738e-05
481 0.00016542964558027043
491 9.15247215130886e-05
494 1.1068900505929442e-05
499 0.0005376916338702875
548 2.5284413939165795e-05
553 1.6905793520424362e-05
556 7.528672286593243e-06
573 5.026358148731681e-05
595 1.2099478091540346e-06
660 7.585639455930328e-05
13 1.1572739595585362e-08
54 1.2912681168273036e-08
61 7.340611571135397e-08
83 4.968510594905845e-10
98 1.2321249040326295e-07
102 1.6425832633454888e-07
104 4.641634999414698e-08
108 3.5031208757182455e-09
134 1.149296427363432e-09
154 2.172460919674781e-06
205 1.3838254605018736e-07
208 3.006515737480524e-07
212 7.585453299252452e-08
217 5.033451575349423e-08
220 5.363689199312097e-07
232 1.1832267606108944e-08
235 6.554666838904177e-09
239 2.1071761969390782e-08
264 1.4924484800412914e-07
266 6.288284012742811e-08
270 5.196844109390512e-08
272 7.039360572060524e-08
275 1.1812228803958548e-08
282 9.089520863948514e-09
339 4.153984554412797e-10
348 1.8561210522186555e-09
351 3.422923741674257e-09
361 1.1377986824028236e-07
406 1.0098609888259242e-05
454 8.202826697755555e-08
506 5.407258071780159e-06
520 4.0196689983978284e-07
525 8.4335285169503e-07
527 8.37184028374324e-07
530 1.3183603734872477e-06
534 8.91760581369577e-08
537 4.710979089470042e-08
598 7.749168210216088e-08
606 3.885110869017861e-07
627 2.8423367690438623e-07
648 2.0502375154506395e-07
719 1.4116833002639454e-08
4 2.684933307319577e-07
7 5.207597918301787e-08
15 2.3414553341502432e-07
23 7.452452705858921e-08
63 8.72658112248627e-09
67 2.837114966728958e-08
79 9.986633967782729e-09
99 4.357596820876926e-09
109 7.680657012323759e-07
112 5.188829857221904e-09
118 1.0956726628853156e-10
132 5.0052417481311346e-08
138 2.2074195858674703e-10
150 2.2493185892062933e-09
182 1.8119705298519462e-08
198 5.623713330968224e-09
200 1.9302135221537096e-08
204 7.205697502219135e-09
256 1.1507694245874183e-06
259 2.470852394092324e-07
261 1.5301285409564518e-08
268 5.354927019126719e-09
279 7.720507263933717e-08
287 8.2524226932964e-09
290 3.644924874000962e-09
294 7.407979976573016e-09
301 5.785508726865458e-09
309 1.4357771965788297e-06
338 1.3092906575573512e-07
345 5.211063871748534e-09
367 4.59735191017998e-08
371 1.5106292992196383e-07
385 1.1718039825866804e-08
387 7.110991372831305e-07
404 2.091855920806075e-08
436 1.6616671580760413e-07
442 4.791866054420164e-08
446 7.603997237525883e-05
448 2.7101636639156702e-08
463 1.7355361818176447e-07
487 3.5513569201043977e-06
508 2.8108927780029997e-05
540 7.537979987191543e-08
563 1.6620436650136373e-08
600 1.1277070565519871e-07
602 1.4022683064325444e-07
612 1.3135220148345153e-07
615 3.760959449816096e-08
617 9.39911728286524e-08
619 8.785831692423125e-08
621 1.4198769327438418e-08
623 1.1990220838916807e-07
626 1.673287680749973e-07
629 1.685347868473652e-08
631 5.182015270823595e-08
633 2.160682908051587e-08
636 6.524943016636393e-08
638 2.7621168935953874e-08
640 2.6363335648664803e-08
643 3.8725084144147264e-08
645 1.071739383587596e-07
647 1.5905872132405543e-08
651 2.6418854775517025e-08
681 7.535943057503434e-09
720 5.532397963915043e-09
53 2.875162492258347e-08
55 3.7366554407370914e-07
66 1.593031096715341e-09
90 8.566417184815763e-08
100 4.41994679328622e-09
103 5.9453015134868806e-08
107 5.340669804345807e-10
133 1.793691003404789e-09
144 6.688067534835005e-09
157 1.632095362248956e-06
192 1.3806561020738176e-05
207 2.913733906361291e-07
210 3.2507419859010125e-08
213 5.062282117833445e-08
218 8.59491085858945e-10
233 8.997823530033188e-09
238 6.512562023565771e-09
241 5.2105299092278855e-08
262 1.0290211610826745e-08
265 1.059287757979001e-07
267 2.127013110151872e-08
271 3.522906803428395e-08
274 2.1253091357543636e-08
281 1.8600087644132066e-07
337 1.0888545132979444e-08
346 3.085959149117757e-09
349 3.135935195765901e-08
368 4.5550188401603723e-10
395 1.6114838245560212e-09
459 4.707570851181121e-09
507 5.664241105366572e-07
513 1.9326338854419334e-06
519 1.5721444876263986e-07
522 8.432432006850443e-08
529 2.8838586474708844e-07
531 5.567907473806559e-08
536 7.80379714260613e-07
542 6.724073136720644e-07
597 1.3030953654875813e-06
611 1.0370608863169659e-06
641 1.4687613607179184e-05
687 6.758037049097187e-08
2 5.619040587584222e-08
8 6.319787158439203e-08
14 4.97214877482125e-09
22 8.893068998590145e-08
24 9.242974372783746e-08
27 1.4982427348649186e-05
52 4.545026098981885e-07
62 1.9154058983966694e-07
64 1.3330313899631807e-07
87 0.00018355454156437234
93 6.088659407339512e-08
101 2.0326333178150206e-08
137 1.5949069978245057e-10
151 1.1361469580144088e-06
194 7.741701083100676e-12
209 1.0444770625896219e-08
254 1.0619463933866607e-08
260 6.7554746771019225e-09
263 6.449762913791679e-09
273 1.060537014172792e-06
280 4.7262538972541e-08
291 7.3219936312085565e-09
303 6.621873802092887e-09
310 9.111278869736615e-09
319 3.155648521988563e-08
344 3.976692767130186e-09
347 3.5291315789751747e-09
386 1.3076017969350278e-08
388 4.335043606661345e-07
397 1.1855457518107312e-08
422 3.2869355430700724e-09
437 3.998672258034144e-08
447 2.593503574915028e-08
452 8.643203855667393e-08
465 9.14215964007025e-09
476 3.430393014303447e-08
492 4.947319531857023e-07
510 5.593805146046243e-07
517 3.3910865195216956e-09
535 2.8859516286791843e-06
541 2.0368454419820025e-08
551 8.227664715428467e-07
599 8.597458463901476e-08
601 3.594360314807647e-08
605 5.065770228259069e-08
610 7.62791313264599e-08
614 4.586556812747275e-08
616 4.262061078155779e-08
618 3.6071543696386745e-08
620 1.9472482809256656e-08
622 1.1556804294312571e-07
625 1.7236182354828568e-07
628 1.4276786562552912e-08
630 1.0547546457238904e-07
632 2.4099300727192065e-07
635 2.0729835602145476e-08
637 5.2676342612410946e-08
639 4.055769025201363e-08
642 1.607111176649824e-08
646 5.154035678830781e-08
649 2.650154223093808e-07
713 1.6308364554205475e-08
117 1.9890232631386637e-06
365 1.3026704426216562e-05
504 3.456276665098438e-06
680 4.265496087201086e-06
121 5.539057679154598e-09
156 7.008650695124667e-08
214 6.980812640814005e-08
532 3.2338375242418063e-07
526 2.2416574692880757e-06
78 1.2508119023449946e-07
111 3.001735516105998e-08
119 2.161366044879537e-07
197 1.6871091537746852e-07
313 3.6745577039987585e-05
392 2.2682927429083508e-07
462 3.922572153841421e-07
60 8.615572831179641e-07
482 1.3624715207614692e-05
175 2.5693274849462624e-07
75 1.8244305777516518e-07
77 1.3284349320354078e-08
16 5.952657435062232e-07
76 1.3284349320360102e-08
430 1.71953110315098e-07
139 5.78667316313159e-07
177 2.871834678999389e-07
180 7.056576249568545e-09
316 4.036439380789262e-07
461 6.942153749376511e-07
142 7.151146057729075e-10
288 9.528769451869358e-10
445 1.340133588573525e-06
199 2.773127349511532e-06
470 1.0310834430534115e-07
140 4.302212694685686e-09
146 7.861369751316751e-10
173 1.491558838964624e-06
185 1.6516014925424405e-07
193 4.394107217132321e-08
453 1.5350217851904962e-07
609 1.3754001365930493e-05
413 7.289956354142358e-05
71 9.88602406356772e-08
181 8.460598318803298e-08
201 5.801762687469327e-06
439 2.5414077406769793e-06
216 9.620704681564694e-08
364 2.2380307615375862e-05
70 6.017555089928244e-07
26 2.3788482558970944e-07
50 2.09062414569728e-08
58 7.408866061706152e-07
72 6.83750054967942e-07
85 2.4894978669627425e-07
126 3.9992046757858007e-08
311 1.7652755112209272e-05
400 3.197587878652955e-09
474 1.0475941478862822e-07
714 2.9520617033755483e-06
68 1.6763878627179906e-07
215 2.884075085851807e-09
369 3.2108085237821634e-07
458 2.601671195804711e-07
479 2.286188675270755e-08
644 5.004816360687298e-07
699 7.436261840356899e-08
403 1.2762629357202277e-06
306 3.466861372872299e-06
322 6.999028134774977e-06
455 5.60276245045275e-05
489 0.0004538382286383456
74 8.350525490629349e-07
45 8.882935919039344e-08
189 1.8818952765094138e-07
552 3.1608602410472346e-06
82 2.879223308965058e-07
195 9.452754461686552e-08
240 4.981059440046585e-09
415 3.479226633257727e-08
451 3.196026350012607e-06
457 6.248152583428757e-09
466 4.666491977979523e-07
477 1.5305098145578856e-07
710 2.4891733164523474e-06
712 5.210414431230024e-07
394 7.763013988407556e-09
399 4.4338089305437523e-07
408 6.672073349146312e-06
433 6.283350614457608e-07
709 6.283846972921088e-10
711 3.8396959819354516e-07
718 1.2296740434969403e-09
242 2.41144645618465e-08
511 9.422517421017005e-07
393 3.5572396880616483e-06
389 6.964995121763573e-07
424 6.418339579792675e-09
398 6.28380568334843e-07
401 1.931880957537724e-06
292 9.28546574201945e-06
407 1.7805234801204775e-05
65 3.870658015922097e-06
234 3.050124032837498e-06
285 8.355536389968392e-06
559 6.890283610794246e-07
561 2.2430026393805902e-07
86 2.1674694475832441e-07
89 1.8441075251556075e-06
391 5.077195530555616e-06
396 2.4681080425787178e-06
402 1.8585257458870391e-06
410 1.3035999519433682e-06
438 2.2808570932871956e-06
6 8.254013944939644e-06
81 8.166663231377572e-07
84 1.2387827007442203e-06
127 2.3434395141256426e-07
190 9.371538890954975e-07
295 3.8556854124775706e-07
382 9.145709000452761e-07
411 9.990986783081345e-06
418 4.673024114903065e-09
456 8.759976353328349e-07
419 3.918563147584677e-07
148 2.3188774700244282e-07
152 6.083355240254256e-06
374 3.6431633975168267e-06
384 3.7922333058420853e-06
425 1.2729360993510361e-08
114 3.3503711258685907e-06
321 8.73019630134274e-06
568 4.525413678396506e-07
575 2.5267985056812644e-06
607 0.0001628187756837132
250 2.3800100443182355e-06
172 1.2197759328802232e-05
421 1.8375884392765662e-08
428 2.439301186336698e-08
125 6.346579643009279e-06
308 0.00010875279138696946
427 1.266425760623395e-08
443 7.232428643332596e-06
449 2.783869928947167e-06
106 2.5305327978655813e-06
246 5.414239867527182e-07
244 5.778942583991079e-07
203 5.620547969091882e-07
516 4.113080289927244e-06
603 1.2716648332628311e-05
163 2.8851610925593756e-05
57 1.8035409512340932e-06
514 6.406232969265708e-06
497 9.176883068902411e-05
383 5.808812877390226e-07
300 2.7353889833168535e-05
431 9.917466191811864e-06
116 8.926893481247404e-07
120 9.744965422045731e-06
412 1.2785437826884065e-05
202 1.631164920952278e-05
