20 3.70598254957365e-06
31 8.671932246333898e-07
43 2.1109452099472907e-06
49 2.5694057498109548e-06
51 6.898789785947772e-06
56 7.414084932120685e-07
88 4.7632792402300454e-05
94 2.025595127538895e-06
96 3.802285809184052e-05
130 1.2507176469410578e-06
171 6.738275334881498e-06
178 5.793475101118633e-07
184 5.4613083116472745e-06
186 4.120426730630273e-06
222 1.7888890245548942e-06
227 1.588389315525959e-06
229 4.814837657716107e-07
236 6.251966525215833e-07
237 2.233173362469892e-06
248 1.7926651824132611e-06
293 3.7895072302452026e-06
299 6.330049255868417e-07
314 1.0178963048748238e-05
318 1.5241812341917643e-05
320 4.904913888122878e-07
327 2.067283534021082e-05
333 1.367066677922342e-07
334 1.0437438752161412e-05
336 1.623402989588505e-06
340 3.202087851499775e-05
343 1.4580268316080816e-05
355 8.853094131443503e-06
373 9.621816569711657e-07
378 2.5174210469412016e-06
416 4.049773424615172e-06
440 8.560331367420351e-06
444 3.611784946445118e-05
464 4.35681353606911e-06
467 6.632037238037597e-05
468 1.9040160929476424e-05
469 2.4978657738318797e-05
473 9.258348631844914e-06
490 1.225555385540501e-05
509 1.0731156133424909e-05
521 6.206988222266423e-06
543 2.4500469429667727e-05
546 2.2177211109058934e-06
555 6.2898022330266835e-06
560 3.897753196974643e-06
571 1.1839675389733643e-06
576 6.80473519148855e-06
579 1.660398264532113e-06
580 4.776353600268699e-06
583 1.2187311778474739e-05
585 2.6596449995539775e-06
586 4.3253316764660774e-05
589 1.4076403049756495e-05
592 1.646534164950889e-05
604 4.834227075691694e-06
634 5.46891588878689e-07
650 6.735704101623482e-06
654 7.700076931184395e-05
656 1.926865638985215e-06
671 1.0300805831992766e-05
673 4.673414929241167e-06
677 6.866095468308398e-06
678 3.705305676177351e-06
685 2.8373106560481827e-06
688 3.675110422894118e-07
690 6.169897453043549e-06
697 1.8378768568305176e-06
700 2.190359378889702e-06
703 2.727954020514824e-06
704 5.888231784286623e-06
716 6.697171430512768e-07
30 1.6755228153422124e-05
331 5.087193149158817e-06
335 5.419204500165859e-06
495 4.612551718509286e-05
578 7.76031356163064e-05
170 6.581562370505383e-06
