33 1.9850209986702727e-05
37 2.4852055374411323e-05
39 3.527294557132985e-06
41 2.8012002708808352e-05
59 5.325501154427789e-06
73 6.120969599614558e-05
136 2.5048951573788063e-07
167 2.3122339854617504e-07
179 1.3555170078764256e-06
187 3.3648686832547393e-07
196 4.782029923851399e-06
223 1.0221318492204763e-05
228 7.632276756169378e-06
231 2.5267982241804697e-06
255 4.021801683727344e-06
277 1.4233895402707777e-05
284 2.8291223753908016e-06
296 2.502844408376677e-06
324 1.2272324349493827e-05
325 1.186418930470719e-05
330 3.456533951995177e-06
341 4.29656498088061e-06
354 2.314379724113392e-06
358 1.3294119665298012e-05
360 4.4081781284373765e-05
366 6.278980167989944e-06
376 7.449777650407991e-05
377 1.6276911807794752e-06
380 4.2028663891411165e-06
381 1.69483473135401e-06
414 1.5232734556425845e-05
441 8.803338928195102e-06
450 5.0323733602050525e-06
460 4.598590143131402e-06
471 2.2341488395747742e-05
475 1.5680690941761985e-05
478 1.2856167414554774e-05
496 6.882842999231537e-06
498 1.6021372529441605e-05
501 0.00010396603389443054
538 1.499211722593294e-05
550 1.6768938715465412e-05
557 1.1255193549566589e-06
558 3.9275259213876594e-06
567 8.870694227572774e-06
572 6.796348143728878e-08
577 3.515167623159419e-06
581 2.1067844176465085e-06
582 2.426339250321518e-05
590 1.2266597723081938e-05
613 2.5644120485915282e-05
624 3.366926070249424e-06
652 3.743904948545226e-07
653 3.340758956312785e-06
657 1.1465771504048245e-05
661 1.1302321275735807e-05
663 7.071677919062772e-06
664 2.971197930430985e-06
668 1.625099737584999e-05
670 2.568375265352328e-05
674 5.586616191729265e-06
676 1.7467327922644897e-05
683 3.001110535206693e-06
684 2.943138722009632e-06
686 3.4803444969040505e-06
689 8.318564218425178e-07
691 1.2398368203219125e-05
694 9.140422283599751e-07
696 1.1401241096712503e-05
698 2.8982131911882477e-06
708 7.771624946835729e-07
11 1.8106468340851228e-05
305 3.918051870455217e-06
19 4.112032989703946e-06
483 2.019149401179042e-05
