16
0.0013332703393368972 0.016878980085462167
-0.0009405460555922273 0.01694793327930003
-0.00572581118531429 0.015950618201166774
-0.00831217285538711 0.015540949026021865
-0.0034162885725532327 0.014926424157686342
-0.003393309125764752 0.015439879726451696
-0.0052950418880642 0.015480425116958692
-0.006395272502496021 0.015473691123381641
-0.008607607637646486 0.013936941651593425
-0.005938058157038514 0.014937736350717858
-0.0017407054843298281 0.01640078815048739
-0.0005073202914662551 0.016892011787178033
-0.010627992399815248 0.014878733221029073
-0.006250256380915569 0.016169750876849943
0.001374566301125025 0.018453128734007524
0.004610537481130281 0.0193977740846541
