16
-0.003552001785727612 0.003943369919738273
-0.0037281305781470832 0.0003612067255137632
-0.005251726415164868 -0.005718021899409442
-0.0066039727256984 -0.009271847944803993
-0.0022515578861874897 0.005641436206855444
-0.0022449054952053582 0.0019615430308027493
-0.0032249529773028217 -0.004301353541082346
-0.00399503681473529 -0.00733168670236228
-0.0011815541693527044 0.008851539988190637
6.465560860548107e-05 0.005051744377071751
0.0018418718748830685 -0.0024157867142734287
0.0009456620500539037 -0.006035528213424614
-0.0005969262914466 0.011322656945594547
0.0008439746571452109 0.006504190211424435
0.0035400092940548913 -0.001694642448535847
0.003567778226932843 -0.006310487258618232
