16
0.01675535434459715 -0.019223521207376013
0.015783591266369988 -0.01123015127249187
0.017570537893077654 0.0016956668277100684
0.020371092574884155 0.007990187687803114
0.010681850122943896 -0.01576521089466608
0.01007698590275125 -0.009144704162991926
0.011488480236885056 0.003747840728293549
0.01317568216850941 0.009391752720475228
-0.001680814192481671 -0.012680532503640585
-0.0020990831610437238 -0.005730251179934968
-0.0012809242622413366 0.009059053783118795
-5.552712309797229e-07 0.015379761558754132
-0.009190773807700732 -0.012105580552518952
-0.008375202835609757 -0.0038076801268865025
-0.007712055065506895 0.012198108740674653
-0.00768703238928537 0.02069863568228154
