16
-0.009930135108713082 -0.014012441700275102
-0.0052422250583465885 -0.01623090204693281
0.0025292100947767225 -0.019731599129886496
0.006464531687963317 -0.021680054134501144
-0.0058048406979628545 -0.01376766304909681
-0.0033351988966749194 -0.015396913685442137
0.0016243164498842015 -0.018426829912111163
0.0038734738230056286 -0.01984512415583318
0.0017826487587290316 -0.012401740540083254
0.0015557587163737164 -0.013733554055340344
0.00030640580545865007 -0.015864066657383897
-0.00012205813994603024 -0.016860687457421128
0.0056723840459903495 -0.011419874067969448
0.003924753612486053 -0.012903669372697638
5.1245629744583745e-05 -0.014846125522801797
-0.002130808583184559 -0.015477740919433625
