17 7.838036256395642e-06
332 1.7800889461446684e-05
32 9.041185134583376e-06
163 2.6073989544130372e-05
423 1.7957861025991219e-06
176 3.386861658203034e-06
145 1.128582260306138e-05
143 1.1961696314504672e-07
328 1.1503013159564906e-05
297 3.386059905082915e-05
480 0.00010849209295848931
34 4.519044126011737e-05
486 0.0003585611739067285
257 2.0078158474315684e-06
226 1.1676291001522406e-06
591 2.4213653457390907e-06
472 6.979081244212263e-06
669 2.520197305845836e-06
518 1.8965629171218748e-05
1 0.0001293980558300571
491 7.898262812520134e-05
3 0.00014247865816261856
533 7.834588422140263e-07
566 2.3744991157626437e-05
276 1.550661505745226e-06
149 2.1556640899317322e-05
514 5.2508692773260774e-06
706 4.202464035272555e-06
0 0.00029893699672477826
122 1.0005317617015977e-05
574 8.903253945186009e-05
544 4.363039037399239e-05
225 4.47844708325234e-05
289 2.2711931907743915e-05
308 9.067986889896072e-05
238 2.692191144037238e-08
217 7.60064189509939e-08
420 2.2290318892316598e-08
359 1.208765737697262e-05
105 5.65638090985317e-06
597 1.277514504541229e-06
135 2.3770367244257103e-07
244 5.302961888289586e-07
57 3.459003780450435e-06
419 3.2659446412175623e-07
29 0.0002096702809994873
667 1.3554178894867144e-05
63 2.4727366646389283e-08
348 6.021059772006072e-09
8 1.2666023265960922e-07
235 9.398234827353417e-09
290 2.420335762869854e-08
598 1.561935669833057e-07
681 6.409502740485451e-08
109 7.593575107336813e-07
165 6.27698831947315e-06
199 2.67494762936933e-06
252 4.2227518760000235e-05
362 1.4901667311139878e-08
506 5.252334366754973e-06
202 1.4642435934459119e-05
383 5.598954923345984e-07
250 2.1800312027055918e-06
398 5.727347175185355e-07
18 1.3230201334580182e-06
203 4.161547294728068e-07
166 6.331848754526935e-07
151 8.062922596772243e-07
188 2.6966804108449963e-05
564 3.6633839429498405e-05
160 4.980987478682034e-06
158 4.7532829425016655e-06
568 4.031172463818565e-07
103 4.999397466793691e-08
272 5.939828456144062e-08
286 3.215352329030419e-06
298 2.4914492203687424e-07
361 1.0642007983336801e-07
507 4.2870960595533726e-07
599 9.20875189152169e-08
22 9.317800742803893e-08
55 2.884239184597431e-07
67 3.899852554064621e-08
118 2.4634046010587765e-10
138 2.9390159883857893e-11
205 9.531236941289458e-08
61 7.026887416922043e-08
110 1.0983483704855373e-06
239 1.6590567249400223e-08
511 6.093800990119711e-07
15 2.3709153247291256e-07
153 0.00011951747423339615
351 1.8270495417170522e-09
510 5.054591786254671e-07
421 1.7009954684352177e-08
556 7.616854762601461e-06
157 1.8608251606759006e-06
382 8.368152093410264e-07
342 8.319906187849312e-06
306 3.149416860727591e-06
482 9.57759769652707e-06
493 8.369383099503666e-06
114 3.168412683012412e-06
455 5.199273526585017e-05
595 9.844936947064645e-07
405 9.254490081131588e-05
492 5.248395064549351e-07
287 7.180099025020861e-09
347 4.1852771685713435e-09
396 2.347212013258857e-06
415 6.3716239663232885e-09
443 6.212417193168698e-06
463 1.1437348221496913e-07
632 1.1488214918594649e-07
635 1.4165498132971574e-08
651 2.681785494953145e-08
714 2.1037349007429113e-06
66 1.177928395481866e-09
104 4.299664174803762e-08
349 2.6637320065690117e-08
406 8.714694567682012e-06
600 1.0034815393578127e-07
28 3.6179886658890996e-05
53 3.515071122563104e-08
204 5.309407392987543e-09
232 8.130718904957207e-09
254 6.337607254843051e-09
338 1.251762942053698e-07
399 3.987252541006151e-07
442 4.444275932450839e-08
631 3.0839708015967196e-08
633 1.3928927873048886e-08
379 2.346248405060959e-05
352 1.89110256622007e-05
389 6.599782367181002e-07
106 2.4327100960441895e-06
445 1.1184911446834235e-06
408 3.7719991362786686e-06
388 4.694222106603965e-07
162 2.3926842449210628e-06
357 3.511797603081994e-06
370 3.3394212782749664e-05
375 3.6386569825345833e-06
191 5.54963333216298e-06
45 8.467864908754607e-08
70 5.074673855846315e-07
201 5.391989746882435e-06
364 2.18321320834906e-05
575 1.7574600800753592e-06
680 2.9539261970034896e-06
154 1.4727909583574726e-06
350 6.108231352298673e-07
636 7.695653945582193e-08
27 1.347645581635312e-05
52 4.249560935060301e-07
72 4.0725028985834914e-07
200 1.740553198475641e-08
264 1.4628813713426527e-07
273 1.0941779354096816e-06
337 5.889426056091847e-09
391 4.936787562895291e-06
466 3.915862919868401e-07
630 7.107344317510512e-08
58 6.285554360049835e-07
68 8.708049941313579e-08
71 1.4712709907663436e-07
295 3.1284032210454344e-07
401 1.8474898714726106e-06
411 4.916490487005061e-06
430 1.3160226284514447e-07
711 3.1613953027474293e-07
253 3.523629818059988e-07
16 4.895511814668802e-07
190 7.680188676565957e-07
524 3.1583114195069964e-05
25 4.069469888734424e-07
429 3.803673757783715e-06
523 2.7174197595261226e-05
302 1.7222418536250007e-06
446 7.996478342251554e-05
128 3.055052251043431e-06
6 7.274982955403108e-06
489 0.0004011703294942362
548 2.5282985730836135e-05
10 0.0001700265167704283
139 4.5099861983930496e-07
164 1.7018319785170792e-06
185 1.506517268419799e-07
189 1.803368072994578e-07
499 0.00045931015411241526
559 4.793457362807449e-07
208 2.6174683738457227e-07
242 2.3238274217131692e-08
530 1.2437983609115902e-06
62 1.8863482933967057e-07
173 9.339266048486633e-07
175 2.656685830264845e-07
180 9.248033610651445e-09
309 1.430194990243035e-06
402 1.7391008831952232e-06
410 1.2241877586548915e-06
477 1.355565906868089e-07
535 2.5802069759253025e-06
628 6.801748690931032e-09
712 3.507354975670487e-07
265 9.689843905378967e-08
363 2.901494237819463e-05
529 2.4459071105307316e-07
4 2.84802348838564e-07
50 1.2770887407775901e-08
275 2.765352324875213e-09
627 2.389741567398331e-07
629 6.594626056274817e-09
637 2.5492732650143013e-08
356 2.7435544952847937e-06
168 4.3297770333756875e-06
86 2.022731488941119e-07
69 1.9808582408672285e-05
418 5.071241449528514e-09
435 8.224649032084489e-07
504 2.464276750366323e-06
326 2.1747227572610953e-06
679 2.249039832057649e-06
221 7.511145202727013e-05
372 7.119517540687663e-05
426 8.471820870784573e-06
234 3.29211424412454e-06
169 3.6534985993730714e-06
294 1.6552822096254073e-08
561 2.188863376533478e-07
90 9.638313049802117e-08
216 7.684697896265384e-08
513 1.4083464034257787e-06
563 1.8089647955474554e-08
24 7.228358020100166e-08
111 2.8181870559847937e-08
393 3.372330984051814e-06
425 9.585115232969654e-09
428 1.874913856062971e-08
626 1.4632221354808634e-07
638 7.836061748568169e-09
644 3.5465548352366033e-07
516 2.9970454472657194e-06
719 1.2026149647684697e-08
23 6.608620319137362e-08
127 2.1672877284844506e-07
156 4.673597445127187e-08
263 2.7310970888914335e-09
268 2.169824914564169e-09
369 3.146541342898433e-07
403 1.2062973319964415e-06
534 7.344353261123478e-08
573 5.070044052163786e-05
643 2.9402801649858263e-08
645 5.464926047726398e-08
647 1.9282583722527923e-08
246 4.1997381944512296e-07
512 1.922899691030329e-05
520 3.044807184356144e-07
427 9.534630649402042e-09
21 7.080604717493714e-06
42 0.00010123457774510169
285 8.16948352785763e-06
292 8.736541737583833e-06
321 7.497481846444747e-06
407 1.4909143031132839e-05
474 1.050986349916694e-07
479 4.006971019870407e-08
642 3.295230767254695e-08
365 9.23151603742571e-06
551 6.935844485294073e-07
38 5.212690098939697e-05
82 3.991421721275615e-07
142 1.5837436303284457e-09
155 2.6657643504203526e-05
240 3.2799293342493343e-09
262 5.635537540841086e-09
623 7.648689491950108e-08
699 8.891166173659038e-08
710 2.372557861060541e-06
148 1.4657341260590412e-07
207 2.7075825692771103e-07
213 2.888488194488297e-08
271 3.331256999141204e-08
519 1.6466115075904087e-07
525 6.294390704526086e-07
81 5.38962320858704e-07
144 7.212960703710177e-09
394 5.131511318149266e-09
424 4.704942677843848e-09
625 1.0784166212273703e-07
709 5.328434060616773e-10
718 1.0923571400254056e-09
152 4.10752491349755e-06
97 2.522604357716154e-07
117 1.5461783876334023e-06
431 7.3831279135634705e-06
569 1.7566019186196097e-06
91 3.0606053474565264e-07
100 2.3299193899760036e-09
641 1.2017460771839993e-05
60 8.849793962030659e-07
65 3.464866525482569e-06
181 8.972076322707012e-08
182 4.12231894874063e-08
476 6.306089922114445e-08
552 2.819336661503041e-06
553 1.6767135785801156e-05
609 1.2151013039737746e-05
655 6.896559857244617e-05
7 5.793419323884523e-08
13 9.897614188639374e-09
54 1.2726336753809787e-08
83 5.58356584367063e-10
95 1.2007108228825547e-07
99 3.6907934085366794e-09
108 3.4614730601381073e-09
134 7.925098859790319e-10
194 4.3396240667064665e-11
212 4.4781485541489365e-08
220 5.066631417087503e-07
233 2.8495396452225976e-09
260 5.536323655176298e-09
266 5.2958940153866836e-08
270 5.479235958036084e-08
278 5.059620464136433e-08
371 1.4704567692337668e-07
459 3.6519697225679025e-09
517 3.2952156184401934e-09
522 3.425766984211146e-08
526 1.874008328111615e-06
528 7.085929459559982e-06
536 3.6642183067053403e-07
601 2.742687320002092e-08
603 1.003337954701385e-05
607 0.00012423016633924362
2 4.8423914029120255e-08
12 1.1123304180422287e-05
75 1.2112396094571425e-07
77 2.892586664542421e-09
79 1.5989936130429556e-09
85 2.5999774740070967e-07
93 5.421011998886646e-08
107 1.0660439791836767e-10
121 6.816801871851741e-09
126 3.045665965198042e-08
132 6.111959749769587e-08
146 6.259286954215931e-10
195 7.593381895562428e-08
198 7.432076037787309e-10
210 9.366563068456131e-09
215 9.40849838277142e-10
256 1.1329829232371754e-06
259 2.392192316709496e-07
279 9.381871893868243e-08
282 4.192365265731661e-09
291 1.4381133040235067e-08
301 4.037662909308438e-10
311 1.933636134804804e-05
316 3.2120684257890026e-07
339 5.142008118009193e-10
345 5.0263925400498875e-09
367 5.8911220501450825e-08
384 3.5838116320126307e-06
386 1.3378229805150832e-08
400 3.3318706489528743e-09
404 2.3153416551599157e-08
433 5.94520812151559e-07
437 3.7827923641252134e-08
439 2.4106833212759168e-06
449 1.5065288375912042e-06
452 6.565846096510344e-08
454 8.147096324165273e-08
457 7.062692081573536e-09
461 7.014893747169404e-07
487 3.419704540684971e-06
532 2.5788856973350384e-07
540 3.648976249935806e-08
605 3.019384776628536e-08
612 9.19919668918762e-08
615 7.048287273423889e-08
617 1.1912721032793949e-07
619 7.414303464873055e-08
621 2.523683081047171e-09
640 2.604514663089835e-08
646 4.0234044523930974e-08
648 2.2958919084385023e-07
720 1.7494064987941735e-09
14 4.581726463209913e-09
92 2.323573556846392e-07
98 1.403762976451491e-07
102 1.6956908887709531e-07
133 1.9826953411834458e-09
159 3.6355693382984693e-06
172 1.1178458467919584e-05
267 1.5714504890861644e-08
274 1.606002330252379e-08
281 1.9249957116482477e-07
303 9.479886904918844e-09
319 4.995275252987192e-08
368 2.0169133133917975e-10
395 2.7090336115707732e-09
447 1.4525982593155626e-08
484 0.00013012712251088358
527 7.39645247704561e-07
531 2.0432028982791867e-08
542 2.495018050874407e-07
602 8.40910788269828e-08
606 3.2661717230565645e-07
611 1.0442505291325252e-06
715 1.5923546809445207e-07
26 2.0543620287019486e-07
64 1.2609834269629514e-07
74 5.002869982729279e-07
76 3.3958918541913532e-09
78 1.351543444791581e-07
84 6.627372830231187e-07
89 1.2412843293567447e-06
101 1.971646201941492e-08
112 5.45665701502266e-09
119 2.1301792796001876e-07
125 5.430683544593751e-06
137 1.2826325122138895e-09
140 5.31777111463076e-09
150 3.858281606140957e-10
161 4.4396073785475756e-05
174 7.336020227995416e-07
177 3.053996720146691e-07
193 4.412664830689294e-08
197 1.6973503532400405e-07
209 7.140078194195756e-09
214 6.862770243999925e-08
218 7.907451281756246e-10
241 5.146937057841373e-08
261 1.3259052868373256e-08
280 4.9119851708672896e-08
288 6.794227455276769e-10
307 9.998161333932475e-08
310 3.5587141959697925e-09
313 3.3169995886603794e-05
329 2.6556134006599252e-05
344 7.552902219342743e-10
346 2.419707301918098e-09
385 1.0700918932421988e-08
387 6.567041509838851e-07
392 2.0856099092393218e-07
397 1.0289822278396125e-08
422 1.8517355990792354e-09
436 2.2331304796610764e-07
438 1.5402921711982533e-06
448 1.3249017673911202e-08
451 3.1280152497907846e-06
453 1.5183123174917613e-07
456 5.179615542504742e-07
458 1.935873728253135e-07
462 2.983686705110235e-07
465 5.205590133954813e-09
470 3.428942360352326e-08
481 0.00018108373592943468
537 1.6084085053127446e-08
541 2.2918096479419153e-10
610 7.23706194932066e-08
614 6.531638000363723e-08
616 9.919658130959987e-08
618 2.6912131795008695e-08
620 8.214855287356114e-09
622 8.487015716185272e-08
639 3.0718367012139734e-08
649 2.425923356327307e-07
687 9.579151820544952e-08
713 2.4611228109257046e-09
116 6.372340902050046e-07
183 3.166620936993701e-06
269 3.0935439272883985e-06
300 2.782355310500558e-05
315 7.475916760759794e-06
409 3.562061000869088e-05
413 6.843804808315645e-05
497 8.758972686873892e-05
665 1.4573446460266408e-05
5 6.281614835437131e-05
124 2.7698590194183598e-06
412 1.1728423534590788e-05
515 1.2978346025812136e-05
682 7.242897796710761e-07
488 8.831772910896094e-05
247 6.199336294254696e-05
539 5.754846534507637e-07
565 5.830691188655763e-06
80 5.668557106879101e-06
343 1.4066382804743342e-05
120 9.271248920476064e-06
