129 2.567771304138753e-06
171 2.0707160861371055e-06
229 3.001846664989066e-07
355 8.818302972524884e-06
495 3.8795973231139095e-05
521 5.079479718860876e-06
578 7.907418349797339e-05
585 3.5208473686181012e-06
592 7.980365391343118e-06
594 8.111536370796767e-06
703 1.3302919127270006e-06
716 5.611436659626822e-07
9 3.3582963462164045e-05
147 5.892240253276187e-07
227 2.052791714234271e-06
334 5.574702309355849e-06
353 2.4644230651548366e-06
373 4.280279414190858e-07
444 2.7581876408839194e-05
464 4.6010759681710455e-06
505 8.140548122757715e-05
543 1.7057068237992804e-05
576 4.602478500996892e-06
604 3.219699085769413e-06
656 1.1499151467955182e-06
673 4.754102596792416e-06
704 4.029383520256894e-06
49 2.080470521283369e-06
299 7.339075657537507e-07
314 9.850842760315095e-06
323 9.031273470364676e-07
440 6.94599387164893e-06
555 2.1212560956950587e-06
697 7.210900371220558e-07
320 4.4889719563450136e-07
336 1.6595741236943538e-06
560 2.4426691930127147e-06
571 4.780672890626016e-07
583 1.0344215436857723e-05
677 5.430742413947242e-06
634 5.591276756801052e-07
293 4.009519951869959e-06
43 1.861912185175916e-06
30 1.7050517756250624e-05
46 4.3011973287102096e-05
20 3.991931981278518e-06
700 3.552104333338385e-06
702 2.764956179246737e-06
141 2.9334689314403724e-06
