167 2.971098854026918e-07
668 1.748243046126952e-05
196 4.955455170308959e-06
305 4.602922410405652e-06
414 1.710543441509124e-05
277 1.269370209156889e-05
33 1.828382341573559e-05
358 1.220701015708482e-05
662 1.9659299912496282e-05
40 4.184381874976542e-06
36 5.6559607813089075e-06
502 7.295516570792692e-06
596 2.4149914188731687e-06
11 1.420763007653494e-05
251 8.64760176209056e-06
693 2.7157750735762153e-06
666 4.8013428492947175e-06
500 4.4941870821178185e-06
366 4.304078507619664e-06
44 3.5066631933051254e-06
258 4.923324550055986e-05
675 3.6148639039116335e-05
503 3.586313440755199e-05
698 2.6283275442599708e-06
312 2.6656095024204997e-05
255 2.1698861241513896e-06
47 5.426153577189114e-06
19 2.4331773831429377e-06
562 2.5313215282290685e-05
48 5.885628447874935e-06
123 2.1997547652189036e-06
434 2.334576136463514e-05
608 1.8457687104720135e-06
692 9.88913722228399e-07
249 3.958262499083773e-07
192 1.1913555482386943e-05
659 3.311169016319373e-05
243 5.395605030425178e-05
113 1.7492022376428216e-06
432 1.6205775788048617e-06
508 1.0170439326821862e-05
584 5.7500854270736995e-06
87 0.00017197158052039755
211 4.927851442212613e-06
545 1.2806440390270615e-06
547 5.77402349294728e-06
549 0.0001230902046624726
304 1.6374092217954663e-06
588 2.447285449889372e-06
245 2.8778031232106722e-05
554 8.348272281532143e-06
705 1.07373216621843e-06
593 8.096518460530425e-06
717 1.7017188980539258e-06
35 1.1580094498197763e-06
590 7.794890620734632e-06
417 9.122330512755535e-07
