340 3.6983431595468804e-05
570 1.5800678897457107e-06
390 8.800935183182947e-06
331 3.0914790315790675e-06
333 1.65713316372879e-07
416 4.9553646012778995e-06
473 5.048485353581758e-06
546 2.1353633360898057e-06
580 3.1236181396501773e-06
31 6.677908918438972e-07
206 1.9077893733837395e-06
378 3.091788514610372e-06
579 1.10528901567661e-06
695 1.2751615745416706e-06
115 6.0242815513518725e-06
658 4.460234363346432e-06
131 7.213735257362815e-07
322 4.057060600768775e-06
587 2.262284898140666e-05
230 2.8291877399345417e-06
56 8.295416196120082e-07
94 2.142035552151514e-06
178 4.4042990208861907e-07
184 6.20657318097009e-06
222 2.9510068329195563e-06
237 2.488475229678542e-06
318 5.453617912099106e-06
335 3.095953166750295e-06
467 4.8751567624416425e-05
469 1.4361913007469642e-05
490 1.1814642019536485e-05
509 8.598336815791852e-06
589 1.0471196461062943e-05
654 6.0089841372077525e-05
671 1.1532044484216235e-05
678 8.900640944888036e-07
688 7.222515783281997e-08
701 1.5517360899529334e-05
51 3.5354642313769557e-06
88 4.7104805462123216e-05
96 3.4628153554584644e-05
130 2.4301781650146405e-06
170 4.71108119534768e-06
186 1.314397564052281e-06
224 9.634786944471321e-06
236 3.023467550861026e-07
248 2.5225944473690837e-06
283 6.543255148187208e-06
327 2.3247826372707977e-05
468 1.282824152040672e-05
485 0.00015950899413038299
494 1.102974910447645e-05
586 3.663475759835899e-05
650 3.690865053088789e-06
660 5.64766854572834e-05
685 2.690577130855438e-06
690 3.5605103691846026e-06
