37 2.7654971500722425e-05
39 3.052165479513982e-06
41 2.6865191586060365e-05
59 2.5511910629437165e-06
73 5.8306121847928564e-05
136 5.283188954222151e-07
179 6.013468648047744e-07
187 2.519152847981334e-07
219 1.2479716348790696e-05
223 7.844136558746104e-06
228 5.390284716680548e-06
231 2.9367771287416502e-06
296 2.8923486123118623e-06
324 1.653532028600651e-05
325 1.417773286086746e-05
330 2.3861560925488702e-06
341 4.435455871624863e-06
354 2.052522714031402e-06
360 3.990817982329175e-05
374 3.8006300892732277e-06
376 6.048502181317175e-05
377 1.273221458855378e-06
380 2.906067179848606e-06
381 1.1643772610069074e-06
441 7.267011875044161e-06
450 3.523371082426446e-06
460 3.0211830541705854e-06
471 2.2063861880145438e-05
475 1.2923391280989314e-05
478 1.4282055195068634e-05
483 1.991488514392753e-05
496 6.297253968263029e-06
498 1.3253671750430775e-05
501 9.177582605008282e-05
538 1.5678580592956932e-05
550 1.0302597689528606e-05
557 1.0442633235756643e-06
558 4.026459533165373e-06
567 1.1478053674246967e-05
572 2.1671567885894378e-07
577 3.33767828095552e-06
581 1.985962192377466e-06
582 2.344404060221204e-05
613 2.2072600001318105e-05
624 2.0067828389895354e-06
652 2.4867780306048546e-07
653 5.866920184039704e-06
657 1.3129741278307243e-05
661 1.105912482649748e-05
663 7.73068326063697e-06
664 1.8802095618990264e-06
670 3.232553153026188e-05
672 0.00010521260823142198
674 5.2007368783664936e-06
676 1.2279881273113736e-05
683 2.3725867541365646e-06
684 1.882751163608583e-06
686 3.5774179330984256e-06
689 1.6089860261227665e-06
691 8.357509253133366e-06
694 3.809010977181832e-07
696 1.2754004628667709e-05
707 2.2282644940672015e-06
708 7.518208604910371e-07
284 2.3243774045129033e-06
317 1.7464548378467887e-05
