11 9.638025035295187e-07
19 2.0253698293021157e-06
30 6.120145451990591e-06
31 1.869081987899259e-07
33 5.765536520703331e-06
36 4.5914382524838295e-06
37 1.602296642264024e-05
39 1.6377337391810703e-06
40 2.3629277221539388e-06
43 1.35143381419187e-06
59 1.038689683745333e-07
113 7.144141514883348e-07
115 1.0068673655755031e-06
167 1.0853607866486878e-07
170 3.506191262135253e-06
171 1.0071045938868887e-06
251 5.0459623073977135e-06
293 5.450090408696101e-07
296 6.408491667134821e-07
305 1.7789296237935911e-06
317 5.863863926219538e-06
322 1.849534717565877e-06
323 6.194759091537833e-07
324 7.390934026921391e-06
325 5.3910756317961374e-06
330 1.5077459198798165e-06
331 3.826242721947852e-06
334 2.9740953936328418e-06
336 4.646627372964429e-07
340 2.1480437936790884e-05
353 1.226771358220163e-06
354 1.330842048487605e-06
358 2.412373002080015e-06
366 1.920057147015898e-06
373 3.3712822567590886e-07
377 6.193902441366663e-07
378 6.94378815280764e-07
380 2.192504534592549e-06
414 7.143462573646616e-06
416 2.1950567765792306e-06
460 7.576968603097437e-07
464 2.181342404243057e-06
468 5.996637179034401e-06
490 5.456565122550044e-06
495 2.843987892195831e-05
498 7.997765402161986e-06
502 4.342985502910911e-06
521 1.002853628510429e-06
538 5.989338137488798e-06
543 1.3100402291933024e-05
545 3.5532833603072325e-07
546 1.4534824534399816e-06
555 2.277070784703934e-07
557 6.535820570301993e-07
560 1.0481941744642334e-06
567 4.493723475755843e-06
571 5.568770006095658e-08
572 1.5397142842657997e-07
576 3.3376761313390327e-06
577 3.512941240873212e-06
579 4.957328890341327e-07
580 2.6194949579261495e-06
581 8.134794435336685e-07
582 1.789563579512905e-05
583 1.121517853663149e-05
587 1.617038882783321e-05
590 1.1974160996314176e-05
592 4.635060070291647e-06
596 1.187172854069942e-06
604 1.390631642509846e-06
613 2.264246057315118e-05
624 5.587266459176648e-07
634 3.6766006458094916e-07
650 8.081470759966092e-07
661 5.620976146294872e-06
662 8.364302385899867e-06
663 1.7459824892644617e-06
664 3.5072421179478534e-07
666 4.254559752760001e-06
668 4.412133332577591e-06
670 2.1192379339091192e-05
671 4.8881150723063535e-06
673 1.8361819894084955e-06
674 5.819705725622126e-06
676 5.428344427739451e-06
677 1.5001877366573626e-06
684 1.4374804941759536e-07
685 1.6337363797601653e-06
690 1.1082200359159261e-06
691 3.4077776762024567e-06
692 6.828039380327125e-07
703 1.7449633397264977e-06
