297 2.568649121173491e-05
9 2.21725733722723e-05
35 8.817542204094422e-07
80 3.6462429517709922e-06
143 3.5511464892090906e-08
191 3.361930185220288e-06
292 5.422301365279876e-06
332 2.2144126918086064e-05
343 1.0774225057423785e-05
372 6.738503036907177e-05
374 3.2435336247809427e-06
429 2.8192785215044384e-06
485 0.0001301937743689435
493 9.075612353949938e-06
504 1.8002299300541196e-06
539 3.691908094551495e-07
549 0.0001060506262629216
554 7.965184667449268e-06
659 3.0533284617173126e-05
413 5.742876435874597e-05
32 7.580790236827806e-06
46 4.250762338717296e-05
73 4.858698533599733e-05
96 2.944483337596256e-05
123 1.0024169428455377e-06
184 2.6873285939056984e-06
211 4.496900154955125e-06
245 1.945146208894687e-05
312 1.8872347396210063e-05
327 1.6769801223152276e-05
360 3.896413483177953e-05
376 5.522094022918702e-05
417 7.225986527539672e-07
434 2.134153855300169e-05
505 6.44872481566457e-05
558 2.4162190086284203e-06
562 2.220386329494477e-05
588 2.078360179141499e-06
591 2.018626213025069e-06
654 5.857896038217877e-05
702 9.027639278935294e-07
707 1.5745099300536258e-06
41 2.8488604123073665e-05
87 0.00015967127981026525
122 4.801635710263714e-06
574 7.799530164559992e-05
701 1.1731172507128787e-05
147 1.1165492043886564e-07
162 1.9506719537817305e-06
192 9.63347968326922e-06
248 1.0082355998053992e-06
258 4.843474598080557e-05
314 7.895486240893295e-06
321 7.112908718779182e-06
426 8.730276312904541e-06
444 2.3103280395042826e-05
469 1.4680892767159982e-05
471 1.809107106468856e-05
478 1.0519163289460645e-05
494 1.1187948462657078e-05
503 3.2809559201496866e-05
578 6.944672231140924e-05
655 6.0197519978128765e-05
672 9.599055758192985e-05
675 3.064158561486032e-05
686 4.15745757668724e-06
695 1.0155077573730085e-06
705 4.34849972918064e-07
717 1.4900774790097266e-06
523 1.7021790949591313e-05
329 2.1862724664452673e-05
446 6.958928894607643e-05
47 5.059142479890875e-06
88 4.299217361821481e-05
141 1.611659299329206e-06
178 3.366474074386585e-07
206 6.57978978598801e-07
231 2.1147046188527787e-06
249 3.3107000753191524e-07
277 3.6046103123574173e-06
304 1.511275681804152e-06
341 4.041587464135125e-06
440 4.915904444486319e-06
508 7.720200906754346e-06
608 5.308886861907245e-07
657 9.794831263034059e-06
696 9.838660575544407e-06
196 1.3229945428032472e-06
229 1.840455744051674e-07
299 4.297516290726858e-07
318 6.803762722092231e-06
355 7.831492403523715e-06
390 7.003980863788856e-06
473 5.583593284088469e-06
496 4.570198821977267e-06
589 1.0841293540694413e-05
652 9.024560915672571e-08
653 2.5769789373930324e-06
683 1.8320288761563345e-06
693 2.898341591565335e-06
56 1.6937219261070207e-07
131 3.3494882325945036e-07
230 2.35323525578745e-06
284 1.9313267016720883e-06
333 8.67474030950099e-08
509 4.29953451800491e-06
660 5.25589523929269e-05
708 7.760517660451703e-07
20 3.30049702700922e-06
49 2.0402471370661543e-06
129 1.6929644955700572e-06
130 1.6121309286946313e-06
222 2.1609684732473578e-06
228 3.159657409227586e-06
236 2.831276886521866e-07
255 7.917563196675381e-07
320 3.4374905230205454e-07
335 4.300377789045637e-06
467 4.775845302423055e-05
658 2.218763133640553e-06
44 3.433713096387372e-06
94 1.8373868522032525e-06
224 1.0418431688093457e-05
237 2.1680971820236265e-06
450 2.0600876499296313e-06
475 1.174977261016803e-05
586 3.369076238514406e-05
694 1.6740212885553165e-07
704 2.671818497362307e-06
716 5.573153180203424e-07
219 4.2812216170169065e-06
381 9.630548978976096e-07
432 7.113348512988586e-07
570 7.590405642491504e-07
585 2.8415285828730453e-06
656 1.102578442406386e-06
698 2.190403123980047e-06
136 5.784994147209353e-07
186 1.5250104362351916e-06
227 1.5239437809307538e-06
500 3.4758271306418225e-06
501 9.724884203369889e-05
550 4.011074901134968e-06
179 4.281783814870451e-07
187 4.766471145481262e-07
441 6.1739712868083235e-06
700 2.7206373136128444e-06
223 5.133034331656072e-06
678 9.21044231733304e-07
688 1.0949885324701858e-07
584 2.805429271073847e-06
689 2.2509160719812723e-06
697 1.7080577403921788e-06
51 2.8359093850761325e-06
594 8.802768013735495e-06
