518 1.3381226902553817e-05
128 2.0957859695116318e-06
342 7.253131283571566e-06
357 3.635099685795269e-06
283 5.752128285915954e-06
423 1.5081625888904966e-06
5 7.014831959417726e-05
120 5.331298424214069e-06
472 6.850842385982705e-06
533 2.0680886730421975e-07
595 6.725087543646339e-07
176 1.9776126355308924e-06
276 9.671214444529647e-07
302 1.2875814951862764e-06
480 9.194586975838957e-05
679 1.1808796764770428e-06
221 7.220228274702182e-05
17 7.0783979992050725e-06
306 3.3457542808425466e-06
412 1.1582269525770145e-05
407 8.284107620625291e-06
565 3.3851298653827393e-06
234 2.36810074978243e-06
257 1.6923558425585833e-06
328 1.4132967442607383e-05
435 4.7223959591522875e-07
564 3.392830482641875e-05
593 6.840534033864975e-06
25 3.434345291234451e-07
253 3.0243020792530075e-07
488 6.625753294542108e-05
160 4.440522312804438e-06
544 3.988921660712024e-05
547 5.048742968726408e-06
486 0.00033029748106249926
559 3.7494070121005527e-07
706 3.465533888692535e-06
289 2.11948626683467e-05
163 2.5893988530205583e-05
3 0.0001439905814628396
42 9.666877244828069e-05
48 5.839379237599942e-06
243 4.4508224370817235e-05
1 0.0001030227992429014
21 4.211686787884969e-06
667 1.3734576842202674e-05
124 1.375433813711376e-06
226 8.833197908490778e-07
375 2.909432347672636e-06
561 1.416748233616284e-07
682 5.720611944081989e-07
145 1.0085680698580382e-05
65 2.296768316148041e-06
183 2.4792966861967075e-06
285 6.759358491709337e-06
364 2.4349119761787808e-05
515 4.802909952177402e-06
489 0.00034167629012772627
455 4.267023762861585e-05
0 0.00020934313860794624
149 1.5586069214786825e-05
379 2.2913727977551974e-05
114 2.4049682895950333e-06
116 5.030296632192901e-07
117 9.406379849165695e-07
139 3.7325959372286014e-07
252 3.667894789378539e-05
326 1.8522093488825938e-06
356 2.319301405915771e-06
370 3.384782097123438e-05
568 3.210263641987858e-07
34 4.52803908869593e-05
247 3.451922857006194e-05
300 3.095661676131839e-05
308 9.99975984306201e-05
188 2.5825473928779573e-05
352 1.7795882427704578e-05
29 0.00017676211409351075
60 5.477968799677168e-07
135 1.7053203291629776e-07
250 1.9164995891289242e-06
350 5.519526540102784e-07
359 1.1473455740390579e-05
165 5.346966020889492e-06
497 7.687939501226952e-05
201 4.740846109581771e-06
514 3.80492892967335e-06
553 1.3754516227139939e-05
569 1.3984258900246168e-06
199 9.562542136419255e-07
512 1.3945434345118607e-05
158 3.99696099598426e-06
484 0.00010475053946859546
665 1.2069719528657919e-05
566 2.195214625176388e-05
125 5.116714651999572e-06
189 8.843294223976368e-08
575 1.5024499157993017e-06
524 3.0146874702364822e-05
315 5.5518431582606685e-06
419 2.39915996955465e-07
431 5.466057328579707e-06
6 3.2507516309579828e-06
362 9.265146462617745e-09
86 7.379166579572387e-08
177 1.1896743448111831e-07
420 9.91188393948384e-09
445 8.545211308850961e-07
105 5.1686884750268585e-06
552 2.369549625075633e-06
164 1.7490638715190726e-06
491 7.146004516127657e-05
573 4.5690270755553785e-05
168 3.849593620897627e-06
482 1.0488557697388035e-05
18 1.2413378279240513e-06
45 2.7929257279163627e-08
110 9.973838768469088e-07
140 5.153226487570568e-10
144 4.3771195722334155e-10
146 1.4868755484188026e-10
159 2.8166134532894797e-06
161 4.605841531170546e-05
166 5.58537386966133e-07
174 6.292668128948908e-07
185 7.491756737474743e-08
193 8.58597732588985e-09
202 1.257934010455064e-05
286 3.0570563982842074e-06
339 7.509544481751163e-11
363 2.110038774449845e-05
365 8.427149319429489e-06
428 3.822032366282802e-09
443 5.2546363116305065e-06
483 1.2355440727559023e-05
499 0.00045256735822440914
548 2.1377164346265684e-05
669 2.2847820954003455e-06
680 3.3528252470802836e-06
2 8.488543310483437e-08
4 2.803970521745615e-07
7 1.6843781046418347e-07
8 1.8930052447023095e-07
10 0.00015535068585684282
12 9.806304619922855e-06
13 6.748164086798825e-08
14 6.597972488648539e-08
15 1.777378523819388e-07
16 1.2720786872767519e-07
22 2.1667526103203634e-07
23 1.300475334890543e-07
24 2.3261706384243495e-07
26 1.9102763072944732e-07
27 1.3606238556157043e-05
28 3.649713917128843e-05
38 6.11986402293634e-05
50 6.388050748855099e-09
52 4.870432044148372e-07
53 2.708282869873933e-08
54 3.307719084846245e-08
55 3.9225353738708553e-07
57 2.2096353441626033e-08
58 4.258947527373021e-07
61 3.7385984315619805e-08
62 2.2531373211537656e-07
63 5.2129643356159513e-08
64 1.7017075011598072e-07
66 1.2541576134455305e-09
67 1.7189536453301013e-07
68 2.8882618982753842e-08
69 1.9309504682575374e-05
70 2.16883245762845e-07
71 9.354131155916633e-08
72 1.2463936561630436e-07
74 5.08292389782744e-07
75 2.388862503791144e-07
76 1.8457173657608997e-08
77 1.845717365760897e-08
78 1.95959030895302e-07
79 1.0250283272161797e-07
81 3.1481163259158654e-07
82 1.0483642011378612e-07
83 1.5438680243803974e-09
84 1.7516469767809551e-07
85 9.665266050955626e-08
89 3.378603690336823e-07
90 3.6699607228779226e-08
91 1.1073998585156417e-07
92 1.0633070474607547e-07
93 9.860006716112882e-08
95 2.1988866673457218e-08
97 7.341019908896629e-08
98 4.3408524051833806e-08
99 3.8753219638817495e-08
100 4.475868948037725e-10
101 3.036850785306232e-08
102 7.651606286443781e-08
103 1.5472101061377725e-08
104 5.703559000585687e-08
106 1.974426232180246e-06
107 2.8868348724952028e-09
108 3.181464190563284e-09
109 6.479949788557551e-07
111 2.3986600183696412e-08
112 3.236830120492314e-09
118 5.650554447598811e-09
119 1.2918302401717514e-08
121 1.6105646446622323e-08
126 3.7387126982750776e-08
127 1.978276344907837e-07
132 6.481076792862501e-08
133 4.178114337307537e-10
134 2.7104162079958184e-09
137 1.009283980369163e-09
138 2.3533295806770812e-09
142 6.331081022489947e-10
148 3.444816982884681e-08
150 1.062829033825347e-08
151 1.3769859986952656e-07
152 3.243136552593065e-06
153 0.00010299806334498131
154 6.337672952974419e-07
155 2.1076537416772386e-05
156 8.290748679903506e-08
157 1.2851339808659205e-06
169 3.4491098543519935e-06
172 9.70795328941581e-06
173 8.527912164620117e-07
175 2.477770888697138e-08
180 7.819005883737626e-09
181 6.203781942032318e-08
182 3.6645202198438294e-09
190 7.296606337125497e-07
194 9.30702046164415e-10
195 3.663158006076369e-08
197 1.606715005648577e-07
198 3.1417169841209484e-08
200 2.5218765345686286e-08
203 1.8661211839667035e-07
204 3.50806456424936e-08
205 9.041834105891227e-08
207 1.2408281010275099e-07
208 1.2879866016487517e-07
209 5.068691504704851e-08
210 2.2677566721400333e-08
212 2.5883610934343562e-08
213 1.8196087026074795e-08
214 1.0255470922544015e-08
215 1.1525275495519963e-09
216 7.01908672282709e-08
217 2.4539665988838964e-08
218 1.2130953757110433e-09
220 2.9162100510957494e-07
225 4.926649718175008e-05
232 1.128342094445068e-08
233 3.721511558365208e-09
235 5.98440049346088e-09
238 8.64270313707021e-09
239 1.1096345918181417e-08
240 3.835346502399036e-10
241 4.595109942841581e-08
242 4.336698136229902e-09
244 1.31214621813887e-07
246 1.3286381068519657e-07
254 3.926644534681286e-08
256 1.109321863340612e-06
259 2.608353398810407e-07
260 3.800626864195791e-08
261 1.5783970932771344e-08
262 3.0205660235035884e-08
263 3.234932440737762e-08
264 1.5455049038492737e-07
265 4.655028360305261e-08
266 1.1979602629542606e-08
267 1.3634897908175765e-08
268 2.1827669715098115e-08
269 2.9036293363068306e-06
270 4.678807909728665e-08
271 1.2770349046579496e-08
272 1.9923840616947e-08
273 9.79345577125824e-07
274 1.5934877979444897e-08
275 2.4742072457078745e-08
278 5.311378973870787e-09
279 1.0106329865658542e-07
280 8.37797177385316e-08
281 1.1633771846802671e-07
282 2.590248048175135e-08
287 4.884918337456321e-08
288 1.4300771242272717e-09
290 2.1362204322204916e-08
291 1.7984204281090064e-08
294 2.204995419039074e-08
295 2.8442508178775134e-07
298 1.9236041286311881e-07
301 3.026506142888529e-08
303 2.746075106457925e-08
307 8.863805408574238e-08
309 1.4147498911830028e-06
310 8.07443191418397e-08
311 1.5367639260707642e-05
313 4.094644266520037e-05
316 2.4293902131001774e-07
319 1.9183730137829466e-07
337 2.4628445927842835e-08
338 1.0772883803712482e-07
344 1.217364628085935e-08
345 1.8407737966494915e-08
346 1.288691541993122e-08
347 2.774674194435547e-08
348 7.983001099580103e-10
349 2.355483704966349e-08
351 5.017192244273764e-09
361 8.924878782839059e-08
367 4.7888923958998307e-08
368 6.811698105023647e-12
369 2.8685789669570067e-07
371 1.0690252821953115e-07
382 4.8861854117497066e-08
383 1.091531309489557e-09
384 9.565172302845388e-08
385 8.328290085203642e-08
386 5.0277794999214416e-08
387 1.1126213480278808e-07
388 2.590083456854099e-07
389 4.914934800480274e-08
391 1.6557780583905687e-07
392 4.422823286075416e-08
393 1.7093719904499862e-07
394 3.903491589689754e-09
395 2.2369352973500273e-10
396 1.1052536403547238e-07
397 1.6178978685548953e-08
398 1.2346637516204914e-07
399 1.7605748318052562e-07
400 1.7797751989827595e-09
401 5.588940002335489e-08
402 7.848455836595487e-08
403 1.2062282690695673e-07
404 4.035630762534984e-08
405 8.422471590030533e-05
406 8.590744803363556e-06
408 1.0184518755751425e-06
409 3.72735645534786e-05
410 7.00965499033101e-08
411 1.0656238389407992e-07
415 5.727735154281729e-09
418 1.0766983497214678e-10
421 2.411023450318939e-09
422 1.5019690166434002e-09
424 2.058834814484779e-09
425 1.0296745621722918e-09
427 1.4834796500749003e-10
430 2.4458188737393265e-07
433 3.394883255794192e-07
436 1.3980516074336e-07
437 9.935693365632683e-08
438 1.4928165314792695e-06
439 2.433548105346291e-06
442 1.5806165581141447e-07
447 1.550453026923287e-07
448 1.5782283126165162e-07
449 9.308527473855914e-07
451 2.3481533086390625e-06
452 1.8989697210095545e-07
453 1.0965667889225291e-07
454 1.7323196826975545e-07
456 1.900310216160401e-07
457 2.6967519273685275e-09
458 1.0829144551427558e-07
459 2.3413872786309254e-08
461 6.089914158919524e-07
462 3.059034489121592e-07
463 1.1860622150422296e-07
465 6.629774480924984e-08
466 1.1856673979676523e-07
470 1.2520800894143228e-07
474 8.896327790972809e-08
476 8.22919989707341e-08
477 5.6758322938846046e-08
479 1.0413610190851713e-09
481 0.00013569389919123234
487 3.605336037288951e-07
492 4.5512279724321227e-07
506 4.060777271420779e-06
507 3.224948493300778e-07
510 4.885725068710519e-07
511 1.858898467562833e-07
513 6.383084720287113e-07
516 2.7796734219833124e-06
517 1.0697959886652148e-08
519 1.2881655066040196e-07
520 1.5155874806940482e-07
522 1.3459726526684897e-07
525 2.0311199893327098e-07
526 1.2106418221622172e-06
527 7.436428360070356e-07
528 4.526341488956972e-06
529 1.1362062937683816e-07
530 1.039221210638234e-06
531 5.406688946578769e-08
532 3.037977247180034e-07
534 1.2704757934601e-07
535 1.6969154803399876e-06
536 1.100114833317504e-07
537 1.6169577287666776e-07
540 1.931112375079972e-07
541 7.692416628272864e-08
542 8.722986741259896e-08
551 7.573869571267597e-07
556 7.965370685030574e-06
563 6.72655156359449e-08
597 1.1769077784923959e-06
598 1.357211408123549e-07
599 1.9037063432214087e-07
600 7.307714241615333e-08
601 1.6020770575694172e-07
602 9.719510303242755e-08
603 9.702904450364305e-06
605 1.839590215516596e-07
606 3.1998159279181343e-07
607 0.00013282027614083008
609 1.1048580325385167e-05
610 1.8905145278759936e-07
611 8.778780903033996e-07
612 1.5571318433386682e-07
614 1.7636892850511877e-07
615 1.389328128502086e-07
616 1.1741384230998624e-07
617 1.414549514587915e-07
618 1.218183222196249e-07
619 2.2658704355639544e-07
620 1.1928708340900832e-07
621 1.0237336300313709e-07
622 1.9220818121990605e-07
623 1.5860806658571647e-07
625 2.2362267171627762e-07
626 2.0161548970899405e-07
627 2.3829781443036674e-07
628 1.0584160119217731e-07
629 1.5849725870215045e-07
630 2.0480402178064527e-07
631 1.568810185967958e-07
632 1.3269758092507195e-07
633 1.6636888135318666e-07
635 1.6225670080104982e-07
636 1.8556763765775522e-07
637 1.7562920227291564e-07
638 1.6337679622232497e-07
639 1.5762932120386306e-07
640 1.528073976868719e-07
641 9.775859755047655e-06
642 1.3450144049916809e-07
643 1.279833807821359e-07
644 3.9558882962234824e-07
645 1.3817959264411182e-07
646 2.1847972845355544e-07
647 1.548403279550012e-07
648 3.1547330660144165e-07
649 3.8638209292605637e-07
651 1.3446529867998455e-07
681 4.9381408405078136e-08
687 1.746474566884876e-08
699 3.019384621007666e-08
709 2.8665192600733923e-11
710 1.8572008556917127e-06
711 2.556049808061845e-07
712 7.30012687550631e-08
713 1.539085061606346e-07
714 2.2595485372871847e-06
715 3.216824969677911e-08
718 1.9453259814218373e-10
719 1.4732290148025864e-08
720 1.2973637789414852e-08
