170 3.688588451543548e-06
11 9.909714237043048e-07
30 5.995732066002614e-06
33 6.3233293014139e-06
37 1.7325109961499444e-05
40 2.407115572606734e-06
51 2.8726194844707498e-06
59 1.2257609425203092e-07
171 1.1080906525191842e-06
251 5.585416586564628e-06
305 1.8760327886756291e-06
317 6.0304667095393046e-06
322 1.987097299627638e-06
324 7.2717094998243215e-06
340 2.150085473168517e-05
353 1.3341304623272148e-06
366 2.0944542365621457e-06
373 3.6510869372712965e-07
377 6.708862774972155e-07
380 2.293154840551989e-06
464 2.390468374581696e-06
490 5.859753566805574e-06
521 1.0031904647751382e-06
538 6.755683437465163e-06
545 3.7846222310116944e-07
557 7.309868650966609e-07
567 4.377559752691309e-06
572 1.3811554097306458e-07
577 3.7020709196713907e-06
579 5.3092200732393e-07
581 8.809641735377366e-07
583 1.17184750688716e-05
587 1.7441325892984688e-05
596 1.2683958048194396e-06
604 1.4670877077652e-06
613 2.3991784835600468e-05
634 3.9216690196133796e-07
650 8.719387867926279e-07
661 5.884186586352905e-06
663 1.7523592235131465e-06
671 5.250189792509227e-06
673 1.9454153337485637e-06
676 6.0245641516549e-06
684 1.5095451554602338e-07
691 3.661478058107372e-06
19 2.0139581834536134e-06
31 2.0194879243145634e-07
36 4.868833181164225e-06
39 1.7120293319582878e-06
43 1.3708341661134193e-06
115 1.1584080279058914e-06
167 9.530299297766866e-08
293 4.986424897932345e-07
296 6.62911172231315e-07
323 6.513984893904135e-07
325 5.728206873246076e-06
330 1.6464481608634167e-06
334 3.1074509521963933e-06
336 4.6834742621173173e-07
354 1.3634316861508215e-06
358 2.64621594350922e-06
378 7.574616157493887e-07
414 7.857249808900133e-06
416 2.324316257641187e-06
460 8.505972047263187e-07
468 6.342038071157837e-06
495 2.6664576318072564e-05
498 8.013064944826673e-06
502 4.684131214113282e-06
546 1.6038679912429969e-06
555 2.7987146055581326e-07
560 1.0646116390534888e-06
571 6.361902500791118e-08
576 3.5233104582214083e-06
580 2.7779702842508832e-06
590 1.281239604412699e-05
592 4.992155617030803e-06
624 6.143170232537901e-07
662 8.952441614308381e-06
664 3.879768687076886e-07
668 4.562823786869972e-06
674 6.044269591239654e-06
677 1.5171559688033692e-06
685 1.7583944809668475e-06
690 1.1211454316849078e-06
692 7.035030992940692e-07
703 2.004592842237453e-06
543 1.4027458530329064e-05
582 1.8750984136065e-05
670 2.276166067129396e-05
