0 0.00019833649838108452
1 9.729569300479348e-05
3 0.00014085310160788774
21 3.9364146969033124e-06
29 0.00016613771301262687
34 3.960679068016727e-05
42 8.898123569021698e-05
47 4.8918352285777694e-06
48 5.184149242425037e-06
145 9.436215048546662e-06
149 1.3709186986632033e-05
157 1.3702634541830913e-06
158 3.0708118309495373e-06
160 3.4676113767776603e-06
165 4.313702429370157e-06
172 1.0098414086889783e-05
214 9.442491540531925e-10
243 3.3823715777215634e-05
247 3.615113401868211e-05
252 3.619102250823548e-05
283 5.543502391676214e-06
352 1.8606877141035184e-05
379 2.2040486892644474e-05
480 8.240396085308814e-05
484 9.461225464887388e-05
485 0.00011965261514183165
486 0.0003372628489361862
487 1.4144997983624433e-07
503 3.187244852241341e-05
524 2.320729843866414e-05
544 3.7953515766881224e-05
552 2.456339434094503e-06
564 3.271822452639305e-05
603 1.0386641798676531e-05
665 1.1507477998092207e-05
667 1.3974693626408069e-05
714 2.3137455341396395e-06
23 9.655324949869681e-08
35 8.494976236900632e-07
46 4.312543238868761e-05
52 4.764989800556203e-07
55 4.602981716638875e-07
61 5.339542987898887e-08
75 3.628772868064861e-07
103 2.5021106192578265e-08
104 4.801196964561647e-08
111 2.4040776562112297e-08
114 2.3611242558148247e-06
117 8.517001543543096e-07
125 5.191357276144584e-06
126 3.2890203257287926e-08
127 1.9943986138158029e-07
132 5.189990777995511e-08
190 7.679919144076237e-07
200 1.85986998919529e-08
202 1.302557661229334e-05
205 9.041823288275713e-08
210 1.6644257979282315e-08
212 2.223160713915293e-08
213 1.8023649660873426e-08
217 1.7862783481109846e-08
221 7.36118328611917e-05
245 1.98958618259164e-05
267 1.7034170942897777e-08
270 3.941606885740802e-08
271 1.3277652977082247e-08
281 1.312527733694006e-07
307 1.1730786903072425e-07
328 1.4523736803853725e-05
338 1.2690774658572807e-07
349 2.594399623360362e-08
370 3.586090750481374e-05
387 4.250111447240866e-08
389 6.098138263370496e-08
399 2.1599316315567817e-07
403 1.72894944930191e-07
412 1.1626929851811055e-05
430 2.5943773376152347e-07
436 2.6138926331512904e-07
443 5.30121116620552e-06
453 1.9213418397285685e-07
462 3.1336155159048187e-07
470 1.8731554894326085e-07
474 1.0397458601097443e-07
476 5.896687353132071e-08
505 6.89468866926354e-05
507 3.59521885142101e-07
516 2.628915316520585e-06
520 1.7137532012263158e-07
522 5.0658758685561924e-08
527 8.834398037764517e-07
529 7.289679652440536e-08
530 1.078719659052857e-06
531 2.200467682321097e-08
540 6.427637018066029e-08
551 8.781149753117904e-07
562 2.200484371279556e-05
593 7.089683417360865e-06
598 9.092563082027398e-08
599 1.837365250280368e-07
600 8.455770434097986e-08
601 7.170977067558603e-08
602 1.2064251596218384e-07
606 4.4285019881855025e-07
612 1.77449515399297e-07
614 4.9554015068270984e-08
615 6.797112665457575e-08
616 6.495602206396077e-08
617 1.635472013808501e-07
619 1.1981221549588093e-07
622 1.3629367226297595e-07
626 1.597784030064277e-07
627 3.6994954729708706e-07
630 2.3642117598384915e-07
631 7.044169915396425e-08
637 1.152578162839833e-07
640 5.7881820393995765e-08
642 4.24279115381096e-08
643 4.5323120847033265e-08
644 4.3184800614326134e-07
645 1.4448551779573476e-07
647 6.502251700563135e-08
648 3.2680322200322087e-07
651 6.572665722999142e-08
675 2.977788596902374e-05
63 2.3327677142085878e-08
101 2.3344235572096858e-08
287 2.4000128565308685e-08
482 1.1128050553678505e-05
646 1.210117997464952e-07
7 4.021659268251851e-08
13 2.3280792559475904e-08
15 1.50897586615374e-07
24 1.566528628026435e-07
54 1.3757176097304935e-08
66 1.5599610840906847e-09
71 1.0202293832480186e-07
76 8.48366021674363e-09
78 1.6922587833590282e-07
99 1.852828773239261e-08
108 3.9615085321390876e-09
121 7.930925716032816e-09
134 1.9954803241024105e-09
138 1.9501670357386357e-09
142 1.4607957222415262e-09
150 6.013724449583227e-09
198 1.639594734921797e-08
216 5.9302059750089986e-08
232 7.919676762300261e-09
238 5.382017238361206e-09
240 2.8670642011239444e-09
254 1.8382117134328093e-08
256 1.196023588239814e-06
260 1.9575351147660862e-08
262 2.4676899941078467e-08
264 1.5029057072331003e-07
274 1.599504025112917e-08
280 6.601292456057462e-08
288 1.947846372813548e-09
290 1.1182920368645507e-08
294 1.1068451815648815e-08
301 1.534975068663291e-08
303 1.3830501026949117e-08
337 1.4742477866085377e-08
345 1.5173755400637325e-08
347 1.7858704589657205e-08
385 3.0362435505820846e-08
397 8.063461697247164e-09
404 2.11970547357677e-08
415 5.082599595234332e-09
437 5.7453331732317675e-08
447 5.1998357059349565e-08
454 1.889361102656516e-07
459 1.2675908012293998e-08
534 9.477699041909282e-08
541 3.449141080975289e-08
620 4.051440929084679e-08
623 1.287369347741789e-07
629 7.324890736906237e-08
636 1.4333136473746288e-07
639 9.200042660919855e-08
659 2.8779213757869803e-05
713 7.11578179645695e-08
719 9.413148329091903e-09
64 1.4876567316630166e-07
173 9.013488767153005e-07
319 6.189539517218812e-08
563 2.8880127847996777e-08
2 8.044496198021867e-08
8 1.1273093989020145e-07
14 2.6389227052603507e-08
22 1.777337296726018e-07
50 5.543358372906719e-09
53 3.138404945113687e-08
62 2.025980297438412e-07
67 7.008655123454875e-08
77 8.483660216743616e-09
79 4.8091692075963615e-08
83 1.5395242526536791e-09
93 7.872626192232906e-08
100 2.7443866640715917e-09
107 1.8205067993969274e-09
109 7.053832747831091e-07
112 4.751881415024515e-09
118 3.965333258840236e-09
133 1.4561468477931374e-09
137 1.1944504507821213e-09
156 6.865704777050295e-08
180 1.0444020296221807e-08
194 8.433440905324244e-10
197 1.7303014761647414e-07
204 1.6172194033334227e-08
209 2.2247452004628455e-08
215 2.3478856392916772e-09
218 1.1775580396636448e-09
233 3.735480612826932e-09
235 4.22045517021375e-09
239 1.206933572632064e-08
241 5.029988713804882e-08
259 2.588554005185999e-07
261 1.5624173235927644e-08
263 1.7323180677148837e-08
268 1.1474233991503883e-08
275 1.6240864326656843e-08
279 1.040994367866045e-07
282 1.2311312175694668e-08
291 1.4000239920078549e-08
310 2.9933259320311816e-08
344 6.7552016292625875e-09
346 8.448795637310553e-09
348 1.5003496803240165e-09
351 3.3369249721750463e-09
361 9.45394415544951e-08
367 4.9751668443447484e-08
386 1.7993798363384556e-08
392 4.376793801001548e-08
400 2.331325927860215e-09
422 2.079022398673638e-09
442 8.396561464048804e-08
448 7.336958112658505e-08
452 1.258891538668086e-07
465 2.9244909321891008e-08
510 4.964672194974715e-07
517 5.793398261746757e-09
519 1.4565386583187916e-07
537 6.896281974899861e-08
605 1.198848378777529e-07
610 1.7124913146035743e-07
618 8.938671419689841e-08
621 3.895794771655149e-08
628 5.25849973556061e-08
633 6.30379252822589e-08
635 8.054748342021117e-08
638 9.68483646476374e-08
649 2.9234274375624534e-07
681 2.272110400420394e-08
718 8.717254848094346e-10
720 6.909547818426125e-09
312 1.945533264060647e-05
120 4.644862111842878e-06
547 5.255898291002284e-06
575 1.5879011001297956e-06
306 3.4073481079870603e-06
302 1.265830235682776e-06
500 3.7272759901961807e-06
395 1.6095039344409849e-09
371 1.2247980586945569e-07
342 7.175595679195068e-06
4 3.33876635478882e-07
182 1.2705104554541421e-08
394 7.709589571883869e-09
492 8.513709004131049e-07
195 3.983719024843884e-08
374 3.366011430743711e-06
26 3.689165569518055e-07
463 2.8468067035404693e-07
532 4.680538106146505e-07
632 3.033876810685267e-07
90 7.355776760060556e-08
98 7.065019431984494e-08
477 6.99621573729675e-08
425 3.6294135968307895e-09
424 4.397503973266952e-09
709 5.464577942382376e-10
332 2.3633339680418246e-05
398 2.0138880255539638e-07
208 1.7971721039661824e-07
95 5.485162885976282e-08
207 2.442294957056696e-07
266 4.778320189839298e-08
272 6.106693408006886e-08
242 1.491865327601583e-08
368 1.9332679349098176e-10
418 2.1999328674583735e-09
119 2.6421783185994737e-08
457 4.6499209013642e-09
439 2.7576191761403133e-06
309 1.743408127305533e-06
316 3.613244628730412e-07
181 7.58450137986817e-08
265 8.54887528135487e-08
699 6.100743407335903e-08
427 4.461678305113835e-09
57 4.1715208585216016e-08
82 2.5410364661819204e-07
384 2.468896681963104e-07
433 6.332256746302706e-07
458 3.275251343067921e-07
295 3.0709579749501007e-07
278 1.8337518667717588e-08
382 1.7604163300393415e-07
526 1.4890956485472366e-06
203 2.5936223580627247e-07
479 1.1324776670558958e-08
102 1.4519905867524702e-07
687 6.219043462532268e-08
