0 0.0002524864964368173
11 1.4730222974484033e-05
31 6.6314760418834e-07
33 1.943406321808268e-05
37 2.1422936887621644e-05
39 3.4420770079992043e-06
43 1.973649370541403e-06
46 2.687945851895302e-05
145 9.145832212744262e-06
222 2.8376628543664808e-06
243 4.094907716031326e-05
305 2.9981677033099495e-06
323 7.098538579721633e-07
325 9.907862336218725e-06
354 2.1483693698212766e-06
358 1.7802542170016635e-05
366 3.892657676402145e-06
460 2.4247833171435416e-06
473 6.139403966523765e-06
480 7.995910899042514e-05
503 3.4152915289152786e-05
546 2.5101902876558578e-06
557 1.0061259216016936e-06
560 3.8414736118772505e-06
567 6.04990364284498e-06
571 4.4725483691932345e-07
577 3.4537110493308386e-06
579 1.3145554883764235e-06
580 3.30302623442322e-06
581 1.7613932816544181e-06
583 1.4075012686115347e-05
661 9.052826521983144e-06
663 5.968918691917262e-06
674 5.346313655465082e-06
677 6.602800753275429e-06
697 1.9104404145962945e-06
3 0.00012864590988651955
19 3.3549272582625856e-06
49 2.326432239342e-06
187 5.141902940293982e-07
196 3.10069079040333e-06
231 2.5168049100999906e-06
252 3.521007530105376e-05
341 4.707954470542398e-06
377 1.6617485813323883e-06
450 4.2309669948520365e-06
498 1.3868316117596762e-05
544 3.8712024416852917e-05
613 2.3455522601418623e-05
670 3.500109973724068e-05
689 2.273609614888844e-06
698 2.562611737596513e-06
136 1.2660531053452765e-06
225 4.044561296230067e-05
255 2.9972594128676457e-06
284 2.087777446204739e-06
478 1.3958253222600316e-05
501 0.00010614432221475879
708 7.424354942362689e-07
167 3.8373798074413755e-07
333 5.416090984342965e-07
657 1.3692837989676907e-05
696 1.3883600264218418e-05
483 2.0835669706580817e-05
471 2.7756517445313946e-05
41 3.054982319054155e-05
496 7.726017492819405e-06
652 3.7264598181713774e-07
320 4.638763723718475e-07
