664 2.108631080945471e-06
413 7.004086536336114e-05
658 5.790451289185336e-06
570 1.2442833499318164e-06
91 3.476815518042698e-07
44 3.7033801702263016e-06
655 5.839685453536396e-05
538 2.1502742858942974e-05
304 1.7403117512168642e-06
223 5.810603694216511e-06
230 1.693024983800397e-06
587 1.9803962461717424e-05
330 5.227501396593932e-06
299 8.619700099621944e-07
533 5.150430673059517e-07
545 1.24657999782832e-06
692 9.986316187946446e-07
317 1.2800860584243207e-05
335 4.327396238242417e-06
80 5.588969929925294e-06
219 8.942647767630154e-06
572 5.573036047315547e-07
283 6.252605611345496e-06
25 4.379320989289176e-07
17 7.74586531162181e-06
372 7.396991502660154e-05
588 2.57717107040845e-06
250 2.2556989987710183e-06
380 6.320053901560967e-06
179 1.3576660169394177e-06
523 2.1085128216794375e-05
666 5.902341033303465e-06
34 2.385141615593478e-05
73 6.452078740626443e-05
277 2.058161550803451e-05
296 2.189233332040825e-06
383 5.179297583311062e-07
550 6.255374752934786e-06
582 3.3032046124145496e-05
672 9.359667309016774e-05
684 1.1544641709404024e-06
705 6.419570265193975e-06
324 1.9633797585363633e-05
374 3.986683660266372e-06
247 5.856677148548551e-05
42 7.564768909948314e-05
228 4.837066901819549e-06
329 1.957644064205464e-05
360 3.847137295714888e-05
384 3.8084135979579247e-06
414 2.2411617530887008e-05
558 3.0714454342785178e-06
653 2.8604927866319872e-06
668 2.067283473549364e-05
683 2.7042079263275778e-06
686 3.96126118914325e-06
441 7.938045345781072e-06
624 2.4542936633793974e-06
