493 8.454447761023059e-06
162 1.978433478427248e-06
688 6.137413225604907e-07
634 7.051495946971579e-07
678 3.494336283833696e-06
164 1.474222133168068e-06
224 1.0318979582012452e-05
168 3.2863733486733093e-06
331 3.1486714221950386e-06
161 3.837825694862872e-05
318 1.2472279867715352e-05
416 4.5430292761802125e-06
494 6.745714642747064e-06
690 3.244038878243659e-06
700 2.7992323325180227e-06
30 1.7159751737717983e-05
51 3.4048366532442897e-06
88 4.395005503903427e-05
94 1.992121140009067e-06
115 6.853050393400502e-06
130 1.497410735690116e-06
155 1.8413638669533e-05
170 5.5015318535407086e-06
171 3.6675535083253277e-06
186 4.069956070963284e-06
206 1.8094497887003486e-06
227 1.3685696035687132e-06
229 2.6177247472722265e-07
236 3.9679573657915735e-07
293 3.1030151949913505e-06
322 6.679272039193677e-06
334 8.920157420665829e-06
336 1.6805025534694355e-06
340 2.906768221597413e-05
353 3.100755792431498e-06
355 8.397305148184935e-06
373 7.396686357753369e-07
378 2.373727361412981e-06
390 9.559395572067996e-06
464 4.57847709332393e-06
467 5.084342383517819e-05
468 1.5961316718218077e-05
469 1.7764484358703073e-05
490 1.1277420115006625e-05
495 4.409718337344761e-05
521 6.565190070886657e-06
543 2.9583048202239673e-05
576 5.778841081696323e-06
578 7.283342147608123e-05
585 3.855095876184252e-06
586 3.707104962127497e-05
589 1.5545054820582394e-05
592 1.290376341998507e-05
594 8.850069760276765e-06
604 3.925054650619292e-06
650 3.5929775613824625e-06
654 7.98272650096267e-05
656 1.1949893906277726e-06
660 6.533047762235162e-05
671 9.866963159592662e-06
673 5.464392253504637e-06
685 3.2478432514511885e-06
703 2.1994335970288346e-06
716 5.364010846392977e-07
248 2.238438536546462e-06
169 3.0371136973746517e-06
701 1.2561874888606457e-05
178 9.48450758177345e-07
96 3.589397952754238e-05
420 1.088676940660094e-08
505 8.740316414524947e-05
56 8.847972333655234e-07
129 2.9223724138147254e-06
