440 6.8478607687086905e-06
590 9.579740845018014e-06
596 3.0124345907226322e-06
555 3.794008446946637e-06
432 2.4795397357857196e-06
36 5.666225107814976e-06
40 3.9721850907753475e-06
693 2.7362688611350145e-06
608 2.191954635604353e-06
500 4.211763962228555e-06
584 6.150355052901087e-06
702 2.682634879167851e-06
211 6.723241628248415e-06
9 3.5509726828587295e-05
20 4.167562284542687e-06
47 5.2608965001841995e-06
147 6.239509805364347e-07
251 8.192473812172635e-06
502 8.32172824127766e-06
547 5.970506342605042e-06
554 7.411295408581567e-06
562 2.2913911538030196e-05
675 3.487886313510369e-05
35 1.1787814059676052e-06
87 0.00018771157472136446
113 2.3088453143719263e-06
143 8.509652326371544e-08
176 2.4480425449097306e-06
276 7.703356812692618e-07
297 2.9274410263532332e-05
312 1.6611544962014253e-05
314 8.940103735754666e-06
327 2.2535352041725575e-05
328 1.1741273603120693e-05
332 1.747777584309275e-05
435 7.072180973383968e-07
472 7.193470541715036e-06
486 0.0003737775383108035
549 0.00011775961688334696
574 9.158397488033326e-05
591 2.4018666904158897e-06
593 8.0892380492444e-06
659 2.5350413552907928e-05
669 2.498995182349849e-06
704 5.084543607512224e-06
48 5.832673034716827e-06
122 6.30017223420504e-06
123 1.400203238590533e-06
141 1.9260788488017667e-06
184 4.554249726500266e-06
192 1.187294625838506e-05
237 2.862541802111618e-06
258 4.8461905296596235e-05
444 2.800198690054013e-05
509 8.328161739390107e-06
662 2.06117509950693e-05
508 2.0690431395479475e-05
249 7.827727584966891e-07
245 3.343987630604739e-05
