1 0.0001358510733562638
4 2.9381701191870006e-07
7 4.8226368781946727e-08
10 0.00017775631936864988
13 2.0137386384934567e-08
15 2.4929131700138394e-07
23 4.6795784804279814e-08
26 1.4979993275978643e-07
52 4.202967680653626e-07
54 8.743108685072928e-09
75 1.4010563806691357e-07
79 1.4269602535436497e-08
90 9.881969460466008e-08
92 2.6190332470199637e-07
95 1.0893254998478547e-07
98 1.752937064472401e-07
104 5.625558468034251e-08
108 3.5808384957371187e-09
112 4.710940221370142e-09
118 2.6307901252487764e-09
121 1.1479361436156665e-09
138 1.3718097850766544e-09
151 7.261313686733037e-07
172 1.1742351624781103e-05
193 6.161043165791435e-08
198 4.932361305584515e-09
204 1.4731235533089435e-08
207 2.607602251088046e-07
209 2.3820271847646985e-08
213 1.059524166574766e-08
215 1.500677450429503e-09
239 1.9287422642563027e-08
241 5.4666642845005303e-08
266 4.4680038845098767e-08
268 7.474636844074114e-09
272 9.176120443428481e-08
274 1.3123195774150133e-08
280 4.9421524034532783e-08
282 9.909150222582022e-09
287 6.745383882845453e-09
291 3.889952745738135e-08
301 2.6090152587947992e-09
306 3.2238053416121077e-06
310 2.1065364667466357e-08
313 3.49284496321362e-05
326 2.282867300917128e-06
338 1.1433840618144422e-07
344 5.418868812343966e-09
346 3.146660551914114e-09
350 6.42657763844274e-07
352 1.990111362126106e-05
361 1.4821515147603596e-07
364 2.299948293201794e-05
367 4.6308224109435484e-08
369 3.2644413072955933e-07
379 2.4630187633785997e-05
381 2.3248968151978397e-06
387 7.984095345632031e-07
389 6.707693627273915e-07
392 2.1519414378075138e-07
394 4.528169807481933e-09
418 2.9530688149936702e-09
422 2.312736241056499e-09
424 3.831142763003797e-09
430 1.1198842483655336e-07
434 2.996374543593804e-05
437 2.9391470131610447e-08
439 2.5480070703603202e-06
449 1.6855830563927668e-06
452 7.243079642337431e-08
461 8.218212016330845e-07
463 1.6230877791263614e-07
466 2.7947455993152117e-07
477 1.0701387587473745e-07
484 0.0001367314783781102
487 3.5787575653258176e-06
504 2.5925971495885487e-06
507 6.387994896867813e-07
511 6.018396523782817e-07
524 3.306354045784932e-05
526 1.9655280287847566e-06
529 3.3449927926384003e-07
536 5.526870147501594e-07
540 5.373003867476049e-08
542 4.1974291930430487e-07
597 1.3512663890239905e-06
606 4.535945213312408e-07
610 5.945695076997551e-08
612 1.0299422540784827e-07
615 3.030225158894638e-08
617 1.0677749509188284e-07
619 9.065482196867209e-08
621 2.8240019894084043e-09
623 8.582711963310615e-08
626 1.563915348050155e-07
628 1.1879833637417496e-08
630 1.0865742195067946e-07
632 1.6582652635265449e-07
635 1.2926162644188124e-07
637 6.132081000261079e-08
639 3.155759145634155e-08
645 5.6496602737181177e-08
647 3.539081271577489e-08
667 1.4228968341066942e-05
679 2.375502631162346e-06
687 1.342574088367758e-07
695 1.943090789685131e-06
699 1.0545632063728008e-07
707 2.7677656833467576e-06
709 1.3832952836882404e-09
711 1.8726071302134072e-07
713 2.364562588607874e-09
715 1.6596566692658755e-07
244 5.514393891558087e-07
510 5.098212932608986e-07
105 5.9118739142857806e-06
106 2.578955756197478e-06
117 1.50465655751513e-06
220 5.087697508189197e-07
278 3.6931616525722446e-08
357 3.699085362378582e-06
363 3.054810717843457e-05
405 9.717276251650721e-05
513 1.3997413277333082e-06
528 7.536721051420323e-06
2 6.030656286028316e-08
12 1.16684430684213e-05
22 9.837094487740876e-08
29 0.0002208617422527674
50 7.177027624360672e-09
55 3.8494040218656947e-07
62 1.952599133588816e-07
64 1.3500075825795883e-07
66 1.9020671016758337e-09
70 2.1585818646603844e-07
72 2.8455908196639525e-07
83 8.993434602572115e-10
93 6.140896673316734e-08
97 2.717651891113007e-07
101 2.5706639688459116e-08
103 9.589380619148126e-08
107 3.893831296306112e-11
111 2.5053426498421258e-08
119 2.257999033440161e-07
132 9.230321693039926e-08
134 7.325808888614743e-10
137 1.1385086186726679e-10
140 5.726432172017243e-09
144 6.264345268747232e-09
148 1.9924219574268606e-07
150 3.285386857538837e-10
173 9.827623660871292e-07
175 2.8223616571530797e-07
180 4.321317902950825e-09
190 8.021797864758592e-07
197 1.7858163710880407e-07
201 5.114883352133157e-06
205 1.2303532051697757e-07
210 3.615439487307844e-08
212 3.648069985672428e-08
214 7.48317030115701e-08
218 7.15140734733321e-10
240 3.809431237345981e-09
256 1.2042811093883322e-06
259 2.497514710607262e-07
261 1.4383844596909397e-08
267 2.605101610657949e-08
279 8.919144608302466e-08
281 2.277651198492259e-07
286 3.41515516636215e-06
288 1.1814220609036666e-09
298 2.90372826705017e-07
309 1.4433606647749895e-06
311 2.0375741614106972e-05
339 5.408483460510134e-10
345 5.1869741750235565e-09
347 4.279095365556996e-09
349 4.6537574398368316e-08
362 1.8167487023313834e-08
365 9.708808692173642e-06
368 3.879398842008257e-10
388 4.048667832252196e-07
393 3.4625362565028967e-06
395 3.160697393902568e-09
397 8.322269609983506e-09
406 9.139997513975839e-06
421 1.6350079471120453e-08
423 1.886704373906608e-06
425 8.069552496415472e-09
436 1.2619481077104157e-07
438 1.6387095002336788e-06
442 6.467171533347594e-08
451 3.292034494135844e-06
453 2.0126240161235754e-07
465 5.751928369644024e-09
474 6.130471351785728e-08
476 3.368894086289346e-08
506 5.5998361080446e-06
522 3.007912585293072e-08
525 5.910243307484763e-07
527 7.642535597128171e-07
530 1.467203559644174e-06
535 2.5682988830785173e-06
537 3.6203507655715584e-08
541 1.5148921166028397e-08
548 2.6616898983757208e-05
607 0.00013084133063356163
611 1.1147029958447788e-06
614 6.840609576188285e-08
616 5.2301104128671696e-08
618 3.664091755280966e-08
620 9.461436492756028e-09
622 9.56029413599737e-08
625 1.2291864517825276e-07
627 2.4534667414873095e-07
629 9.326476627665764e-09
631 4.02682662401879e-08
633 1.0118958844977453e-07
636 7.32596053880963e-08
638 4.34460957688144e-08
640 3.662023199657308e-08
648 1.9471874994982307e-07
676 2.0323804621356944e-05
680 3.1123299734249124e-06
706 4.425600846504888e-06
712 2.0046547113496528e-07
714 2.2063395604394757e-06
419 3.3727375562599956e-07
499 0.0004833749593270453
149 2.251554432763744e-05
152 4.149921601284883e-06
246 3.8488690543916424e-07
315 7.721918860035425e-06
497 9.213115441274088e-05
566 2.50275693816952e-05
665 1.5380189340594312e-05
120 9.769275717666327e-06
58 4.247858742875138e-07
61 1.7550717027159055e-07
82 3.500941982871772e-07
84 7.888239457460647e-07
86 1.547799404333387e-07
131 1.261506171655465e-06
174 7.777000727900195e-07
189 1.5905584090756366e-07
260 3.2034262323992878e-09
396 2.4322511927490647e-06
479 5.527348912663042e-08
531 8.704873723781384e-08
552 2.951290502934496e-06
649 2.557759091586081e-07
718 1.2876526266168775e-09
185 1.6767661730163252e-07
27 1.4082157721691368e-05
38 5.450058067822809e-05
81 3.7364098206913914e-07
85 2.7566947011409795e-07
99 1.166517559732121e-08
109 8.013584424052379e-07
158 4.988872383762391e-06
160 5.192400651559895e-06
182 1.2351663116939237e-08
199 2.6696805779062005e-06
321 7.73060184574785e-06
386 8.019583523566446e-09
391 5.2178790237757995e-06
411 5.172950017478965e-06
448 1.0682709360464246e-08
470 5.467677293408421e-08
481 0.0001904921913129167
532 3.268324132266942e-07
575 1.848829027331187e-06
646 8.177679140388941e-08
710 2.2997941685656147e-06
139 4.807233419172092e-07
694 1.192850938273923e-06
154 1.3409669919910003e-06
124 2.944133113524157e-06
300 2.937451893084908e-05
356 2.8791262282238314e-06
412 1.230206745758681e-05
5 6.606025510315751e-05
485 0.00017042226742407484
307 7.474442649315887e-08
71 1.589405915897768e-07
100 7.587473272176955e-09
142 3.7006898399592927e-10
195 8.674685623565712e-08
233 1.3194033950531398e-08
308 9.53835410394608e-05
447 1.1227342875093676e-08
492 5.406015281237404e-07
6 6.97469919652868e-06
16 5.996880353151907e-07
53 7.15986471855891e-08
114 3.344648024400883e-06
165 6.625702455967263e-06
263 1.6023655905327734e-08
273 1.1456102458090201e-06
292 9.08082510823969e-06
316 4.1786671897721373e-07
433 4.983530160133054e-07
561 2.4698170039629313e-07
446 8.311197755630143e-05
257 2.0800749905855826e-06
343 1.4739492730259418e-05
116 7.03384159673041e-07
370 3.5072303568102275e-05
431 8.399466115516776e-06
512 2.0469070135040618e-05
515 1.3598386596277864e-05
125 5.738555615283991e-06
181 7.853613896312724e-08
371 1.647967907609087e-07
644 3.1830164956271076e-07
262 2.3009303559377255e-08
294 1.3783576696729353e-08
385 2.2770024485593572e-08
559 5.255401676791751e-07
409 3.768299617308848e-05
208 2.5408608094978825e-07
234 3.351940413992532e-06
254 9.657308512277257e-08
408 4.013643188747721e-06
455 5.442069835732009e-05
642 6.766007343518267e-08
651 2.2524295709863085e-07
191 5.86715375923229e-06
691 1.476522146855222e-05
488 9.308586997689527e-05
342 8.786693062465225e-06
375 3.860454837662816e-06
539 5.859822537138736e-07
146 7.573576132096306e-10
253 3.6612477133195305e-07
428 2.5254840956535205e-08
69 2.07779171704558e-05
454 1.2019167388072998e-07
603 1.0541320535403282e-05
89 1.2085401609012654e-06
417 1.2886562071512556e-06
565 6.339378074400388e-06
45 6.381030251067952e-08
67 3.882707011274443e-08
102 1.8786896234449954e-07
157 1.9942502531724017e-06
159 3.945043074235251e-06
264 2.0166381175406603e-07
285 8.416052452880539e-06
289 2.3921038885543196e-05
534 1.8924950859335605e-07
643 6.635090228335223e-08
60 9.356080506580918e-07
78 1.4378314486652561e-07
188 2.839992765969737e-05
203 7.307844848108079e-07
232 5.678720680088564e-08
265 1.776122379208862e-07
337 6.814749808242202e-08
351 2.8950368792290858e-08
459 6.187033374063956e-09
605 2.8123226111421777e-08
59 4.03798692776287e-06
609 1.2756140965554618e-05
568 4.167849973794691e-07
28 3.803628130549518e-05
166 6.853677853632522e-07
200 3.2786743382995385e-08
202 1.5765337947979584e-05
404 2.128212201798421e-08
443 6.583995323997521e-06
456 5.040625850946706e-07
458 2.336333106537428e-07
556 8.17929708114547e-06
573 5.328465692263794e-05
601 2.9801471049085938e-08
720 1.3504877881808742e-08
14 1.7117925866454358e-08
68 1.0488734808974244e-07
194 1.684436901638744e-10
269 3.2738481668647714e-06
271 4.032059167533225e-08
275 6.197598068441787e-08
382 1.1369297465164641e-06
401 1.892103473903489e-06
427 1.8258516400855155e-08
429 4.000413486725068e-06
457 7.15143353319276e-09
519 1.7280473347853807e-07
553 1.747407858311502e-05
602 9.607283518795656e-08
110 1.1537261161161874e-06
57 3.753855048591176e-06
302 1.8044235882452642e-06
163 2.7538072955022143e-05
135 3.084319347384489e-07
77 1.5829726733375698e-10
133 3.0678497036448496e-09
235 9.967326854893925e-09
270 6.71519258033542e-08
319 3.8613243723484633e-08
398 6.206154067405631e-07
400 3.7546677454932896e-09
402 1.7595109655499147e-06
410 1.2389526821800421e-06
516 3.0814976818362943e-06
563 2.8070482751039723e-08
641 1.2655838194841965e-05
491 8.308487611728268e-05
18 1.4160843448861354e-06
24 1.97825559723071e-07
74 5.557257054914037e-07
127 2.1966866945702112e-07
242 1.8200397759089535e-08
303 6.511092365358436e-09
462 3.308026708757203e-07
517 3.3662243939881867e-09
551 7.474454292598596e-07
600 6.908558233068514e-08
595 1.0366897295700433e-06
32 9.490205449561313e-06
518 1.9849512099618576e-05
126 2.7377098920676787e-08
520 3.5253027660086616e-07
599 6.794417409267804e-08
8 1.0802640684699901e-07
76 1.3147623822341166e-09
156 3.413960038247957e-08
216 6.482351685393072e-08
399 4.40192257798129e-07
403 1.2064388058313839e-06
445 1.185066515624755e-06
514 5.497037019808325e-06
63 1.8262412272005094e-08
348 3.790695599945147e-09
415 2.0417678818203868e-08
681 2.4657893711253685e-08
295 3.4837046926207517e-07
489 0.0004215091109247979
598 1.1096059826140037e-07
719 1.062611308866237e-08
226 1.2358160220267338e-06
177 3.369936080007276e-07
128 3.2086349016217264e-06
359 1.3047634057508016e-05
217 7.18579791664457e-08
221 7.913236512286201e-05
238 1.5500111069521862e-08
290 9.335631786502815e-09
564 3.8458864232204894e-05
21 7.464867860831708e-06
475 1.829112948192201e-05
65 3.655594893691465e-06
717 2.469970843395172e-06
426 8.791403624474024e-06
482 1.0074457232608824e-05
153 0.00012555279677653385
682 7.668070764976733e-07
183 3.433275392596595e-06
569 1.9306956446525566e-06
407 1.602197313843977e-05
376 6.503752267184867e-05
