480 1.1956840659300455e-06
17 6.242568404380354e-06
5 3.925645968046657e-05
30 1.4340729543219331e-05
38 4.204550058938659e-05
176 7.589394757645659e-05
185 1.3468512183051689e-06
192 2.5445199888076557e-06
396 3.275264413582383e-05
414 3.6232799431689986e-06
497 2.576672973708757e-06
552 0.00012782448352318947
565 6.945455728246236e-06
595 1.143502913440528e-05
647 9.003624491549189e-05
779 9.08698690459726e-06
160 1.1838307969653071e-08
10 0.0001370286345602725
20 3.0178603673571526e-06
178 2.465280825934843e-05
187 1.4773105720667446e-06
191 3.211960622940238e-06
220 9.434558836263499e-06
248 1.4275404660733543e-05
298 5.152137894594155e-05
385 1.4039354165973039e-05
566 3.01859142353756e-05
589 1.257228764012754e-05
620 1.8481338272972315e-05
651 5.8064374414320584e-05
661 2.064324398139104e-06
564 8.301584636332046e-06
580 8.427636026488417e-06
575 2.578849013954702e-06
664 2.288559695835029e-06
619 6.516493926351257e-06
184 3.858180825061811e-05
106 2.6591195787328397e-05
553 9.343842944413535e-06
562 6.717157170539056e-05
293 2.693539890862474e-07
760 5.468213927488386e-07
88 3.6596347030738273e-06
605 3.2191922418506236e-07
407 5.329219948591946e-07
