154 3.128218465178129e-07
230 3.885890339155782e-06
290 1.7353435779490531e-06
149 1.282516337213557e-07
137 4.66890755764675e-06
115 5.323434356918621e-06
417 1.0716639121254605e-05
585 3.500571539910834e-06
642 1.0738426708285928e-06
626 1.1512177217245293e-05
97 4.613588026419655e-07
175 2.817127542965003e-06
682 8.556619022708032e-06
63 4.896797633918919e-07
471 4.951592889225311e-06
715 9.8098050789907e-06
445 4.4886402682315753e-07
27 1.1453739473108067e-05
437 4.3160219314589986e-06
483 2.0950298006193298e-07
371 6.5380280066097715e-06
382 3.8523590971233025e-06
513 7.931133938714926e-07
629 6.226593798684586e-06
217 6.43366226227179e-08
177 5.534582401192944e-07
201 1.0297954820610003e-07
368 2.9792972275359672e-05
94 7.134000609827625e-08
211 6.238149772993363e-08
284 1.4618545001554464e-07
116 1.7958375857788418e-06
286 1.4608355807234173e-07
99 1.0051714210215606e-07
747 2.2686761445633958e-06
189 5.240165925626995e-07
216 2.6436501922152037e-05
309 2.5027608628607508e-06
468 9.26841488312712e-05
668 1.5739158638352434e-06
607 1.4467716652057742e-06
18 1.115265139538137e-06
28 2.9910194225020974e-05
421 1.921501262627347e-05
570 0.0004275009381987781
646 4.233951214417467e-05
