156 1.3380955712017144e-06
383 1.5820867841977773e-05
540 1.2882221175829521e-05
289 3.2974403327481826e-07
370 6.9988592835227e-06
731 5.436054306017382e-05
202 3.7034765161708397e-07
262 1.885433002242619e-06
285 2.2081255242602374e-05
549 9.754825623650108e-06
502 1.5542796696871447e-05
377 5.687490941642921e-06
542 1.662675525089912e-05
783 5.075624808096243e-07
288 9.249846865277021e-07
736 2.352818634553941e-05
388 1.4151756517587684e-05
436 3.0387548278731353e-06
785 1.4045861494394518e-06
631 2.1212562963686874e-06
476 4.954843619360088e-05
503 6.289014902237823e-07
780 8.746073629452538e-07
611 2.2274460633404992e-07
367 2.0993411560503156e-05
79 4.356803941333149e-05
135 5.622744412733871e-07
438 4.848464022466345e-05
349 2.0774607417498293e-05
344 4.013365485422576e-06
621 9.992330270973849e-05
431 5.656296255280905e-05
627 5.828521593459198e-06
418 3.1189771605841886e-05
210 1.985976132934295e-06
219 2.7437382729924833e-06
559 7.392824824504217e-05
