123 1.6341109666777764e-06
194 1.649815116026452e-06
386 1.3871906250927599e-06
379 6.004025418039284e-07
618 1.342658889860039e-06
754 4.795020766644646e-06
477 5.391165737267073e-06
378 1.8094218589753395e-06
291 3.0501617490399068e-06
610 6.053059220399565e-06
37 1.422653272600769e-05
781 1.1254303870760115e-06
150 2.4321363405606635e-07
509 5.229027401075992e-06
622 1.5114685540290614e-06
775 5.365315932481833e-07
645 4.575619251791188e-08
778 1.718905602319542e-06
215 1.9154425072682096e-07
500 1.0045098535536876e-06
518 2.594057285540918e-06
767 5.497359726920468e-07
756 3.292239278091038e-07
658 1.9756953686624604e-06
214 5.948306574883567e-07
512 2.057621434659057e-05
537 4.923752145944584e-05
766 2.4172000666760288e-08
258 1.0800019662013871e-06
546 1.2762613820645261e-05
772 1.0533010778131735e-07
51 3.2346977427110564e-06
324 1.599449507995391e-06
729 2.4985075252450006e-07
59 5.450406545256851e-07
190 6.131382853069513e-08
572 8.254359968834919e-05
662 9.165299685122488e-06
730 2.161018808448746e-06
103 1.6102022120286986e-06
203 2.05978695005174e-07
443 8.474094011498955e-07
225 1.4598844790708775e-06
374 6.131217019556198e-06
734 9.344057610985985e-06
659 3.141233463015327e-05
