489 1.2380938328262395e-06
208 2.0166395869677475e-06
228 8.683369900891958e-07
6 3.931102993671032e-06
499 4.896407252263751e-06
353 2.1805065939368717e-05
472 3.1606785835708194e-05
639 1.905017463237421e-05
583 1.2304663598017273e-05
413 2.250544957256862e-06
126 4.758631106286758e-07
429 2.4995912872102675e-05
127 7.877615611883288e-07
124 2.1510606036582475e-06
634 5.705011215255214e-08
362 7.159188581859298e-05
257 6.305876197185616e-07
641 2.988911546825614e-07
422 1.7248382008957383e-05
330 1.73023804930625e-05
68 1.252057793783273e-06
186 2.33437321241205e-05
784 2.2602158770449324e-06
325 5.2973139156460285e-06
136 5.620503925703407e-07
265 1.7246548562910824e-06
758 2.613230046968248e-06
586 2.045815915794049e-06
523 3.669734078331905e-05
475 8.395198530848055e-06
399 1.2747434846023786e-05
560 0.0003567039763229253
757 7.93817004859331e-07
638 1.8617778087904027e-06
199 1.9001340067145146e-06
543 6.17066493537134e-06
316 3.905062930557808e-07
398 5.588748627777541e-06
470 5.22498098708539e-06
140 1.2617305811395436e-06
514 5.4086797202055295e-05
134 3.7017343269214307e-06
