11 4.364332610150062e-06
33 6.0330343040767255e-06
528 1.9471699236360345e-06
561 7.688577915057062e-06
644 3.4094496738326274e-08
665 4.359833055919901e-06
677 1.1126316791369777e-06
725 8.597827463707005e-07
742 3.7333218931807566e-07
748 2.021860863996337e-05
31 1.3596420079349443e-07
348 6.137614724714187e-07
439 7.596309551325239e-07
649 2.485791653787701e-06
656 8.417817914871735e-06
740 7.0266019069914255e-06
770 6.234860183426949e-07
43 1.5871689932267318e-06
442 2.2547189742558893e-06
569 7.020234191521629e-06
660 1.6671929655639193e-05
416 2.732658679547013e-06
440 6.214884064859417e-07
633 8.538093395645088e-07
749 5.5749111789168804e-06
411 1.390784540811063e-06
479 1.7849093379347376e-06
532 3.253946337066394e-06
617 2.916477606987765e-07
650 1.998910185076924e-06
741 1.2552471635458729e-06
125 2.3181533288271728e-06
381 4.782287798522481e-06
410 1.2886747546119525e-06
538 5.6672763077687684e-06
593 7.076005139384133e-06
628 3.7288725954788273e-07
654 6.769409526934206e-07
697 3.9818186276331863e-07
751 2.3320269098231466e-06
755 9.16126449819683e-07
390 2.4625999868950535e-06
652 4.566511929383195e-07
768 8.516579080729176e-07
39 1.6291524857794686e-06
62 1.0809189230394868e-06
424 2.238525709578898e-06
615 1.0275704943106172e-05
630 6.423103883500741e-07
663 7.98727331557713e-06
669 9.886782722722456e-07
707 3.217492446975367e-07
739 3.818227099709152e-06
746 3.223687326712403e-06
752 4.411911371688904e-06
762 1.9788560266952622e-07
345 2.904460319080681e-07
392 5.216482610879243e-07
653 2.3364733843657755e-06
769 3.941041319442185e-06
373 5.302556287380793e-06
380 6.481536653449545e-06
36 3.116372866697345e-06
40 2.7395268143515367e-06
359 2.1461810245298526e-06
763 1.6857534641435464e-06
435 3.430476971779888e-07
640 5.0113054845065085e-06
573 4.2985840613051905e-06
655 1.597730850445971e-05
