782 2.441562608605666e-06
19 1.956554290155234e-06
389 7.454234897954704e-08
657 3.1063411935791406e-06
733 8.461250347080274e-07
567 5.152620095109081e-06
554 2.700661164161909e-05
376 3.1866582955867254e-07
786 5.610422862368931e-07
799 4.722102770798048e-07
681 8.052505673454976e-07
387 2.342052623323601e-06
686 1.7735363790514723e-05
240 3.862421088905292e-06
44 2.4868270638940167e-06
261 1.4114538080995686e-06
358 1.3874240629357246e-06
235 1.2367743283493875e-06
254 4.310915306594707e-06
744 3.627833680512025e-06
49 1.4063852338340453e-06
771 2.4475925830997262e-06
764 2.6213693074355415e-06
142 1.0277956250046687e-06
260 1.589877466528326e-07
397 3.5020150390329383e-06
141 1.2745131670271049e-06
267 3.3932645032887674e-07
352 4.875667486974403e-07
544 5.4322576119566815e-06
295 3.201631300662515e-07
268 1.8285045751592624e-06
761 2.0382693942336957e-06
776 1.5908126466250224e-06
252 1.7507625861773448e-06
412 6.894799031690226e-06
735 1.3632068977381586e-06
732 4.065888837735207e-05
774 6.269264396418803e-06
143 2.794851862770263e-07
508 6.270844955088265e-06
579 9.261387137936133e-06
800 1.5975694699266632e-06
255 6.336282441652501e-06
494 5.884573878612269e-06
773 1.0964316772595491e-06
317 4.155746723047332e-06
259 2.4074950735455117e-06
643 7.780000599795491e-07
738 5.0564937748869386e-05
391 2.374858560657926e-06
452 5.471046005934679e-06
96 3.8673676838080266e-05
95 0.00014391058056223728
750 9.332007008314605e-05
