427 4.957669068269179e-07
121 2.898457870413934e-08
218 6.439514524602776e-07
81 9.122027135420457e-08
420 8.909697093923818e-08
604 1.67843939068376e-07
7 3.05526327194105e-08
15 1.862372082942252e-07
24 6.192784654987613e-08
53 1.8662168553645843e-09
69 7.21069724184376e-09
74 6.79314566898208e-09
83 7.513505525240589e-09
87 4.158773894378062e-09
100 1.915650923728635e-09
111 1.60506419749514e-08
118 3.4974810542880556e-09
128 5.431285550325244e-10
133 1.169461286628793e-09
146 8.163553493988358e-10
152 5.393885578533608e-11
159 5.861890046824459e-10
164 1.7692873095527087e-09
173 5.08354312763515e-09
209 8.403791621889333e-10
221 5.699457293738094e-10
233 8.558621963300687e-10
239 1.462684368487717e-08
246 1.2093661016363356e-08
253 3.103037859924081e-09
269 1.506301816037512e-10
273 6.542744342301383e-10
277 6.542744342301383e-10
281 8.655183054202524e-08
300 2.4800047987266853e-09
304 1.2100251564602962e-07
315 1.4704422457390812e-09
328 3.4899979887436753e-09
333 1.8662168553645843e-09
337 8.153589103648996e-10
341 1.8662168553645843e-09
351 1.4503891038316509e-09
361 9.645108581664113e-08
375 1.931198420439177e-08
401 9.102731868400489e-10
405 2.5361152568471578e-09
426 2.73179864236608e-09
433 1.5382718920344127e-09
457 8.872017116631813e-09
463 5.228719158724956e-09
478 1.5808548591694532e-08
488 3.707520127936614e-10
515 6.789806086188107e-09
536 6.79314566898208e-09
547 2.025669445237347e-08
594 8.912951656324197e-09
603 1.0093343099565861e-08
612 2.9075367114051996e-08
636 1.0587217082557589e-08
674 2.0266744942388763e-08
685 6.231774652573359e-08
694 2.626168838510815e-09
706 8.555836344918001e-09
711 1.9839683767019607e-08
716 4.4127968218070544e-09
722 1.579838059748335e-07
727 6.79314566898208e-09
791 6.60704094102325e-09
795 1.5382718920344127e-09
803 6.542744342301383e-10
54 3.6451762767309135e-07
241 1.753706432919086e-08
320 3.955518137178079e-08
425 4.658370549347285e-08
563 3.341301984757433e-07
581 3.506766205575809e-07
797 1.820070650831733e-06
8 3.642936912533108e-08
65 1.5454660081852292e-07
70 9.338759429663581e-09
84 7.513505525240589e-09
91 6.519849213958577e-09
102 4.7812147040910363e-08
114 3.276333507769281e-08
129 1.8394916636560444e-10
138 3.0222432773175734e-08
147 1.8610472795879493e-10
153 1.8610472795879493e-10
161 6.255186689726164e-10
165 1.7692873095527087e-09
212 8.403791621889333e-10
223 4.113159153462437e-10
234 5.277988135431776e-08
242 9.432745400599083e-09
247 6.051164352912432e-11
263 3.298753275353927e-09
270 6.542744342301383e-10
274 6.542744342301383e-10
278 6.542744342301383e-10
294 3.405229041486463e-09
301 2.6664285301923618e-08
307 1.815030532706814e-08
319 6.471206341633256e-08
329 2.3720042197101827e-09
334 1.8662168553645843e-09
338 1.8662168553645843e-09
342 1.8662168553645843e-09
354 4.185215351745713e-10
363 6.79314566898208e-09
369 6.79314566898208e-09
393 1.7600528658927628e-09
402 5.568292318530824e-09
434 1.5382718920344127e-09
451 6.675196964334535e-07
458 4.2729774778733784e-09
467 4.498775609085481e-09
481 2.0193655377473408e-10
492 2.0193655377473408e-10
505 2.367670349270246e-08
516 1.2748904644067622e-08
522 6.629621576747307e-08
539 6.79314566898208e-09
588 1.272781867171021e-08
599 6.306319020951209e-07
606 6.047723559987747e-08
613 3.445146844987586e-09
687 2.3028022422979977e-08
691 8.938969121807158e-09
695 7.21268866225011e-08
708 6.79314566898208e-09
712 5.440720246580347e-09
717 1.417624220604666e-08
723 2.0515003723307762e-07
728 1.7799057241397218e-08
792 6.60704094102325e-09
796 1.5382718920344127e-09
804 6.542744342301383e-10
57 2.433650308899492e-07
243 2.5448241351945635e-07
449 5.503209630240316e-07
598 1.57460154013387e-06
703 6.781380696938122e-08
718 2.7318241982184166e-07
2 4.142192333705682e-08
13 3.8263335035261885e-09
22 6.31834507141984e-08
50 2.1279392334645476e-08
56 2.0777575454458544e-10
66 3.866038038776215e-09
71 6.79314566898208e-09
105 1.915650923728635e-09
130 1.834573495743246e-07
144 3.767817907051758e-08
148 1.475468811886298e-11
157 1.8610472795879493e-10
162 6.255186689726164e-10
167 1.7091909911493488e-10
179 3.9945129605952974e-08
200 7.444189118351805e-10
213 8.403791621889333e-10
227 1.034432505113263e-09
244 5.471125528023862e-09
249 3.103037859924081e-09
264 1.1246897497252469e-09
271 1.0318943029016716e-08
275 3.681815881638656e-09
279 6.542744342301383e-10
302 4.607813098997156e-09
308 6.554913806323803e-10
322 1.944205847462736e-09
331 1.8662168553645843e-09
335 1.8662168553645843e-09
339 7.645306475657671e-09
343 1.8662168553645843e-09
356 3.19411130596901e-10
364 1.2256294201390324e-06
395 8.718054709467668e-09
403 1.761715931923612e-09
408 1.059769125943622e-09
428 1.5382718920344127e-09
447 1.4824447226106073e-10
454 2.507246106459167e-07
460 3.085169623156764e-09
485 2.0193655377473408e-10
493 2.0193655377473408e-10
507 2.0342060991199476e-06
533 9.158038893088528e-09
541 3.179295485832523e-08
558 2.8719387616057127e-06
601 1.7843631899604162e-07
623 6.79314566898208e-09
671 7.547631606088579e-08
678 1.830889787243687e-08
688 1.4023321218249418e-08
692 5.932098002031773e-08
696 6.426788137689211e-08
701 7.599840107495448e-09
709 5.2349300978518585e-09
713 2.2446932539522325e-08
720 3.89257267233178e-08
724 6.79314566898208e-09
737 6.79314566898208e-09
793 3.924935863769554e-09
801 7.41585717586551e-10
805 6.542744342301383e-10
139 2.2261169425022998e-07
346 4.432170856894232e-09
704 2.7316960410882193e-08
719 3.679601774999839e-08
14 3.0963393662737213e-09
23 1.7746183720802245e-08
52 6.79314566898208e-09
58 6.255186689726164e-10
67 1.0665575117905784e-07
72 6.79314566898208e-09
82 6.79314566898208e-09
86 6.79314566898208e-09
109 3.47142592774144e-10
117 1.1265925077954852e-09
122 7.702427454044443e-09
131 5.431285550325244e-10
145 1.8610472795879493e-10
151 1.9647858665452814e-10
158 1.8610472795879493e-10
163 6.255186689726164e-10
169 2.89957496804009e-09
207 8.403791621889333e-10
229 2.8360670915960735e-08
238 6.109714784212567e-10
245 5.0725240879396676e-08
266 3.0754638527638463e-10
272 6.542744342301383e-10
276 6.542744342301383e-10
280 6.542744342301383e-10
299 2.0021073088298245e-07
303 1.0855364565222592e-09
310 2.856987973133181e-08
327 1.8662168553645843e-09
332 1.8662168553645843e-09
336 1.8662168553645843e-09
340 1.8662168553645843e-09
357 1.4503891038316509e-09
365 3.621543478966772e-09
400 1.7692873095527087e-09
404 1.8905930473718924e-09
415 1.7692873095527087e-09
432 1.5382718920344127e-09
448 1.0850293055158232e-09
456 2.0185085602123517e-08
462 4.4678423223917736e-07
487 2.0193655377473408e-10
498 8.945378151947848e-08
510 3.808288525372559e-08
520 5.99835582833891e-08
527 4.28684719754239e-09
535 6.79314566898208e-09
545 4.579257695628654e-08
591 6.79314566898208e-09
609 1.3285837752553711e-08
624 5.822683999817659e-07
672 4.041472142578342e-08
683 4.825630649212796e-08
689 2.1239270765397383e-08
693 3.5981899168117035e-09
698 9.500245207730768e-08
702 4.076914267295802e-09
710 4.124523336690446e-08
714 1.3825010352204134e-08
721 1.546818473916665e-08
726 6.79314566898208e-09
759 2.388786857950178e-09
794 1.5382718920344127e-09
802 4.736124785966446e-09
806 6.300790123869517e-10
673 3.769493825720561e-08
530 2.8122641211049867e-07
204 5.576175902703713e-09
226 1.4090037495004388e-07
314 8.771452633510886e-09
690 6.488253364395623e-08
699 1.2118270461067356e-07
55 2.3033697621607442e-08
119 6.531965385649634e-07
675 7.3555092112529e-08
490 4.212538021414928e-09
85 1.1147775977627058e-07
296 9.546055966047128e-07
196 9.945913003387719e-07
4 2.3286214221022238e-07
180 1.5068822550192954e-06
590 1.1312656375735906e-07
406 2.8482029581472494e-08
311 1.420930431072707e-08
77 9.791675428247717e-08
578 2.8765620473474493e-07
195 9.297476026153282e-06
504 8.610426987212992e-08
592 1.413139653790148e-07
423 7.799352251053714e-06
12 9.459330642712623e-06
26 1.2137623697033722e-07
602 9.932288528531895e-07
625 2.3590369707859244e-06
648 1.4875676041241373e-06
182 3.164592592647272e-06
