568 7.23380081594405e-05
700 1.9165589865339675e-07
705 9.928999638941662e-08
548 1.41355060657973e-07
789 1.3817925869845452e-07
679 2.3791066076435737e-07
482 2.3289622734832317e-09
484 2.1658802248184838e-08
525 2.596125561060296e-09
517 8.985371896890937e-07
676 8.572891947512052e-06
231 1.2935110033644787e-05
506 1.2088256485660993e-06
511 5.055644178851158e-06
587 2.3731634536784593e-06
680 0.00011218890872577597
491 1.0976768131201004e-09
787 1.2313816548128764e-10
60 8.944390633411509e-06
465 2.5751829493517938e-06
110 1.1281961158580974e-09
92 1.544469303918633e-07
347 2.666710898626589e-07
788 1.733213630404841e-06
155 1.9772746949075304e-09
444 7.460472520088708e-07
113 1.3800765229230752e-08
461 4.321220965485423e-07
206 6.421013579994865e-09
64 3.2402452600162045e-08
466 9.626464680525896e-07
501 3.2103227413801915e-07
321 1.0316538573524496e-07
394 9.595023445486569e-08
282 9.72327158830565e-09
419 8.308643348801485e-08
524 1.909188545958331e-07
473 1.8282180040887502e-06
89 1.6652446406426908e-07
790 6.651339791232215e-08
519 2.18532154324229e-06
78 8.373940204952171e-08
534 1.1080167898724508e-07
205 7.17370846153953e-08
90 1.252399168680112e-07
430 1.1832381813016487e-07
237 1.3626108656083243e-07
232 2.1716943951508876e-07
250 2.550169386501772e-07
372 2.881144911518669e-07
495 1.785315343765522e-11
526 9.878437967343699e-08
582 1.3418585861475332e-07
108 4.039732094982126e-08
521 1.1051488161049512e-07
366 1.991261168248567e-05
531 9.35623498724855e-08
469 7.797998034595365e-06
600 4.682618965666205e-06
305 3.703295157375147e-08
777 2.4947211472890146e-08
306 1.1165510324133451e-08
597 1.7976651363314154e-07
16 9.804054595547792e-08
104 2.265560263920802e-08
464 1.5817408377385188e-06
614 6.663305413449153e-08
98 3.5303394976408225e-08
80 3.8423859999099483e-07
684 7.135390893357616e-07
93 7.273580368971213e-08
312 1.7610200813403586e-08
224 3.808296514835095e-08
459 3.4192924363729275e-06
455 6.350042139285053e-06
632 1.1722164681666747e-06
174 7.295562739149466e-08
446 6.986097099565163e-06
61 3.293409580902517e-07
73 5.0036003904959356e-08
474 3.941923836042312e-06
236 1.145870575325994e-07
529 5.163506437584773e-07
608 1.1875503768713563e-07
453 7.801553528389598e-06
76 1.2905184604333877e-07
486 2.3647543273527683e-09
112 6.826525926256609e-08
450 2.085880380024394e-07
166 6.878738201108646e-11
550 3.43590178550828e-10
765 1.434249753625048e-08
350 1.8693939909381038e-07
318 5.378998319511211e-09
171 6.9369394621699e-08
798 3.1634054998022084e-08
222 8.603755527850675e-09
670 1.024345270826348e-06
101 9.849912085632045e-08
120 1.0624872854591665e-06
577 3.9306987995986015e-06
75 1.668714721157389e-05
198 2.2284933452618272e-07
496 3.995064014604856e-09
326 3.5647689638102327e-06
313 8.457230265706346e-07
197 5.987796993469176e-07
107 7.773773259091485e-08
584 6.000747355776202e-07
45 2.787087603062061e-08
