25 2.6255192512942507e-07
41 2.291587208613031e-05
46 2.997452802857452e-05
667 8.976234686484322e-06
47 4.1582043516318955e-06
256 3.5284309061997236e-05
0 0.00025134743336492675
168 7.598138330870346e-06
183 2.0567662957537485e-06
323 4.543396066305665e-06
551 7.291045866940936e-05
616 3.233201209241816e-05
637 1.8122142756336178e-05
21 5.160313817996577e-06
34 2.318265262324254e-05
42 5.521686862280117e-05
132 4.71706377476118e-06
251 6.68355395999924e-05
9 2.1018937762023238e-05
283 3.1689670921697364e-05
557 0.00031881027074373835
556 0.00010115931487403902
576 6.898224649004944e-05
635 2.2231913287775966e-05
360 2.444181341137333e-06
666 8.111047492713003e-06
355 1.003184299376993e-06
384 8.86909289977123e-06
574 2.916282108238349e-05
170 5.228272099512571e-07
753 2.9404060303048093e-05
571 4.058715015993724e-06
441 1.6274775426521266e-05
193 4.124156011396683e-06
48 4.173102124206459e-06
3 0.00011141563357469916
297 1.7435131339756807e-06
1 0.00010465270106122208
188 3.3796227067290957e-06
287 3.611494693963421e-05
409 1.6872410452537417e-05
172 9.293822393995335e-06
35 1.0320712433171603e-06
29 0.00016025882446419522
32 6.215149483040122e-06
292 2.956565836271768e-05
555 9.776469382596777e-05
743 1.101448141358718e-05
745 1.1790427281956553e-05
181 2.542114226829335e-06
596 2.1036410680632035e-05
