16
0.014739230926031752 0.007506075945439017
0.014004091401693479 0.003406149444798346
0.010995283709776581 -0.006593225161511137
0.00873696961184385 -0.010505248677539889
0.014824022086455321 0.007284765184518199
0.014330428046703486 0.003631939617802115
0.012028481782242985 -0.0051079930291310985
0.010055201599365796 -0.00833633028699593
0.015285479468412974 0.00810815424302838
0.014954151832445308 0.004570575883556703
0.013851920109404512 -0.002678235928710201
0.012029659281667422 -0.005404106586523373
0.01566441615026527 0.00912137959084519
0.015373946581566031 0.005305630352362618
0.014704479149492546 -0.0017065034781111117
0.01299449201914037 -0.004312345463725229
