16
-0.000709930080520758 0.0028425784119264614
0.0002867874497710456 0.0009579075296921945
0.001913829326526728 -0.0021692801872111997
0.0029054358335057567 -0.0037223122337806283
-0.00023673976412423307 0.0028669001354620417
0.0006701067120581614 0.0011692152865391695
0.0022812731255945897 -0.0017551748944799276
0.003239898183015907 -0.0031359956024882923
0.00037154736218864617 0.003221803069694327
0.0013438496559462986 0.001677373485560007
0.0031223108199775495 -0.0010483038093122435
0.0040471755000062535 -0.0024639227532633296
0.0005945433705977448 0.0036496037746895325
0.0016419808088650476 0.0019928128557264633
0.0035875824015279196 -0.0008053372230935627
0.004637466950878236 -0.002293707573727366
