16
0.01843515456921154 -0.00561621870861369
0.01769423618253685 -0.003128622634499516
0.01672612506092007 0.0016391537132972066
0.016413196568665127 0.004578631625610729
0.018493257700646762 -0.004979039406162689
0.01781423251045527 -0.0026739354402017263
0.016910240347351228 0.0019215063355130307
0.01668248673164177 0.004722540503877707
0.018698343990193333 -0.0045025469425625415
0.018021084611965294 -0.002079222664822903
0.017220532526902647 0.002683146859995669
0.017097780422365542 0.005649122386888933
0.018875832122592667 -0.004559520380519422
0.018137244913211416 -0.0019095326905769505
0.01734225628327016 0.003155130200571825
0.017289483568860134 0.006484434927283219
