16
0.005739988743044437 0.00030874780715501053
0.005013958896366785 -0.0002783257506460179
0.004350789685152282 -0.0009786786059187784
0.003945836421310686 -0.001965824818099964
0.0053548053666526395 0.0005449079621506744
0.004713351673476146 -5.341812110039117e-05
0.004244038037451621 -0.0005962539749788197
0.003953348180573619 -0.0014080970354146628
0.004819683273064946 0.0008174947356256412
0.004309389390041474 0.0004012086403771512
0.00398048446156931 0.0001914536282536125
0.004000983896453183 -0.0004321280142373753
0.004578464912444788 0.0010338416373645294
0.004105138591903408 0.0006434340152973488
0.003818242288908672 0.0005731983730588026
0.003936185885196086 4.1387776092876625e-05
