16
0.027402402373087748 0.002510727012377639
0.028661401685170878 0.0011699247440020543
0.029065019180026748 -0.002738783843044231
0.02888200654648065 -0.003980770851655911
0.027467386211456512 0.0026066694389803116
0.028609970390100617 0.0014402486270400847
0.02911911205363773 -0.0019488912533406784
0.028982721303818536 -0.0026936216394291414
0.027526955713846318 0.003145141813167609
0.028474984710780086 0.0020617462846812457
0.02931827926753017 -0.000571525056255239
0.029241507828699546 -0.00047277204530279666
0.02745749352317289 0.003643304627138817
0.028441259511643172 0.0024638102823588844
0.029441294065997138 -1.2020502466539476e-05
0.02942086061840712 0.00043323011939911456
