16
-0.0070374793859889805 0.021870745635769857
-0.003487414464061887 0.010238915986636309
0.004447881345710351 -0.009897112708729321
0.010983541984290864 -0.019591827476637815
-0.0035864645314175893 0.020262629309456017
-0.0004301024540762905 0.010011233505359226
0.007106159355182603 -0.008856163912965625
0.013337121681171616 -0.01757612921008731
0.0009222994138096375 0.01993794754815
0.0048005580953033615 0.010178162962028099
0.01286441394226718 -0.007652568738819703
0.01848360037708856 -0.016317883787751952
0.0029816532290067874 0.02116153628529222
0.007127667738394509 0.010724423128981076
0.0157700513776431 -0.007589812105520925
0.022058630239456707 -0.016917956428612685
