16
0.009948347439074058 -0.005146485895815053
0.009687576954293852 -0.0025412619407285055
0.009009705751976054 0.0006870064572805634
0.008825576226080689 0.002452832064522227
0.009879694090209333 -0.004611233990390384
0.00965751438579114 -0.0021334073228693037
0.009024559188655905 0.0011550252229442226
0.008868831852558786 0.0029276877018216112
0.009820810531372544 -0.004213564004431798
0.009619414008974892 -0.0015479637768677195
0.00901769046788123 0.0023578471677125658
0.008879769188024035 0.004294307902282635
0.00982907325304547 -0.004255898777380486
0.009610455879245595 -0.0013284069411635064
0.008993788269068248 0.0030192919559713497
0.00884320323697107 0.005295101992656225
