16
-0.00046686511699565384 0.00021517158141186302
-0.0001943245953227197 9.502023426870927e-05
0.000322126419387537 -0.00016177589962414654
0.0005989831596914022 -0.0002792505250702426
-0.00040129273568390017 0.0002064506408071199
-0.00015216853778693212 0.00010050920081586225
0.0003451090523670548 -0.00012686882489470298
0.0006019153701136555 -0.00022804616496014573
-0.00035071000162804455 0.00021568783927638
-9.288109943233473e-05 0.00011774479036348708
0.00041975947577368734 -6.104226890808218e-05
0.0006699062581189026 -0.0001637494177496191
-0.0003575204454715523 0.00023607755074407208
-7.598732862250797e-05 0.00013339364825933108
0.0004680043954774807 -3.629508553440271e-05
0.0007452212936972085 -0.00014165570970613893
