16
0.0007417795079988451 -0.0013335528263173219
0.0008370715341037807 -0.0007584862851866017
0.0010322951247641807 0.00028161530883763676
0.0011160627728301579 0.000874904108360978
0.0006966548406257031 -0.0011801738835467875
0.0007828644928350028 -0.0006461018411828233
0.000953215256222527 0.00039160700378752274
0.0010214163382733872 0.0009549718228810066
0.0006011068610501648 -0.0010542676829217977
0.0006679205505854956 -0.00048425478079247683
0.0007942258087326831 0.0006867959610256963
0.000875270650512786 0.0012329641431191578
0.0005346200934895972 -0.0010590888600415017
0.0006064055204074144 -0.0004272668822424648
0.0007226224969887481 0.0008519410809271092
0.0008019203104678804 0.0014713271755424024
