16
0.008001229919468066 -0.027107739403196742
0.010294715258973082 -0.015025980537881551
0.01666938404457779 0.010220236426524084
0.019714674421834243 0.023454502945747514
0.0038348010911836076 -0.0242400560994599
0.005615235396245717 -0.013220244038491102
0.01084630581647282 0.010677522514851165
0.01315736880046398 0.02285277768188059
-0.0033547624245942047 -0.022317078946588884
-0.002781816168172081 -0.01092623335232741
-0.0010943963876035862 0.012569812826760117
0.002365098568791197 0.024801609102018923
-0.007690584884489693 -0.02277841853838351
-0.0070324428629191405 -0.010259671825637315
-0.006697560863840888 0.014250060433278606
-0.0034895643173259955 0.02777800278487971
