125 5.9793703974775275e-06
70 3.2689659298153454e-06
525 5.949582829294382e-06
302 2.6980769191844183e-05
313 1.8606119050126807e-05
452 4.432586606030014e-06
57 1.945337931548141e-07
366 2.136977374678866e-05
58 2.4316210552371235e-06
72 2.4528923309763213e-06
152 1.2641575937571343e-05
114 2.5243322785699622e-06
221 6.922629664585793e-05
84 2.767361039636846e-06
509 4.836065659131053e-06
60 5.51210117336333e-07
147 3.122062973816471e-07
454 4.9097003469615e-06
74 2.6052366255877903e-06
441 4.085321441534909e-06
56 6.304591910807064e-07
253 1.0206253042613891e-05
435 2.3068108850611482e-06
486 1.2371111294726445e-05
696 4.221583491302742e-06
113 2.1035236619068123e-06
123 2.295336564149634e-06
163 2.5862150276976854e-05
304 1.416003037055658e-06
431 1.9704958201759072e-08
470 2.0986448588433162e-05
554 2.685416450549784e-06
563 1.1596172858170054e-05
603 7.697118999973825e-06
17 6.709848004805217e-06
25 5.05557597431616e-07
135 1.919980196001783e-07
143 7.578484036786582e-08
186 3.196882468192436e-06
227 1.120276453442871e-06
252 2.0589386436179956e-06
287 7.795954022217944e-06
310 0.00011061116768724827
334 1.7535704913389972e-05
344 7.225616773602768e-06
422 2.5835357247533993e-07
426 2.099760351666895e-06
437 1.854834937264911e-05
438 5.277678169909398e-07
516 1.3377837440154863e-05
523 4.3526141928685724e-06
660 3.864974775161602e-06
682 3.7634634317857464e-06
18 1.2828607261271423e-06
19 3.147138475007953e-06
27 1.382256259041279e-05
28 3.6094696225933436e-05
40 4.665208290599775e-06
44 4.193453458757319e-06
87 0.00016107492649206483
94 3.187533979366323e-06
105 6.300017501533171e-06
106 2.6674382074211218e-06
129 2.630401920563076e-06
141 2.275734616268479e-06
148 1.6240524399620173e-07
154 2.959037267116285e-06
176 2.0130293814885324e-06
188 3.5605561317705447e-05
192 1.1146587836789573e-05
199 1.0398168708587391e-06
202 1.641675826526921e-05
211 4.7712801653187846e-06
230 3.9240540896125346e-07
246 3.9711358563014087e-07
248 5.556718645026954e-07
260 6.088251119303763e-05
291 2.0166512764300153e-05
306 1.8911694945939436e-06
325 1.2940517302620437e-06
355 3.372035372921251e-06
361 1.2740238435593892e-05
372 3.14670642078055e-05
375 1.4810918611031683e-06
385 8.767084807679095e-09
424 1.6472480980608764e-08
428 1.5154301731452093e-08
430 1.3180842365777948e-08
446 6.2374713111551915e-06
448 9.011642228669467e-07
458 3.128453286130603e-05
497 3.5033387545679103e-06
527 1.370783539411246e-05
542 9.53691446483501e-08
544 2.4655517915118763e-06
548 3.4747445471641156e-07
556 7.408183495949971e-06
562 1.4510021200300596e-05
565 8.322534539648951e-06
604 9.029008398128733e-06
664 1.2744464395229362e-05
673 1.4585175354345343e-05
677 6.923535640373785e-06
713 1.4200994548274043e-06
717 3.046147102620248e-06
728 2.4916200456823094e-06
2 8.90647816560055e-08
4 2.842276023219754e-07
5 6.384349892384591e-05
6 6.586785557130665e-06
7 2.381947109415216e-07
8 2.45535646159344e-07
10 0.00015901860464923736
12 1.0636736584110537e-05
13 1.0099647244894654e-07
14 7.129473466144842e-08
15 1.4061322431239722e-07
16 8.413561636689774e-07
20 3.923253709126935e-06
22 1.1288313980239575e-07
23 1.593466545702836e-07
24 1.5517499564894984e-07
26 7.405239190897772e-07
30 8.477958357374511e-06
31 1.2114831638841133e-06
36 6.563530502594244e-06
38 5.381399452173945e-05
39 3.77962298237825e-06
43 2.282039801791424e-06
45 5.0059068205595086e-08
49 2.1171514285286928e-06
50 1.734979860380236e-08
52 6.618999123938923e-07
53 3.9726404716347315e-08
54 5.032005034279176e-08
55 1.0124104049750921e-06
59 8.335653436725371e-07
61 1.7586543187721765e-07
62 2.75130214644761e-07
63 5.422872369783439e-08
64 1.878735005955318e-07
66 1.8323311741754939e-09
67 5.640398181899355e-08
68 1.7369186441082604e-07
69 2.3821020224170372e-05
71 1.1195128235556431e-07
75 7.026024113585881e-07
76 1.9547486718956823e-08
77 1.9547486718956876e-08
78 1.7574524045851824e-07
79 8.228927641764626e-08
80 5.324649772223343e-06
81 2.1763398720652923e-06
82 3.4620887864094706e-07
83 1.5898720475567618e-09
85 7.592058935567656e-07
86 9.200485449639336e-08
88 1.0009823635200271e-05
89 1.6284023320258762e-06
90 1.3832986665995522e-07
91 3.7299818138087137e-07
92 2.7826701219406804e-07
93 8.876856403841495e-08
95 1.4698956885593411e-07
96 2.323146547345289e-05
97 2.8595316240326283e-07
98 1.5253052451290389e-07
99 3.9222857651116116e-08
100 2.011554837546044e-09
101 3.5107093903275814e-08
102 2.0527935274183379e-07
103 9.560062904843967e-08
104 1.0273011668160444e-07
107 2.525255804375225e-09
108 7.211339145044162e-09
109 6.815330862326894e-07
110 1.0545545487592722e-06
111 3.01140983363205e-08
112 3.939972840274868e-09
115 2.180189187007654e-06
116 5.328531236263327e-07
117 1.220234139986723e-06
118 6.309332885552044e-09
119 1.1461939015367604e-08
121 1.729224148976776e-08
122 4.390820344855501e-06
124 1.9010312232240406e-06
126 4.3021030265053856e-08
127 2.3708627754563714e-07
128 1.7626466946683808e-06
130 1.7169884727884817e-06
131 7.667230790140041e-07
132 6.178104904256402e-08
133 8.401857746278387e-10
134 2.947842244121701e-09
137 1.1879380975014744e-09
138 2.451509591140909e-09
139 3.592342449522357e-07
140 4.690037597347719e-09
142 3.2108815305883624e-09
144 9.48657887624907e-10
146 7.970007640353729e-10
150 1.1210323135499784e-08
151 2.9125154279491366e-06
153 0.00010985566426184252
155 2.540188493404281e-05
156 1.0580070891821886e-07
157 1.5105306469929778e-06
159 3.353446944220581e-06
161 5.221198229573152e-05
162 2.111899051540472e-06
164 1.7417839495642464e-06
166 5.813497829871845e-07
168 4.216326130169231e-06
169 3.3958832126463726e-06
171 1.6188595940168507e-06
172 1.040901329456229e-05
173 8.87659117645695e-07
174 6.641076889433061e-07
175 6.190510872605264e-08
177 6.522774532076249e-08
178 8.251903391649562e-07
179 1.0852483093687812e-06
180 1.5425202757265122e-08
181 7.753623890634383e-08
182 9.077754710059957e-09
183 2.4988832290414563e-06
184 2.9416626172541386e-06
185 1.0191445359373556e-07
189 1.03632379269061e-07
190 7.844000793993873e-07
191 3.367001517690206e-06
193 2.051973015033643e-08
194 1.1194804006959549e-09
195 6.906790365386847e-08
197 1.751097701309477e-07
198 2.699469271432761e-08
200 2.1288950945094362e-08
203 6.538094998074656e-07
204 2.8205256071584183e-08
205 3.1783543397628064e-07
206 8.392926379817374e-07
207 3.6287021669528875e-07
208 3.468268452054432e-07
209 3.763900412479956e-08
210 5.7872399455137056e-08
212 1.5109081207408705e-07
213 7.321950550961129e-08
214 1.5701979647204898e-09
215 6.5982970009920775e-09
216 1.307029152031491e-07
217 8.102078415426305e-08
218 1.386928115549141e-09
219 5.0947181514216776e-06
220 8.404719784499447e-07
222 6.928746317954187e-07
223 2.183581584114488e-06
224 6.701657293062345e-06
225 1.288828211599787e-05
228 2.4383212352830997e-06
229 3.967978291830936e-06
231 2.629221780743487e-06
233 1.8416199806093898e-08
234 1.30528696510989e-08
236 1.283501063996678e-08
237 7.065329628306774e-07
238 3.488829948125677e-06
239 1.595233210239156e-08
240 3.305864190742151e-08
241 8.334024917253115e-09
242 4.877271262299215e-08
243 1.8185270444498185e-08
244 5.458496672964061e-06
250 1.786707040123155e-06
256 4.8000869430628455e-08
258 1.194217999325505e-06
261 2.564979774934429e-07
262 3.557630605856468e-08
263 1.8626366758973415e-08
264 2.3281654128503e-08
265 2.3914295765643434e-08
266 1.888843759549781e-07
267 2.0543663938798096e-07
268 1.1498292920804505e-07
269 3.728427951823589e-08
270 2.1501148503822565e-08
271 3.4258674367555675e-06
272 1.4983995826410236e-07
273 7.739939500572645e-08
274 1.437531404720534e-07
275 1.079409960592941e-06
276 5.040058137668685e-08
277 3.548586584108451e-08
278 8.025170177769937e-07
280 1.9113045575420816e-08
281 1.196511140430556e-07
282 5.909209865164119e-08
283 2.3252392969605748e-07
284 5.026322538070878e-08
288 4.375374933965479e-06
289 4.741468229594486e-08
290 4.300236251587618e-09
292 1.8967923033711008e-08
293 2.747444215946863e-08
295 2.3355415404004605e-06
296 2.0559576047099996e-08
297 3.4488787157937744e-07
300 2.667898435458834e-07
301 8.631021324864736e-07
303 2.6384636169906644e-08
305 2.6040581417612025e-08
308 2.8345634180273045e-06
309 1.5699224663921963e-07
311 1.8501394105132144e-06
312 7.848929240777862e-08
316 7.575620119102464e-06
317 6.494389196133007e-06
318 5.453584326958685e-07
319 4.072703822524961e-06
320 3.819943686900348e-06
321 7.45653086001557e-08
322 7.230029186153084e-07
324 3.9933626300191556e-06
326 4.865378150685483e-06
328 1.9658151976587158e-06
329 7.310600976791216e-06
331 2.583286711617018e-05
332 3.036611042354876e-06
333 4.663427350194424e-06
335 4.890490241739489e-07
336 5.469631450294867e-06
337 3.7331664572207616e-06
338 2.632444486398779e-06
339 3.62908873318985e-08
340 1.3560268757216179e-07
341 1.407232549529717e-10
342 4.971244400534833e-06
345 1.2382795754394117e-05
346 1.3731768379973854e-08
347 1.258556650043482e-08
348 1.3916789901701503e-08
349 1.9893232003670673e-08
350 1.4136068961752598e-09
351 5.904712845271349e-08
352 5.577191623582646e-07
353 7.740439454897264e-09
356 3.4746651564564404e-06
357 7.2637032045200306e-06
358 2.796133549078495e-06
359 3.4473361627012646e-06
363 1.3047148136163622e-07
364 9.065861494784704e-09
365 2.424555313051338e-05
367 1.0931676771809315e-05
369 6.474403857820287e-08
370 2.4882308456921454e-10
371 3.2641709581383474e-07
373 1.0884846476231099e-07
377 3.1301557645508303e-06
379 1.8470066913203926e-06
380 2.521166873097848e-06
382 4.459819018893251e-06
383 1.553925478078826e-06
384 2.8031867631689464e-07
386 6.43186057393522e-07
387 4.464272879623635e-08
388 3.117234235516254e-08
389 7.27899169873278e-08
390 6.347444908164203e-07
391 2.0191754625937363e-07
392 7.950021770489838e-06
393 8.06249165520306e-07
394 2.2030691675005755e-08
395 1.0711069287959676e-06
396 1.2024151434597047e-08
397 4.5989007564778067e-10
398 1.1694285801078073e-06
399 2.3234275771976014e-08
400 3.9852102610968745e-07
401 2.278785732161068e-07
402 7.427819046392607e-09
403 4.807640611201216e-07
404 6.423868342615131e-07
405 2.648202697358743e-07
406 4.1244391258432383e-08
407 0.00010246722245662776
410 1.8687167038882294e-06
412 5.464154498188855e-07
413 7.796428962262945e-07
416 4.594226201078384e-06
418 3.426965157960306e-08
419 2.972613148720772e-06
421 6.566066491657583e-09
423 9.761606167015028e-09
425 6.928940055162107e-09
427 5.6828817027420225e-09
429 7.467541979924146e-06
433 4.3352677539059087e-07
436 1.2300280614259777e-06
439 5.183481974620014e-07
440 8.72315779934447e-08
442 2.9334816642478197e-06
443 5.14578763363713e-06
445 2.084666897661283e-07
447 6.347598930469421e-06
449 7.623926815685681e-06
450 2.3143611145972344e-07
451 1.0568245547304101e-07
455 1.5333272899263156e-07
456 2.781734816502084e-07
457 3.665116441922937e-07
459 1.6838511328890255e-06
460 8.415216120752713e-09
461 6.043922496382957e-07
462 2.6946300025985887e-08
464 1.1046960132610291e-06
465 3.7819113409197503e-07
466 5.121722967698157e-07
467 1.4547701923410293e-06
468 6.738941623593407e-08
469 1.0677436481829264e-06
471 6.0394552073422904e-06
472 1.753229185061611e-05
473 4.4938538311866626e-07
476 5.7834541658680125e-06
477 6.684228611879907e-06
478 1.6368112987043447e-07
480 9.244571682171963e-08
481 1.1001567638357254e-07
483 1.4673651316647625e-08
485 0.00015879777134843328
487 1.099453420104893e-05
492 2.118534751231435e-07
495 1.4769642731849684e-09
499 4.994820370419798e-07
500 7.596996310137341e-06
501 1.119653950952404e-05
502 3.2289850721426005e-05
503 5.280380581545009e-06
505 7.755922701766255e-06
506 0.0005336264223882881
512 3.0945775137161774e-06
513 1.3182647082674902e-05
514 5.754631620596595e-06
515 9.813951124417786e-07
517 5.3604689812311805e-06
518 7.198131968015564e-07
519 2.5176877206206583e-06
520 4.583039627539652e-06
522 5.132339042521718e-06
524 4.476660881996212e-06
526 1.14660418126846e-08
528 1.3296775806550246e-07
529 1.1014341968525955e-06
530 1.8829226899657042e-06
531 5.979087250710628e-07
532 1.941130072760158e-05
534 2.06864713063645e-06
535 1.750087438531362e-06
536 1.92007613884521e-06
538 6.850026864250117e-07
539 1.4914318385224024e-06
540 2.7982558577135946e-07
541 7.226109954897588e-07
543 2.1288154882386632e-07
545 2.2715994785173817e-06
546 2.8590621511489455e-07
547 3.383085890385859e-06
549 4.193083083728667e-07
550 8.599184261765986e-08
551 1.684256596852352e-06
552 7.573791634866108e-06
555 2.8158004582546193e-06
557 2.2825247964609257e-05
559 3.3644683865421147e-06
560 1.0565766162748985e-06
561 2.5539974175341757e-06
564 3.7496693264161886e-06
569 2.8139189407394394e-06
572 6.526608779225743e-08
574 3.596255328807997e-06
578 1.5429769967957441e-06
579 1.3161308666638101e-06
580 1.3756905094875344e-06
582 3.373230639949781e-06
584 7.968191929685874e-05
585 1.6275718913530682e-06
586 6.279314940482799e-06
587 3.657197046540016e-06
588 6.978854760129511e-05
589 1.970020972387642e-06
590 3.2501524828904692e-06
593 7.2896640456990705e-06
595 2.3752229383008357e-06
596 4.986665404325695e-06
597 1.5835322148283313e-05
601 3.000310219986692e-06
602 3.924157820876791e-06
605 7.204139973067942e-07
607 1.2432880392500165e-06
608 2.5968064292935053e-07
609 3.0900030059219414e-07
610 3.6684434319262006e-07
611 2.8134616441012787e-07
612 2.0076795183722028e-07
614 2.6012117692526432e-06
615 8.938746424289544e-08
616 1.046077457540341e-06
620 2.1020480230818438e-07
622 3.467212488108091e-07
623 1.3598760698828594e-05
624 3.9006123788510933e-07
625 3.156341900713345e-07
626 1.5780795102507597e-07
627 5.80375488504483e-07
628 1.4099495420563757e-07
629 5.760681555647369e-07
630 1.940206953497225e-07
631 1.2389874270507497e-07
632 1.8429027400006605e-07
633 1.7672632018689595e-07
634 3.2439482499034585e-06
635 3.700005207261979e-07
636 3.368647220990428e-07
637 8.67243979466349e-07
638 8.354883842491942e-08
639 1.258692118531645e-07
640 5.143214861282032e-07
641 2.2526985995762077e-07
642 7.19283549216881e-07
643 2.021609140607134e-07
644 1.0404936520810033e-06
645 1.4450585016005852e-07
646 1.2534675308687071e-07
647 2.931681030304002e-07
648 1.6363360647747363e-07
649 1.4363997866015575e-07
650 3.3564526246296516e-07
652 1.1874753307170724e-07
653 5.41469065115116e-08
654 8.420270249656575e-07
655 4.347247023166065e-07
656 2.862992395124785e-07
657 3.7598402658888806e-07
658 9.74714862636793e-07
659 3.7026282118317754e-07
661 3.23625999254738e-07
665 1.569824286028608e-05
666 1.8927707138350863e-06
668 2.859972118458769e-06
670 8.759235033100352e-06
675 2.201559175941724e-06
680 3.3969210573924288e-06
683 2.877924599173869e-05
684 4.4542329875489315e-06
687 5.962924079767598e-06
688 2.552004633507154e-06
689 2.0032451692642133e-06
690 9.198996115593068e-07
691 2.639003056335055e-06
692 6.109635866755002e-08
693 8.62076847744223e-07
694 2.2459413582222604e-06
695 1.6168782624040087e-06
697 3.1168931167020177e-06
698 7.53380337491978e-08
699 4.1545605378411017e-07
701 4.572244012853845e-06
702 5.822456593562582e-06
704 3.821152824462224e-06
705 6.099334380664609e-07
706 1.3489451976487274e-06
707 6.483859248198376e-06
708 1.59522053568398e-06
710 8.053519656088896e-08
711 3.0236153244507366e-06
712 1.1297121055238694e-05
714 1.908452162784347e-06
715 3.202834565207741e-06
718 1.903288199102968e-06
720 1.52303712874564e-09
721 3.3125227665787893e-06
722 1.3405807479271359e-06
723 1.3932426936953302e-06
724 1.223126742696989e-07
725 2.395582854221555e-06
726 2.216201771541976e-07
727 1.0019727075716529e-06
729 2.6774002081992243e-09
730 3.529711188341732e-08
731 1.6234286364387092e-08
