0 0.000196193404469072
1 0.00011044447437417837
3 0.00016936301441075358
9 1.7334423926230973e-05
11 3.146268420959308e-06
21 4.771569994671309e-06
29 0.00018805223744881684
32 7.01705791143192e-06
33 5.553787859154649e-06
34 4.520587442487691e-05
35 1.1407122207454049e-06
37 8.26611990065141e-06
42 9.106667452489743e-05
46 4.3987065392780964e-05
47 5.5596792309383394e-06
48 5.315840363725125e-06
51 3.620070062829086e-06
120 5.242693428256731e-06
145 1.0570643239558044e-05
149 1.8503960466367198e-05
158 4.622950521719315e-06
160 4.128734544551696e-06
165 6.4611970312943965e-06
167 2.863629739314064e-07
170 4.855654325266573e-06
196 2.4459996821487532e-06
226 4.487034681335773e-05
232 2.388553773570204e-06
245 8.161898893034482e-06
247 2.5305294016939785e-05
249 3.859185036227069e-05
251 5.768798840398099e-07
254 4.164655848735549e-05
257 2.4137030542186863e-06
259 2.072353332125442e-06
279 3.0428816890513383e-06
285 5.624218915981768e-06
286 1.967557346379633e-06
298 3.7344798776205136e-06
307 3.472647294844773e-06
314 2.073146265650432e-05
327 4.902231006204821e-06
330 1.1461660929197936e-05
354 2.031955945954466e-05
360 3.791771850501468e-06
368 4.327986542774398e-06
381 2.1834793315144257e-05
414 1.1226325122794873e-05
415 3.1218376086891425e-05
417 4.828634270400171e-06
420 8.785452202839452e-07
444 4.5772034500703795e-06
463 1.4488780669072954e-06
482 1.2023866295471181e-05
484 8.7341299527014e-05
488 0.00011448236671122534
490 0.0002573422445846871
491 4.472893128395388e-06
504 8.33750300118134e-05
507 4.048646179318382e-06
508 9.22494411069681e-06
510 8.497358364940831e-06
511 3.325679089409207e-05
533 3.9335574245046224e-05
553 5.6985226969445616e-05
558 0.00012686797856767792
566 1.629220675866692e-06
567 3.1401115677627044e-06
568 2.97623412191085e-07
570 8.431765531499033e-08
571 2.418459442423331e-05
573 3.0466665670946248e-05
575 2.8559232574116103e-05
576 3.5057502796553665e-06
577 3.26961729757421e-07
581 4.902330774906199e-07
583 1.0702817747548138e-05
591 3.0411319579958365e-06
594 5.576844251149255e-06
598 2.4090946683989246e-06
599 4.741892970436451e-06
600 1.1264919387129647e-05
606 3.826446201349664e-06
617 0.0001332870564613718
618 6.590238222733086e-07
663 2.98274450799055e-06
667 4.068324948272635e-06
669 3.655677241665933e-05
671 2.246277522956634e-06
672 4.484028899801772e-06
674 3.6702552382106523e-06
676 1.407813992602477e-05
678 1.4373252846814046e-05
679 4.430077004842835e-06
681 1.2694788219347777e-05
686 3.31019693195052e-05
700 2.106011992674647e-06
709 2.83978067364341e-06
716 2.711292579384422e-06
719 9.808113356097243e-07
41 2.9180719914747755e-05
65 2.688647629477798e-06
73 5.694759401121488e-05
201 5.418038299189791e-06
294 5.643049605593938e-06
299 3.357894223345148e-05
323 6.364968158601523e-06
374 6.873816884191294e-05
409 9.221411906889824e-06
434 1.1188364263495176e-05
453 2.4567124581048362e-06
475 3.867624055894695e-09
489 7.921672207495183e-05
494 0.0002240120760983309
496 7.529079996999829e-07
521 1.7758169279804694e-07
613 1.3855032591285111e-05
619 1.2419355021129591e-05
255 2.7106775296968014e-07
136 1.5628943332579217e-06
235 2.2735285808202653e-06
315 3.444755688138625e-05
378 5.559746864691737e-05
537 8.029292272217398e-06
498 9.201122958966291e-05
411 4.275815524146752e-05
474 1.4295725138346175e-05
621 2.9258755910231315e-06
493 7.73250178084649e-05
408 1.0465825154691498e-05
651 1.3427397359562999e-05
685 6.856597337062948e-06
187 1.1155414856763918e-06
362 3.423293804963419e-05
592 1.281494876457435e-05
343 3.560696649468629e-06
376 2.834845578829511e-06
662 2.751186575322203e-07
703 1.8928467017267143e-06
432 3.000371879834874e-06
479 1.485523599626144e-05
