51 4.787408135384695e-06
572 1.9543815337116526e-07
689 2.4102636987753323e-06
697 1.8503231835814354e-06
331 3.2574635172241802e-06
432 1.7932320510925548e-06
501 0.00010400505166175755
550 4.589241418023732e-06
678 1.0436887293370634e-06
136 6.216551547570813e-07
167 1.470568794793276e-07
179 4.884796725482388e-07
186 1.683131720258629e-06
187 4.867716916320408e-07
381 1.2473084833127869e-06
450 4.36799701711242e-06
586 3.923181400120523e-05
700 2.802342544303936e-06
666 4.555276348381403e-06
56 7.821117051064233e-07
206 1.5637018249867593e-06
227 1.762848961475077e-06
284 2.011031781462384e-06
467 6.127976009062005e-05
475 1.6344558971684533e-05
585 3.0381789482517986e-06
589 1.2868592927234491e-05
656 1.124253815807525e-06
688 8.910166442088458e-08
694 1.9220956558753952e-07
223 5.524534161395383e-06
255 6.888995172391635e-07
341 4.413960331444072e-06
698 2.1574340713491456e-06
94 2.0667151357408425e-06
196 1.7564905973018297e-06
222 1.932276697926033e-06
236 3.879624575689451e-07
237 2.306676766052489e-06
318 7.337604057268578e-06
333 1.0843751687461702e-07
444 2.6111108044351645e-05
652 3.3544557581504866e-07
653 3.2302048577342253e-06
657 1.153607809829592e-05
130 1.4805272667242105e-06
508 1.1582089013770552e-05
658 1.9379351495822225e-06
584 3.7552634057155887e-06
660 6.007980061839544e-05
129 1.569685937054098e-06
141 1.5575057191704427e-06
231 2.280068155202162e-06
245 2.7103923223902242e-05
299 6.138033787261312e-07
314 8.449668771625106e-06
320 3.9285869214970064e-07
321 7.038088192293664e-06
355 8.188854681455018e-06
471 2.0628241682804815e-05
473 6.576935147482377e-06
558 3.1396216965056773e-06
608 9.766520913174373e-07
654 6.473303942596203e-05
683 2.505923902554914e-06
708 6.824097183400018e-07
277 3.86248336780966e-06
716 5.938300975933881e-07
228 3.254054701654955e-06
570 1.052399633245041e-06
73 5.541294769788005e-05
123 1.3053225181088922e-06
131 3.3740066415749817e-07
147 7.081685472337236e-07
178 4.4225282580942004e-07
248 1.2245776604840642e-06
249 3.9541879093734316e-07
372 7.032467634163949e-05
469 1.535036695306484e-05
478 1.1813978567636343e-05
554 9.672879663627101e-06
705 6.845851352434473e-07
229 2.006324947244682e-07
440 7.721045339318215e-06
496 6.1326591846687096e-06
184 3.14639509827944e-06
332 1.7597223085664895e-05
374 3.819431082284685e-06
376 5.91134716346905e-05
695 1.2985139402751363e-06
702 1.1834940172251227e-06
707 1.7619797551755948e-06
327 1.7336718698464987e-05
360 3.811405021411977e-05
434 1.860189441416075e-05
426 7.07643392802058e-06
343 1.1471782108384032e-05
417 1.428281739381734e-06
504 3.214037881822504e-06
191 3.6615899862856654e-06
717 1.907585836873739e-06
19 2.6037076662307434e-06
20 4.2726250180962825e-06
30 1.8593749326717252e-05
44 3.1842663145608507e-06
49 1.8109461392870526e-06
87 0.00017204200851762697
88 4.764942897711589e-05
96 3.3201036901370485e-05
122 4.51780930795376e-06
162 1.997469910893376e-06
192 1.2146201327922558e-05
211 4.593066402506842e-06
219 2.164675182917382e-05
224 8.286861690507706e-06
230 1.979015487928966e-06
258 6.477972419223642e-05
304 1.6998692846201573e-06
329 2.2501506808946254e-05
335 3.0469745286562974e-06
340 4.606636367171917e-05
390 6.9020168462955845e-06
429 3.4367260661432595e-06
446 6.952059425685095e-05
494 1.0829093443002824e-05
495 4.210201459997966e-05
509 1.063422315556671e-05
518 1.71626032352129e-05
523 2.029877966310387e-05
574 0.00011530408756108152
578 7.612157796345929e-05
588 2.4628347153980345e-06
655 5.197101183910268e-05
672 0.00011166378185100559
686 3.248337516381039e-06
693 3.007718842138639e-06
696 8.481644091565197e-06
701 1.3117073527574367e-05
704 3.2435155665330483e-06
292 6.940440542149134e-06
297 2.7866490847095862e-05
312 3.213921648442848e-05
549 0.00012863828126171068
413 6.343068183136472e-05
594 1.1234080971080965e-05
