435 9.3114260676645e-07
38 5.5457054993057886e-05
533 5.865081361134179e-07
539 4.188737493336982e-07
80 4.653646281092502e-06
143 5.7781421805425364e-08
493 1.0355408530400445e-05
128 2.1134668925851396e-06
591 2.842607792439834e-06
5 5.9659264585220696e-05
547 8.031781855280288e-06
276 8.664642813900386e-07
17 7.801687840118109e-06
488 9.000179201998041e-05
357 4.696898515953179e-06
176 2.754937441572627e-06
423 1.6420935223848997e-06
472 8.011617895575702e-06
153 0.00010652921386312931
155 3.340315916181302e-05
169 3.377542534420033e-06
164 1.947985579984731e-06
168 4.3054459273129615e-06
302 1.4295362681897956e-06
306 3.202158611868685e-06
342 7.1557781948947595e-06
679 1.2875922477180145e-06
253 2.969986862021229e-07
682 6.822493653538951e-07
10 0.00017402422039353494
183 2.704037997821134e-06
548 2.2782137094609736e-05
680 3.162255596274506e-06
25 3.504187688474784e-07
116 5.8410809133522e-07
226 8.619847278867765e-07
234 2.42701504119706e-06
257 2.269055056132914e-06
559 3.370592025030458e-07
706 2.9204184670877312e-06
326 2.4975518344200275e-06
561 9.083343951128492e-08
568 3.6727747245256783e-07
161 4.776435486271241e-05
289 2.1104063181866067e-05
350 5.669516647009528e-07
481 0.00016028801839424212
482 1.1367399357945085e-05
491 8.274075673430789e-05
569 1.2226657053557491e-06
573 5.041024877721326e-05
124 1.3727322947583865e-06
139 3.741306920890319e-07
199 9.875607292409153e-07
285 6.915410314484498e-06
356 2.7323870208163935e-06
359 1.2920489997996703e-05
370 3.0486410843893447e-05
375 3.128818530986969e-06
514 4.231574153430924e-06
565 3.7795350312293364e-06
364 2.1064742991276434e-05
60 5.615175122330522e-07
86 3.910774097929216e-08
135 1.481993446979141e-07
174 7.605180559792007e-07
177 1.1846618250100112e-07
185 6.802160812914355e-08
189 4.315598996839253e-08
244 1.955777765021149e-07
362 8.887752548042885e-09
383 4.990386728164897e-07
428 7.429193600604158e-09
445 9.491845224571872e-07
12 1.2653719035102642e-05
18 1.3440405347577466e-06
28 3.568847624966894e-05
159 3.832822811082203e-06
166 6.307447653860967e-07
188 3.2034035156869785e-05
250 2.0894630722861035e-06
269 3.031514655622716e-06
286 3.2824316736249093e-06
363 2.320668135712024e-05
405 0.00011154764290823309
419 2.502691451191427e-07
499 0.0005166036860978116
553 1.3741745148801489e-05
556 7.3917387195298405e-06
595 1.2092103405681476e-06
68 3.862017710088685e-07
70 6.297428491058516e-07
92 2.603693306584446e-07
97 1.6640684528070466e-07
148 1.6321005453387187e-07
154 6.670908966438134e-07
246 2.0168657383039795e-07
311 1.709906721912797e-05
506 5.560213150930546e-06
525 9.449406432561797e-07
542 5.531239975856581e-07
609 1.0351418815289884e-05
16 7.905034759521665e-07
85 9.165284692298715e-07
315 5.577124190539279e-06
489 0.00043769149151666253
45 5.4692420919635244e-08
69 2.06673915309368e-05
72 7.256817613073632e-07
91 1.563692473011779e-07
151 5.666051601843794e-07
201 4.371472064398138e-06
203 3.829542332956295e-07
466 7.654797645224507e-07
511 9.394173391758885e-07
536 8.318708571010922e-07
715 1.7788360735863837e-07
58 9.938008824408427e-07
273 1.1554800521583037e-06
313 3.60579583728081e-05
388 6.320246058979512e-07
513 9.889643122075304e-07
535 1.8896887042053835e-06
57 3.3463454641629643e-06
65 2.2491069587354734e-06
114 2.7203439178640697e-06
117 1.1088765895251244e-06
300 2.6468105761925992e-05
407 1.0738056959687199e-05
431 6.041466998918881e-06
455 4.8906210115546526e-05
515 7.087959093963773e-06
420 7.878949433530761e-09
27 1.362637348618624e-05
669 2.7177138146396257e-06
6 4.749524921773482e-06
89 5.853318774978437e-07
393 6.229406484001042e-06
401 1.8847486664169815e-06
410 2.2123388560077816e-06
456 7.334892429690406e-07
528 6.19495407066972e-06
74 8.738220900788802e-07
106 2.1959388271732635e-06
152 3.5189669971931143e-06
105 6.4404311161893085e-06
384 7.0465165052714896e-06
391 9.592496242196992e-06
396 4.053741761983197e-06
408 5.830733477423802e-06
641 1.1853604698802175e-05
712 6.61848731599905e-07
163 2.8232034369058808e-05
406 9.621296917118577e-06
597 1.3351217388510312e-06
308 8.874075248885532e-05
412 1.1138139621032095e-05
512 2.007372891901773e-05
566 2.4295787080651296e-05
409 3.8617653419176676e-05
81 1.072803370728214e-06
84 7.939915476213881e-07
497 8.910175723505789e-05
710 2.6637760915657973e-06
451 3.408725326526321e-06
611 1.7006442386987082e-06
125 5.610453256656177e-06
461 1.4591787336362602e-06
175 3.0689242077665897e-07
