11 5.492203167856891e-06
33 6.584312998447054e-06
37 1.8494948903751147e-05
39 2.13448675813285e-06
59 1.3155304761932395e-06
113 1.8460360128175708e-06
115 2.5131727097929456e-06
171 1.925301612175105e-06
251 5.421160503023726e-06
296 8.355200760837275e-07
305 2.42753533174328e-06
322 2.389685060173138e-06
323 7.120371305949821e-07
325 5.931388057666626e-06
330 1.6843834309587224e-06
353 1.5306135805837935e-06
354 1.6765219303728062e-06
358 2.661416649844722e-06
366 2.4373981148095965e-06
373 3.785414000099747e-07
378 7.6900836178569e-07
414 7.910522329849468e-06
441 8.304622320999233e-06
460 2.2550785178806666e-06
468 6.9220915865498954e-06
490 9.143213320286332e-06
502 4.9645099780382444e-06
521 8.628728682946068e-06
538 9.968106237297778e-06
543 1.2852616581869849e-05
546 1.8019305918246708e-06
555 2.9749879661187144e-07
557 7.767625088586141e-07
560 1.118580389106281e-06
567 5.730995494961215e-06
571 5.6366832607388543e-08
581 9.23659320239588e-07
582 1.8858580879219174e-05
590 9.590118175247746e-06
592 5.316342206954944e-06
596 1.3272651194405323e-06
604 1.5902792187576448e-06
624 5.645532721426594e-07
634 3.6330386061136313e-07
650 9.889664798013637e-07
661 4.875085328122639e-06
664 3.7270364692273216e-07
668 4.678968576568771e-06
670 2.434522342304425e-05
671 6.4952118473768614e-06
673 3.054537266913776e-06
674 5.3151368620038636e-06
676 6.416066834310862e-06
677 1.5241747011799282e-06
684 2.22805173991875e-07
685 1.915602908751505e-06
703 2.185061749707471e-06
31 1.951877346570542e-07
293 5.695115394541569e-07
334 3.253775121917112e-06
377 8.867516926713224e-07
416 2.2733890574016072e-06
464 3.5293808072830487e-06
545 3.7822513484784975e-07
576 3.135913375484333e-06
577 2.4940547977508615e-06
579 5.974906196311609e-07
580 2.8443432368591965e-06
662 8.2843571722613e-06
663 1.939546301407576e-06
690 1.1259428478783535e-06
691 4.5887462517188565e-06
692 7.077177391952215e-07
336 7.02157068782275e-07
498 9.578674503669156e-06
583 1.044825333327312e-05
43 1.969516330973198e-06
317 7.026216793797181e-06
380 2.5922628562507705e-06
483 3.2972364862824905e-05
587 2.0024188500722186e-05
36 3.826138435143996e-06
40 3.380365745077635e-06
324 8.35012707384181e-06
613 2.359564872418013e-05
