458 9.435616953335784e-07
411 5.15233058570686e-06
170 5.458662406501587e-06
500 5.4303851761713236e-06
202 1.570633496129344e-05
503 3.808453752894244e-05
675 3.854859859995832e-05
339 1.823597596928222e-10
193 2.918516438667222e-08
298 3.0487720915177195e-07
146 2.987831157452481e-10
195 5.747823552508665e-08
295 3.2426850323136647e-07
9 2.6061167189158033e-05
41 2.918740960199785e-05
46 3.9171534860014366e-05
47 5.592240680325881e-06
283 5.849983265495532e-06
485 0.00012982781655053487
505 8.635186533793194e-05
562 2.9394689609777506e-05
659 3.6744522642874365e-05
32 7.627879355397176e-06
140 1.4881117590467055e-09
144 2.1858320382456335e-09
365 9.615552187020862e-06
421 5.333709344174024e-09
687 1.0914842172497851e-07
369 3.357124596908253e-07
102 2.0926094785083033e-07
278 2.8496359775535036e-08
479 1.4374008509079169e-08
110 1.1320776529355519e-06
181 8.240402775920956e-08
0 0.000308914072774876
3 0.00013458401527737267
21 6.499394030147347e-06
34 2.9689734494454993e-05
42 6.936238495001412e-05
48 5.011315075301702e-06
120 6.554141725005564e-06
145 9.472397870655691e-06
160 2.7684186271679306e-06
221 8.243352809117767e-05
225 4.258548000605627e-05
243 3.976737963405693e-05
379 1.9839406051191417e-05
480 9.32903119748955e-05
486 0.0003886343963297236
544 3.9559076817358476e-05
564 2.4155408371468895e-05
593 9.95340130584721e-06
552 2.8598010541457425e-06
82 8.811924065366601e-07
103 5.3346614020171564e-08
197 1.7772710048877484e-07
213 4.5137440422229126e-08
240 9.227826098857723e-10
266 1.0031648317462715e-07
274 3.08730279376382e-08
338 1.48155166373899e-07
368 3.3104204863159033e-12
443 6.226641897697186e-06
492 8.061161799158129e-07
709 2.833258254296502e-11
714 2.6605625180631118e-06
4 3.9656480596522555e-07
109 8.142450942926028e-07
157 1.6944315531977774e-06
208 2.769526402658022e-07
220 5.236289693699779e-07
463 6.655183161919545e-07
617 3.4586144954112373e-07
61 9.765648195404837e-08
95 1.2739012834574164e-07
98 1.3603139241955895e-07
173 9.632754665915813e-07
182 1.7250848849067628e-08
207 3.6710973998026664e-07
212 5.765317869323349e-08
242 1.2613711693518342e-08
265 1.3147762581709128e-07
272 9.382086534035616e-08
281 1.7237012214249764e-07
307 2.1846667675616752e-07
316 6.689097552137132e-07
361 1.0339167129023765e-07
367 5.512040122827069e-08
371 1.4735943866081282e-07
394 6.351465774512397e-09
418 3.883955183388849e-10
424 3.575775440580906e-09
427 1.697556388555903e-09
575 1.7773404457519804e-06
699 1.0451567552103909e-07
53 5.980083222262969e-08
71 3.9936013343721115e-07
78 3.2057739178357254e-07
90 1.51970782417687e-07
309 2.0227667802191453e-06
453 5.73631917184135e-07
519 1.8037183369485477e-07
527 1.0509121934988684e-06
530 1.475837037806415e-06
602 4.4423583036577125e-07
1 0.0001243919673123098
29 0.00019014092299059234
149 1.1224649123882673e-05
158 2.8429952973882417e-06
165 3.8094176243748573e-06
247 4.3252794184857884e-05
252 3.513271269329815e-05
328 1.1131304183733998e-05
352 2.0458646950348443e-05
484 0.00011260901089825637
524 1.9886248779467668e-05
665 1.2801084211978001e-05
667 1.3820859487603935e-05
35 1.2698704020784781e-06
50 1.4107854163253637e-08
55 5.897098015337863e-07
75 6.331644709452113e-07
100 8.368336535909183e-10
108 3.644477600026076e-09
127 1.9936819181187165e-07
205 7.863627908466547e-08
210 2.799556982896861e-08
215 1.2142481602292648e-09
271 2.2869655550905185e-08
280 9.105030692245469e-08
294 2.2066466729861328e-08
349 3.82209607850743e-08
382 8.781697322550773e-07
387 7.420316070460266e-07
395 3.7654861775418066e-10
398 5.647229960117279e-07
403 1.2873278726074535e-06
415 1.3965864255363234e-08
425 4.4004728478587954e-10
433 1.1838468474274037e-06
462 4.453774424064896e-07
477 1.3157351616173816e-07
510 4.3264242891052003e-07
516 2.7535197575868117e-06
532 3.7573857612896836e-07
600 2.982795140123287e-07
606 5.668723013933328e-07
630 2.520180989949322e-07
632 7.921505000512464e-07
644 6.266599465295312e-07
711 7.198623471421253e-07
718 1.653643294678482e-10
8 1.8233690045496748e-07
14 5.697532327133825e-08
23 2.411410183892635e-07
26 5.781231274263061e-07
54 3.098961792956441e-08
62 2.3674110298155887e-07
64 1.7506762690400982e-07
67 1.420228736792096e-07
77 2.2242783527470627e-08
79 9.447598722464231e-08
93 1.0367228925137988e-07
101 3.085370677278119e-08
111 2.3677629449844547e-08
118 5.202085919507421e-09
121 1.593224171005062e-08
134 2.6597735569720114e-09
138 2.280375822915444e-09
172 1.1068564431424959e-05
194 8.940161555404795e-10
200 2.57037210336567e-08
217 4.2429556933021887e-08
233 3.575811859175898e-09
238 8.195466802203449e-09
241 4.994800778002365e-08
256 1.2271024648449466e-06
260 3.624888854751599e-08
262 3.04589416838523e-08
264 1.6205391243484692e-07
270 4.928376805353137e-08
275 2.2362430619078322e-08
282 2.6581047569845227e-08
288 1.2023067531137779e-09
291 2.8453392959713273e-08
303 2.5899399886266098e-08
310 9.610112120314593e-08
337 2.4214462187489094e-08
345 1.8372887151728802e-08
347 2.6544660359638508e-08
386 4.8372436639163245e-08
389 6.177324710356209e-07
397 1.4707295853190086e-08
404 3.372585738304654e-08
430 2.501415380584524e-07
437 1.4681880050845059e-07
442 1.7412247136144658e-07
448 1.535142193031293e-07
452 1.8061791620485272e-07
454 2.7317933190222664e-07
459 2.0176456182728116e-08
470 3.224944966059376e-07
476 1.4079722324797882e-07
517 1.081233520897282e-08
522 1.784268208661034e-07
529 3.2157614013647175e-07
534 1.4085433206682038e-07
537 1.52652740910023e-07
541 6.877792547566263e-08
563 6.640483233135535e-08
598 1.7355763529314248e-07
601 1.636542757436592e-07
605 1.5799497329591254e-07
612 3.2106086544220367e-07
615 1.8690871697177588e-07
619 2.2305002315749318e-07
621 9.943369510175803e-08
623 2.1135469366706182e-07
626 3.1335014566989886e-07
628 1.0122124390270368e-07
633 1.5721499901761658e-07
636 2.3119976323844623e-07
638 1.541239795831593e-07
640 1.5837588629646992e-07
643 1.1657460186156556e-07
647 2.0704373945266215e-07
649 3.6461010601463683e-07
681 5.369791193176093e-08
719 1.2554351878797985e-08
52 7.118929657032455e-07
126 4.2025130669791425e-08
133 3.909472684781745e-10
142 5.744794738184589e-10
180 1.603814850414664e-08
214 7.198763501240373e-08
216 6.682325430757845e-08
267 2.1142005459866585e-08
348 6.653296983040253e-10
400 1.5644263251803634e-09
402 3.351544260079386e-06
438 1.449185775007643e-06
449 9.793489243216693e-07
507 5.257375085238674e-07
520 4.81137489446307e-07
526 1.9823155656704656e-06
531 8.561333506508694e-08
603 6.634196062119224e-06
607 0.00013469653057170597
631 1.8025154297962076e-07
645 2.390140376290243e-07
2 8.887555279511872e-08
7 1.7608694411135777e-07
13 5.918754721335258e-08
15 3.8277962679162726e-07
22 2.206114521751957e-07
24 2.2194236815161985e-07
63 4.9788732058346234e-08
66 1.0545376819540735e-09
76 2.2242783527470676e-08
83 1.3225873932334114e-09
99 3.64429047498067e-08
104 6.3391873336071e-08
107 2.820583555389459e-09
112 2.225136874948636e-09
119 2.3302608070667955e-07
132 6.660800631535778e-08
137 9.357870399971417e-10
150 9.500282493636061e-09
156 8.251064186371644e-08
190 7.771131765768875e-07
198 3.015217968845526e-08
204 3.124281019801648e-08
209 4.640281547572552e-08
218 1.1908494971200075e-09
232 1.247791928087896e-08
235 5.440300596317616e-09
239 9.405494947474361e-09
254 3.790724352006051e-08
259 2.73982701804148e-07
261 1.783599942667374e-08
263 2.931437879530782e-08
268 2.0590719343492346e-08
279 1.3709340946322897e-07
287 4.726164246451781e-08
290 1.9856806218423792e-08
301 2.8809465607859992e-08
319 1.911352533990939e-07
344 1.1280919861695916e-08
346 1.0892493165884318e-08
351 4.440850777413259e-09
385 7.973171402874921e-08
392 2.1795178165694781e-07
399 4.456563032947242e-07
422 1.443295252987076e-09
436 4.4763792022528046e-07
439 2.633150739530659e-06
447 1.5219249933035143e-07
457 3.0197216465784006e-09
465 5.9385342926440905e-08
474 1.4884219407913746e-07
487 3.5226608366628583e-06
540 1.8139300661910007e-07
551 1.0075490159979335e-06
599 1.5709948527055033e-07
610 1.9410352908647737e-07
614 1.5305728550283644e-07
616 1.963865191615488e-07
618 1.3550267530257034e-07
620 1.4091059278889434e-07
622 2.3848043977345623e-07
625 2.237755503379523e-07
627 5.946314432058648e-07
629 1.4923998388002893e-07
635 1.549586447817118e-07
637 1.5841469098317308e-07
639 1.93402981705153e-07
642 1.7895617178950092e-07
646 2.3785845665563103e-07
648 5.155035272918029e-07
651 1.3928946303608777e-07
713 1.4492355331353404e-07
720 1.2400183647160916e-08
