16
-0.0015832512284430767 0.002023397139491872
-0.0014140805371362008 0.00042776185446833856
-0.00028142643281932957 -0.003504832836945071
0.0011341651631298466 -0.004955161633899927
-9.188192312994776e-05 0.0025023804274088607
6.671250046994434e-05 0.001015239017888191
0.0013902353275527617 -0.002405261051687904
0.0029021825245377415 -0.003493466208517445
0.00237858028199889 0.0035056640812612103
0.0030958401589686302 0.00220727239986308
0.0049027144003838076 -0.0002575374045209067
0.0062492775412459345 -0.0011942916152564089
0.003731505861701348 0.004286114199516763
0.0045232651792729535 0.002897039565073572
0.006612503790236914 0.0006514663094292793
0.008268997855593142 -0.00013892053927619136
