16
0.026469498534699234 0.0003891049128074372
0.02719605496250899 1.2551738595939235e-05
0.026863503580747527 -0.0026698175875207453
0.026413631562150052 -0.003166127928484948
0.026514889041644653 0.0007581814735503449
0.02716760993511365 0.0005056009371675531
0.026939483458707933 -0.0015753288203209502
0.026479689788137438 -0.0014818724603483952
0.026629816426847065 0.0015716562574311216
0.02710411492355664 0.0014392506073247259
0.027134395881357333 0.0004069783446296254
0.026487896516233938 0.0017486969324424701
0.026654008915123904 0.0021120697651180512
0.027119956599621183 0.00196986245963089
0.027232431435747582 0.0012917637503012847
0.026513586003048137 0.003263567069013414
