16
0.004733848328935567 -0.024205151605391075
0.006517419569370055 -0.013439694560150494
0.013846106219758857 0.008730131021950022
0.017668538939536522 0.02035497907592962
0.0012900459047857646 -0.021687062755790017
0.0022976190534589607 -0.011841587671249647
0.007929014667129697 0.009263374675308167
0.0109217991096531 0.019971658070753705
-0.004394489224889344 -0.020035674501678796
-0.004649071070530769 -0.009886731955986536
-0.004402499542654111 0.011267743486786443
-0.00011927685802113953 0.02194211265977485
-0.007813313384593538 -0.02048362266518124
-0.008245842600614964 -0.009293747929369215
-0.010100865969254696 0.012923595386622884
-0.006128470860062959 0.024782408841656948
