16
0.009517435307960861 0.0020797367356159453
0.009191818947271531 0.0005950599329427069
0.008687328541070512 -0.005148589530841922
0.008630906109093341 -0.006734214474751638
0.011032119772375224 0.0018034177920608927
0.01074223325427772 0.001100064768475269
0.010620426537983478 -0.003184196122294871
0.010836604232688878 -0.0038342571745893146
0.013156591809851662 0.002311649029132351
0.013345230944185799 0.0023135931049232377
0.014327651589794729 0.0004316700371110493
0.014825424839697844 0.001374476740742987
0.014369194533360998 0.0028590059112849416
0.014621740968213956 0.003082992749524443
0.016116633922370487 0.0020852029448398214
0.01708871103538636 0.00390922322689706
