0 0.00011251179453548815
47 3.384152887709866e-06
48 1.9017672137397943e-06
170 2.9856512528550686e-06
381 2.097862977119474e-05
507 2.5935390286399604e-06
3 0.00010824818674520709
35 6.733096634389984e-07
145 6.739861166714732e-06
553 3.484812082571414e-05
21 2.3140856501058933e-06
34 1.7092158482382767e-05
147 5.912427084669851e-08
576 1.9717289458386104e-06
165 1.5991869606412052e-06
167 1.601229219691148e-07
679 2.7408540131741134e-06
158 1.267166809040761e-06
1 0.00010334728066324573
548 4.2445286794163836e-07
488 6.991607888031641e-05
160 2.378053873985061e-06
681 1.691819140415002e-05
