301 5.767284611580457e-07
120 5.283833731539009e-06
230 3.9025135191694214e-07
513 1.3966925705251756e-05
322 4.822144766909729e-07
88 1.0595713894004192e-05
96 2.3853001245925536e-05
130 1.5550100248692e-06
250 1.926296073714205e-06
447 5.935761268655806e-06
580 1.3896143908022998e-06
666 1.828887807631028e-06
727 9.656191630989939e-07
644 6.595426247658874e-07
605 6.547571721863104e-07
286 2.075934679554418e-06
299 2.8689167146624035e-05
306 1.8878766638333797e-06
316 6.884871382290006e-06
327 3.543386474781988e-06
357 7.2908055469186345e-06
510 8.868007904980404e-06
495 1.772264340390393e-10
592 1.0984589057568047e-05
601 2.6570065189720612e-06
298 1.5474601732449224e-06
314 1.8981189563373743e-05
463 9.05076969242876e-07
508 5.517200758121175e-06
672 1.7687043777957623e-06
674 1.0961170546535268e-06
709 2.7496778549388086e-06
719 9.057854559949933e-07
326 1.6460657725537797e-06
444 5.929654977916167e-06
700 2.7626819557222537e-06
419 1.2495407075898566e-06
9 1.9571276352538783e-05
40 3.7900890729829467e-06
44 3.6226183206183233e-06
56 2.9629108684333606e-07
223 1.1729163625203284e-06
228 1.2184151354254678e-06
320 3.1631589033626137e-06
375 1.1419265119680601e-06
486 1.0516865474477721e-05
511 4.0961195100163364e-05
581 4.1182934968957934e-07
591 1.3829597095866535e-06
593 7.547436154142287e-06
595 1.158772075820699e-06
602 4.096439199483923e-06
677 5.310363274790868e-06
685 6.143701506163772e-06
686 3.214243951366636e-05
708 8.571548602106245e-07
711 1.7325230485153722e-06
714 9.517786937911905e-07
335 1.011271169550797e-07
36 4.628196126750323e-06
46 3.7532998132708436e-05
94 2.021873981701765e-06
178 3.485280783729988e-07
192 1.0828080251568146e-05
238 2.61723114846761e-06
295 1.411531479274352e-06
338 1.8449182214253779e-06
356 2.3015871062881866e-06
359 3.2528465829424273e-06
467 1.148961324230754e-06
470 2.000114115130004e-05
472 1.8785559737737765e-05
497 2.4146216270535023e-06
517 4.32094345413884e-06
521 2.1094149676204868e-07
563 1.0100496249850674e-05
566 1.3110513598606163e-06
569 2.879672915518937e-06
571 2.7879235817595864e-05
575 3.347040344439049e-05
582 2.248624103416103e-06
599 3.83770215798482e-06
614 2.1830730446294657e-06
664 1.0766099557124446e-05
683 2.9706169137494917e-05
684 3.966571235414064e-06
688 1.8128123104629274e-06
704 2.481810381612589e-06
17 6.056030251311141e-06
20 3.5128027925464557e-06
30 7.0556690415435045e-06
31 5.46133599872694e-07
39 1.9328055841868905e-06
43 1.8099542305907388e-06
51 2.9153169817739873e-06
59 5.118548933936756e-07
69 2.537873760869346e-05
115 9.307273503104148e-07
131 3.485842144519859e-07
153 0.000129942561978015
162 2.418020430680309e-06
179 1.2227755924819884e-06
186 1.0528031034449418e-06
187 1.0547660456895772e-06
206 7.303846823792705e-07
219 6.341310494244314e-06
224 6.708994052777382e-06
225 1.1521927965415373e-05
229 3.986885199689192e-06
231 2.5635464877713466e-06
237 3.250647269958297e-07
245 1.2215675971560215e-05
319 2.3854588529673583e-06
323 8.740508938183422e-06
324 2.6790720914209593e-06
332 2.035570973124368e-06
333 3.596182597169623e-06
337 3.308457006676056e-06
376 2.9908506562483176e-06
379 1.1848943117208675e-06
380 8.544738962583754e-07
382 2.5202864942718948e-06
383 1.8394566045619823e-06
392 7.659400852631523e-06
471 4.470398126045142e-06
477 6.665489976487873e-06
479 1.5395135072450204e-05
501 8.664032818982167e-06
503 5.048084907995409e-06
505 4.6975999866166555e-06
506 0.000548920815058108
527 1.2715155545890556e-05
547 1.6489276828846171e-06
555 1.1884910645270166e-06
558 0.00013361339426317992
559 3.2594854230531946e-06
579 8.210818276418909e-07
587 2.740209167918666e-06
589 1.0905726298989215e-06
590 2.756420273092372e-06
596 3.261468988199591e-06
597 1.5278610477906635e-05
623 1.1876635801537725e-05
634 1.7512867483223025e-06
660 2.306096370115984e-06
662 1.7425643167258452e-07
665 1.4392963157646275e-05
668 2.2447294560584084e-06
669 2.496425265982764e-05
670 7.504270111802563e-06
675 1.3249295840414019e-06
680 3.0133315544769146e-06
682 2.0543138470861406e-06
687 4.075927966222123e-06
689 7.014818964540445e-07
694 1.8199036166772212e-06
695 8.948381063276441e-07
696 2.3684392766293614e-06
697 2.7758943228226396e-06
699 9.022115752990503e-08
701 2.640511694795585e-06
702 5.437697472651061e-06
705 3.8562422217746526e-07
706 1.2966357581114533e-06
