143 8.273083031936461e-08
2 5.367924097512161e-08
4 2.898899779510572e-07
5 7.232594374578925e-05
7 9.0454898596709e-09
8 3.271443220692358e-08
10 0.0001566686393752055
11 3.1271176889354665e-06
12 1.170869559743491e-05
13 6.270868913865546e-09
14 4.5831818229104856e-09
15 6.583056652559946e-08
16 1.344689462374137e-06
18 1.3416485482275528e-06
22 6.589373562825874e-08
23 1.9099768358741154e-07
24 8.75864578354423e-08
25 5.227191614812283e-07
26 4.537148933999969e-07
29 0.0002147023716158375
32 7.878915444433867e-06
33 5.2496363085242385e-06
37 1.0797440449302915e-05
42 0.00011388822761440326
45 3.5860670375997733e-08
49 2.1197337494043326e-06
50 6.517773154228225e-09
52 6.048640153730341e-07
53 1.94073114369145e-08
54 4.861328774145697e-09
55 7.24004404016901e-07
57 6.656200690149549e-08
58 1.4145790279127888e-06
60 7.182748736331844e-07
61 5.612081425247254e-08
62 1.9997132255695668e-07
63 5.775341273941504e-09
64 1.330468171432091e-07
66 7.961565702733382e-10
67 3.746612905474828e-08
68 8.644292124372875e-08
70 1.5732675990070335e-06
71 3.0944757176373034e-08
72 1.0679805774808464e-06
74 2.0353439980034097e-06
75 4.846566632247182e-07
76 3.981375500363167e-09
77 3.98137550036319e-09
78 1.1754160298604885e-07
79 2.8071167265701037e-09
81 1.6335662914896159e-06
82 1.8660753158988406e-07
83 7.032367721003288e-10
84 1.6611039548085698e-06
85 4.519759567520697e-07
86 6.24718527023361e-08
87 0.00017239305384412432
90 5.3689991350786354e-08
91 2.0380862610362944e-07
92 1.565854899034908e-07
93 6.2015385551723e-08
95 3.451812714465701e-08
97 1.2449939571989763e-07
98 6.023249766837378e-08
99 1.6228997720799257e-09
100 2.491630279341605e-09
101 1.961063437208934e-08
102 1.1530117306353652e-07
103 2.95470833551338e-08
104 4.635354181137237e-08
105 6.137387373534452e-06
106 2.5567562135712057e-06
107 3.239096989886749e-10
108 2.5564884527005053e-09
109 7.092470389966394e-07
110 1.0777825458868958e-06
111 2.765393024846633e-08
112 5.211462361414806e-09
113 1.3863877718691953e-06
114 2.4908967382960825e-06
116 5.565104230759567e-07
117 9.903966175503963e-07
118 1.0562045484413927e-09
119 1.6962924354577845e-08
121 2.191002582748791e-09
122 4.919722671827506e-06
123 2.5022585724457996e-06
124 1.0057736071358934e-06
126 4.246238791077194e-08
127 2.1434347578490253e-07
128 1.8136704893009172e-06
129 2.513711929934456e-06
132 5.191359514359454e-08
133 1.2132539242778603e-09
134 5.277402633964682e-10
135 1.8191836800995072e-07
137 6.137487262298809e-10
138 6.902748705946333e-10
139 3.834673432886846e-07
140 3.410148935186558e-09
141 2.367832136778931e-06
142 7.213914468844846e-10
144 4.825745071418946e-09
146 6.532014227101057e-10
148 1.2197365337343103e-07
149 1.7475990812514694e-05
150 5.001232171559388e-10
151 3.713701676856321e-06
152 1.5239610794392121e-05
154 2.9284846888690197e-06
155 2.5179485406446003e-05
156 7.132916549285675e-08
157 1.4349717431486864e-06
159 3.402514659565185e-06
161 5.220295838469744e-05
163 2.9426091591798222e-05
164 2.0311899506846397e-06
166 6.021460911707152e-07
168 4.684467580499849e-06
169 4.067089315915049e-06
171 1.7616939674687142e-06
172 1.0472875733277404e-05
173 9.119718043951668e-07
174 6.932585566369734e-07
175 5.455183243226266e-08
176 2.6653178253970246e-06
177 1.0131184625582911e-07
180 7.158633714790222e-09
181 7.717920187869699e-08
182 8.678716120225752e-09
183 2.6987552800189904e-06
184 3.910387398437406e-06
185 9.316271034516747e-08
188 4.26367259472644e-05
189 9.74211621732967e-08
190 7.983001462360588e-07
191 4.174098552284155e-06
193 1.8555650381564988e-08
194 2.8665665655391535e-10
195 5.2575455991702564e-08
196 2.8798227194625874e-06
197 1.7442581067424146e-07
198 1.6597559725592632e-09
200 1.8221955397044876e-08
201 4.574692171316065e-06
202 1.638563685398625e-05
203 3.6059416268107297e-07
204 2.742882558965842e-09
205 1.2721088640922472e-07
207 2.67222077840763e-07
208 2.39559415994258e-07
209 4.963941554097041e-09
210 2.0365756203186578e-08
212 3.411980235380065e-08
213 2.7812503531434625e-08
214 3.7808389134246665e-09
215 8.216171690842274e-10
216 5.494271653720378e-08
217 2.8349345268775104e-08
218 4.5489847998643217e-10
220 4.0762676995191774e-07
221 6.531330313880055e-05
227 1.0341771017399507e-06
232 2.946423015936418e-06
233 5.331056400949596e-09
234 1.4686565205882937e-09
236 8.749726797169488e-10
239 1.4280015890121272e-09
240 8.814474500908887e-09
241 1.3094333457703324e-09
242 5.214782752986595e-08
243 5.067022005867775e-09
244 7.008753397937997e-06
246 3.188658899654186e-07
247 2.3419993191194703e-05
248 4.121598393089737e-07
249 3.80385460035594e-05
251 6.516983777208636e-07
252 2.054666656666417e-06
253 9.251170816576583e-06
254 4.63582933487332e-05
255 3.2398199482093464e-07
256 5.6226909202499414e-09
257 2.6354185267684853e-06
258 1.197947743305482e-06
259 1.7175649473001689e-06
260 5.799938793146654e-05
261 2.5016079993519007e-07
262 2.836536088000931e-09
263 1.1835376602719491e-08
264 7.95595267424008e-09
265 4.538119384334331e-09
266 1.5357309951615608e-07
267 8.710978971302412e-08
268 3.0459688898890775e-08
269 1.6592112492344525e-08
270 1.2564162263877065e-09
271 3.4719859608699946e-06
272 4.868219260269688e-08
273 1.3893010714829748e-08
274 4.2780422097734445e-08
275 1.2121648073342423e-06
276 1.0381015460137138e-08
277 2.5647539562035997e-09
278 8.682807683306758e-07
279 3.4224856784196466e-06
280 1.512135506412954e-08
281 8.695050228539474e-08
282 5.5825413935085617e-08
283 1.3312484528051766e-07
284 5.917918730415179e-09
285 7.361858979674575e-06
288 4.566194009783469e-06
289 3.5864216554668816e-09
290 6.909739581369494e-10
292 1.0817126844149751e-09
293 9.521419577588308e-09
296 6.0378014542102505e-09
297 3.223894791456588e-07
300 2.2580664722248233e-07
302 3.0304450724664822e-05
303 1.8041345093103306e-09
304 1.8529728143595364e-06
305 1.929627270270373e-09
307 4.33140352143445e-06
309 1.1324454234247718e-07
310 0.0001049001028129226
311 1.877746241056184e-06
312 1.4144894817792208e-08
313 1.8109313276557706e-05
315 3.4812853653353875e-05
317 5.8925734519131986e-06
318 4.2414785984541883e-07
321 3.739030753484505e-08
325 1.4333301697627879e-06
328 2.098112355995485e-06
329 7.678305524480473e-06
330 1.2276063534335017e-05
331 2.854894670185788e-05
334 1.9189669537499213e-05
336 5.686764774710737e-06
339 3.1851061685560963e-09
340 1.1756490041448856e-07
341 3.0728526759015534e-10
344 7.308652451308868e-06
345 1.2352159522583392e-05
346 7.684658696938292e-10
347 4.449888940619463e-09
348 1.9828450365456585e-09
349 2.8231616360183784e-09
350 9.489862960993567e-10
351 3.221582404385956e-08
352 6.060179799507683e-07
353 4.027673977055901e-10
354 2.2681027335462658e-05
355 3.84507112380094e-06
358 2.976000704348028e-06
360 4.513791785954552e-06
361 1.3012097702885096e-05
363 9.066898066640452e-08
364 1.2248660533962906e-08
365 2.4813410340831058e-05
367 9.46281974269277e-06
368 4.370376506675699e-06
369 4.691926880680467e-08
370 1.1947311620881347e-10
371 3.141702050095825e-07
372 3.4367845724442055e-05
373 1.0985165083794734e-07
377 3.2667824806466154e-06
384 4.3505162610465695e-07
385 6.686742785570511e-09
386 6.489235887864441e-07
387 9.179103911598812e-09
388 8.699517782914934e-09
389 2.48385130422974e-07
390 7.917739749769968e-07
391 1.0720714061521794e-07
393 1.2924672352526938e-06
394 3.9987912030717576e-08
395 1.5926379179941048e-06
396 3.308961978504039e-09
397 1.5065726996105172e-09
398 1.681725508066818e-06
399 2.926582256054308e-09
400 4.434342900136094e-07
401 2.6209386800699807e-07
402 2.924516098170601e-10
403 7.845698713911184e-07
404 9.225448562949211e-07
405 5.083971557229239e-07
406 2.0844665639507157e-08
407 9.971836379914318e-05
408 9.840210072974082e-06
410 2.5347439812236826e-06
411 4.0352163137437664e-05
412 8.065614358870591e-07
413 1.2184003359149748e-06
414 1.1949706319558306e-05
416 3.2078084940199765e-06
417 5.300518195380858e-06
418 8.964924048332746e-09
420 8.944943394410214e-07
421 8.921797194208572e-10
422 2.538094574702169e-07
423 1.4418274690920423e-08
424 5.040882582679247e-09
425 1.248317158600847e-10
426 1.5211968331820333e-06
427 2.5619406176668343e-09
428 2.114463033995666e-09
430 1.568213296932038e-09
431 5.888902156353516e-09
432 3.739694278525607e-06
433 3.795085624766244e-07
434 8.77183444332299e-06
435 1.3790225001745353e-06
436 7.318452787078979e-07
437 1.792117218507668e-05
438 5.375936400701666e-07
439 4.355727318905675e-07
440 4.1897402108589264e-08
441 2.5280158504210646e-06
442 2.82578466583279e-06
443 5.328111918537665e-06
445 5.937186111873919e-08
446 5.7159067365114026e-06
448 9.354619397695003e-07
449 7.911429820155446e-06
450 1.7436627755474995e-08
451 1.3252644113676545e-08
452 1.752244722296653e-06
454 3.6368649085066837e-06
455 7.065311191722331e-08
456 1.6468121567759915e-07
457 1.260186658586085e-07
459 1.2043021186335854e-06
460 5.195001128895996e-09
461 3.04825339438117e-07
462 1.4107190427193678e-09
464 9.813003351758477e-07
465 3.206436822222375e-07
466 4.0302643019940553e-07
468 8.328537233300279e-09
469 6.014423777282121e-07
473 2.8664584858567444e-07
476 5.86455032033783e-06
478 1.1673268883836634e-07
480 7.4712400457666e-08
481 7.925583730702134e-08
482 1.3273283983127412e-05
483 7.91254211147243e-09
484 9.970585393612576e-05
485 0.000163979518579201
490 0.00024764248584878954
491 6.9284387057548424e-06
492 4.867560257756416e-07
493 7.58742646729433e-05
494 0.00024052387017839302
498 9.609250820363093e-05
499 6.219845529395014e-07
500 1.0730316053182282e-05
502 3.6031731160061736e-05
504 8.512881800862517e-05
514 5.51617343571638e-06
515 3.250329418487239e-07
516 9.31229946852236e-06
518 3.7238887389667e-07
519 1.9019294101338936e-06
520 3.5454629136549308e-06
522 6.054529108470763e-06
523 3.551689983799632e-06
524 1.3617912686371173e-06
525 4.396019798556412e-06
526 2.4626197321300804e-09
528 1.3539735394329789e-07
529 2.479604185672016e-07
530 2.3583602210720247e-06
531 9.426529210478135e-08
532 2.321671630961801e-05
533 3.993996788333193e-05
534 1.4442809569045332e-06
535 1.4135565621423622e-06
536 9.361694595945598e-07
537 8.895160045959145e-06
538 1.0805258139711572e-07
539 1.065032873027431e-06
540 3.471909807755905e-08
541 8.982779301026121e-07
542 1.1476936385185233e-07
543 8.281719692259614e-08
544 3.7621372440837317e-06
545 1.8730523622178707e-06
546 2.758465322420081e-08
549 7.984107295733432e-08
550 8.141455003887778e-09
551 1.2149820143201943e-06
554 1.9405080561146403e-06
556 7.598098803439705e-06
557 2.4797867611994865e-05
560 8.751960633321667e-07
564 3.637893202191765e-06
568 3.6856189496307445e-07
570 1.3051772497528266e-07
572 7.906882983962664e-09
574 2.5213455346435766e-06
577 3.4358449589078284e-07
578 1.6807823049871856e-06
583 1.3044882419999425e-05
584 9.280561776096443e-05
585 1.7144086705600403e-06
586 6.327778841203012e-06
588 7.815120447972427e-05
594 5.548211694332672e-06
598 2.3835081475291925e-06
600 8.74213390077465e-06
603 8.084952908787404e-06
604 1.0000501786469065e-05
606 2.6252835197341647e-06
607 1.3104830914124698e-06
608 1.1168115291203714e-07
609 2.3393456614926705e-07
610 2.280622034359515e-07
611 1.614548545039185e-07
612 1.237758922844121e-07
613 1.1791697986276196e-05
615 8.935314430978899e-08
616 8.370966625294413e-07
617 0.0001546042083338943
618 6.948244960605511e-07
619 1.0633530410506486e-05
620 8.205027299431992e-08
621 1.8414860323381807e-06
622 2.705449872564149e-07
624 6.305141638907378e-08
625 1.0757835621606513e-07
626 5.956502662340392e-08
627 2.996055630765492e-07
628 5.454487884418195e-08
629 2.567982836846269e-07
630 1.1526734679242362e-08
631 9.264713313297847e-09
632 1.42783152308523e-07
633 1.008067574342665e-07
635 2.9865889702383373e-07
636 1.6078239110350068e-07
637 5.398284014628785e-07
638 4.73385807499735e-09
639 3.906588338903123e-09
640 3.9720127632545357e-07
641 1.4885107263747677e-07
642 5.923050932536184e-07
643 1.7526026857473587e-08
645 4.771169946337499e-09
646 6.491672075863971e-08
647 1.5669142231584184e-07
648 1.2282938379893392e-08
649 5.245877785387809e-08
650 1.2429699549021868e-07
651 1.2543753286551803e-05
652 4.523711975950456e-08
653 6.136154289028924e-08
654 5.974175013140889e-07
655 3.209534470173648e-07
656 5.3419057415341294e-08
657 1.1369556026245868e-07
658 4.553373659105217e-07
659 2.8171512182644866e-07
661 1.383233774273171e-07
663 4.232512380498644e-06
671 5.022207119809675e-06
673 1.2538831398204933e-05
676 1.8683415414720994e-05
678 1.4119156868498092e-05
690 9.890853402966804e-07
691 3.165762486794375e-06
692 6.366718391630577e-09
693 8.742475378703063e-07
698 5.107411893303034e-08
703 1.6291418278894759e-06
710 5.9091325134937646e-08
712 1.2420488869491063e-05
713 1.4325150744705485e-06
715 3.3357855758030946e-06
716 1.5638718202821986e-06
717 2.9792775951156113e-06
720 2.8263893225043875e-10
721 2.7471699786009697e-06
722 9.204335799466165e-07
723 6.811218686207612e-07
724 3.815681962472373e-09
725 2.451860954776385e-06
726 8.223998334986148e-08
728 1.865037953234251e-06
729 2.7385706339534626e-10
730 4.481773287250022e-09
731 2.204169456141963e-09
27 1.5242875887251953e-05
41 3.0734239889768736e-05
65 2.471658996913203e-06
89 1.8217801354995929e-06
125 5.5167536172963625e-06
235 2.330405391956374e-06
287 7.011381676103525e-06
366 2.2055682319136143e-05
415 3.757798262663307e-05
489 9.087122596471728e-05
567 3.72061603404109e-06
573 3.509227229998473e-05
707 8.494831010316816e-06
6 6.260941995616863e-06
28 4.1183168162958895e-05
199 2.4871797124258117e-06
226 4.9026559446362704e-05
291 2.1154056046139658e-05
294 5.86496002290446e-06
409 7.790896102831918e-06
429 9.317115108241824e-06
562 1.9274364572582117e-05
80 6.137803404157595e-06
38 5.629303123178455e-05
343 6.114197940043367e-06
362 4.112164140616231e-05
374 6.8456226092211e-05
378 6.249495963647601e-05
561 2.561418872746869e-06
565 1.1690686249065959e-05
342 5.473423478753526e-06
73 6.336587497134582e-05
308 3.0440413688672056e-06
458 3.31502570618744e-05
474 1.8786658594946987e-05
496 7.546523484899323e-07
552 8.650278280788926e-06
222 6.447087422392217e-07
475 2.8513661621188675e-09
487 1.572683885117079e-05
509 5.2167123670075115e-06
19 3.3014915524745764e-06
211 5.411990868659244e-06
512 3.163491776206787e-06
718 2.257532438044127e-06
667 5.515870428416899e-06
453 3.7162061918679557e-06
136 2.535129090615882e-06
