16
-0.0007901251325163133 -0.010535639503628878
-0.0036127998227847395 -0.005033405237945854
0.01775513265258083 -0.023763958729208556
0.028618364130857166 0.004731950686627138
-0.005309793195072222 -0.0032362530482970197
-0.0023222103567724006 -0.0031452200275434634
0.018445208224320716 -0.010250754034088047
0.023978001151966657 0.005197959478481735
-0.009384353219343694 0.0010871538166834862
-0.0021084763593036604 0.006312831002348133
0.01674580589475105 0.00853514782838513
0.006465606468713982 -0.0051995098995344085
-0.00434933235093931 0.016463552014527802
-0.002993576571783234 0.008340128344130204
0.008137409024312292 0.019375088871924233
-0.001104212777658973 -0.010648255645338027
