16
0.03367542187318209 -0.07265261343104774
0.03941560537831986 -0.04258801537698718
0.022569826282672456 0.1096003429950973
0.020974884930289244 0.18753590860575312
0.014248074802697087 -0.08520432304426719
0.003270115748502792 -0.025698573222168525
0.015163891203373107 0.10817914296020326
0.018998999326781618 0.1746469474397887
-0.00630021319227033 -0.09784949055390604
-0.011876473560007421 -0.0027489409090842346
0.013687736154521131 0.10686016331369358
0.021861002956174547 0.16686590420257022
-0.01780240529936584 -0.10323603195135672
-0.01715493406348669 0.007080385212370359
0.029196241453452395 0.08448228213157478
0.033212287231936886 0.1587522529686276
