16
-0.02183219034625486 -0.0012040218719176327
0.0014102473429605453 -0.02654879146507047
0.012360367175675607 0.010994691949800448
0.013954507318000412 -0.0022802428898705497
-0.028730832203955826 0.00254431953765523
-0.007207266509784155 -0.01596031243459064
0.012553904852441336 0.005476936551717175
0.005662994718890377 0.001070446143196945
-0.020686326101777987 0.0010303529649987784
-0.00980633466214433 0.029829283350998194
0.02323371378726678 -0.006680150924723421
-0.013383915189703261 0.028581635792544587
-0.011011949420998554 0.020269396729617684
-0.004038839874932582 0.03416515240344509
0.049819910424650886 -0.0299771879993731
-0.003993243619328543 0.022917270385638844
