433 6.569002604045327e-07
473 6.815999891812446e-07
302 2.707060010363919e-05
114 2.4822203520782454e-06
722 1.8236469397782828e-06
80 5.4726404328040935e-06
116 5.262390144384456e-07
423 1.2266889917704957e-08
57 1.3560923114558167e-07
203 4.5351005358102524e-07
364 1.0724010406497893e-08
477 6.816921349454094e-06
525 5.1205371295910865e-06
660 4.169756775660266e-06
389 1.1231304813822049e-07
391 9.756839423820872e-08
492 2.5909793519410343e-07
678 1.4634532929132969e-05
32 7.33905439203891e-06
124 1.7809807528893213e-06
184 2.9991962769497442e-06
220 5.693948173769331e-07
274 6.739333369194917e-08
280 8.51019178497849e-09
285 6.109657109387231e-06
288 4.465408711690482e-06
300 2.275184545154882e-07
317 6.269420604109845e-06
341 2.140799421314003e-10
345 1.2550408213235504e-05
358 2.8746056211156784e-06
377 3.2213239723045512e-06
414 1.1502426017006415e-05
470 2.1210433865305308e-05
476 5.868623931884818e-06
490 0.00026343287655336756
524 4.566188031594649e-06
534 1.4554988131021508e-06
551 1.225736779332179e-06
599 5.806026768174362e-06
693 8.717261030931847e-07
2 5.1798055518322297e-08
4 2.7867526783639113e-07
5 6.567719702896251e-05
7 4.5562338175245085e-08
8 6.419075800697908e-08
10 0.00016587086075277153
12 1.12557049425327e-05
13 1.4387581116836234e-08
14 1.2510074306103871e-08
15 4.5966946860836964e-08
16 9.88407340761699e-07
17 6.74706313185755e-06
18 1.3140901833956213e-06
19 3.1010368650804116e-06
20 4.082980116727838e-06
22 7.096550175741295e-08
23 2.5972627811894345e-07
24 8.302259297229746e-08
28 4.0060856249758704e-05
30 8.810426295804706e-06
36 6.7683878616885406e-06
38 5.746134761358114e-05
39 3.4763544493727323e-06
40 4.930259795085496e-06
41 3.148366738080825e-05
43 2.3667955244407407e-06
44 4.329566496019975e-06
45 3.7613162991874535e-08
49 2.1648053871843078e-06
50 1.0590064538168633e-08
52 9.17760942149626e-07
53 1.620765496856085e-08
54 6.183569268114005e-09
55 7.414539397616424e-07
59 7.704279927051179e-07
60 6.592969980615176e-07
61 8.124701427249072e-08
62 2.1033548622227627e-07
63 7.829733300722392e-09
64 1.3940306888968228e-07
66 1.8722352864179868e-10
67 5.21763371486816e-08
68 2.5330178615620197e-07
69 2.5167204427376246e-05
71 8.934372435579278e-08
73 6.136488962812985e-05
75 9.519216627534621e-07
76 7.23654786044386e-09
77 7.236547860443857e-09
78 1.2425310950988926e-07
79 6.660340888014615e-09
82 5.005917801152049e-07
83 5.117966671331353e-11
86 5.80443958681642e-08
87 0.00016022442748986319
90 6.634107639278921e-08
91 2.140503688730458e-07
92 1.735529573428573e-07
93 5.754681814880516e-08
95 5.4367466468186426e-08
96 2.3769766562495343e-05
97 1.5045365310122855e-07
98 7.208912559936244e-08
99 2.9828763818623834e-09
100 6.255211804280268e-10
101 2.153905023582053e-08
102 1.1997109025548178e-07
103 3.8066365750119625e-08
104 5.473685591390152e-08
105 6.119745558560846e-06
106 2.5662928504886525e-06
107 7.568199796073694e-11
108 6.731026677525844e-10
109 6.939444808306291e-07
110 1.0708657420569469e-06
111 2.8240237117771944e-08
112 3.689563736248795e-09
113 2.084912823327837e-06
115 2.2299008112151274e-06
117 1.1338958811466068e-06
118 2.551611651402858e-10
119 1.8339398866805053e-08
121 3.6458844153411154e-09
122 4.288502769143076e-06
123 1.8425569909133654e-06
126 4.643022129341678e-08
127 2.1770058743882284e-07
128 1.756786979207925e-06
129 2.666705361382782e-06
131 8.186293408975747e-07
132 5.82477872528246e-08
133 3.4052682749049217e-10
134 1.4167078074774635e-10
136 1.4947111367909613e-06
137 7.573553159160812e-11
138 6.196251512936569e-11
139 3.578878622121758e-07
140 2.4204149242314585e-09
141 2.2687375541164023e-06
142 6.210246102753327e-10
144 2.5260874418076958e-09
146 5.397277968610649e-10
148 1.0469697574012081e-07
150 7.990018288217311e-10
151 2.541123652498291e-06
152 1.1556441982152873e-05
153 0.00011690715339025822
154 2.5784720221600743e-06
155 2.5597407052890078e-05
156 5.041013650693024e-08
157 1.5331285351858763e-06
159 3.5498986648429336e-06
161 5.2567250537279345e-05
162 2.254692460389564e-06
164 1.807257677821018e-06
166 5.923326192002613e-07
168 4.347649705518523e-06
169 3.4905826148219764e-06
171 1.709013672751878e-06
173 8.973499565114131e-07
174 6.622158703761714e-07
175 5.1780222159868895e-08
176 1.8364129492988057e-06
177 7.089149376504803e-08
179 1.023135308547966e-06
180 9.284447340421267e-09
181 7.830875485944185e-08
182 6.308341648612903e-09
183 2.5377677421421967e-06
185 1.0913212485575923e-07
186 3.296259613098712e-06
187 1.057364703937716e-06
188 3.5817499124565856e-05
189 1.0091187892288148e-07
190 7.987413463105471e-07
191 3.4618568518418852e-06
192 1.164712601439196e-05
193 2.0305369045557512e-08
194 4.449415243169708e-11
195 6.297420208936604e-08
197 1.7352168378490207e-07
198 1.5167666528479306e-09
199 2.7735603825048923e-06
200 1.960272854223045e-08
201 7.236339861138804e-06
202 1.6286967598952787e-05
204 2.005468784373372e-09
205 1.7552666256495626e-07
206 8.623301076544245e-07
207 2.4475902086690685e-07
208 2.3088016037955076e-07
209 2.3992916810934537e-09
210 2.092289039499747e-08
211 4.657899763583545e-06
212 5.2414056619700084e-08
213 1.9536523623098964e-08
214 4.4279582252233995e-09
215 1.3064423878457874e-09
216 6.269144048847193e-08
217 2.44109388265258e-08
218 9.762688161492424e-11
219 5.600997452215134e-06
221 7.538556906086599e-05
224 6.41478685712418e-06
225 1.3635954498352248e-05
227 1.0688196467562593e-06
229 3.83960719665011e-06
230 4.025324095532928e-07
231 2.8910238490484646e-06
233 4.731752325766217e-09
234 1.903522341836141e-09
235 2.4228240456297747e-06
236 1.5314433227074012e-09
239 1.563750673219481e-09
240 1.468758471835971e-08
241 2.1550628875334103e-09
242 5.0247618940564746e-08
243 6.8051080942624256e-09
244 5.207484037452008e-06
246 2.9580931178265526e-07
248 4.2601547924175565e-07
249 4.7725100914602597e-05
252 2.059415088483126e-06
253 9.439825772741985e-06
254 5.129941194065712e-05
255 3.065772603309393e-07
256 8.769671709765322e-09
257 2.5067094154943975e-06
258 1.1825502014859557e-06
260 6.223130396392939e-05
261 2.4399789627015433e-07
262 4.43003906649368e-09
263 1.2685876247594027e-08
264 5.043817015366326e-09
265 2.008886628353363e-09
266 1.5632551972706878e-07
267 1.123099797548974e-07
268 4.8467200577046394e-08
269 1.8143476004307032e-08
270 1.4146602870254302e-09
271 3.4245852563251273e-06
272 7.465081702066923e-08
273 2.4756113218985767e-08
275 1.1577894179943286e-06
276 1.107160081420253e-08
277 3.6620064703711403e-09
278 8.254370108596457e-07
279 3.1511209490875793e-06
281 9.010104647364023e-08
282 5.919207511785361e-08
283 1.4950910604611293e-07
284 1.018349810006849e-08
289 6.117998928994319e-09
290 5.802106410409076e-10
291 2.1348162265151046e-05
292 1.133827979499373e-09
293 8.262019113420212e-09
294 9.577384066061543e-06
296 1.273147885045666e-08
297 3.271075525938245e-07
298 3.6604394043107945e-06
303 1.4809061904459597e-09
305 1.5830304781344338e-09
306 1.9199039141317187e-06
308 2.8136280270144205e-06
309 1.2100151103959039e-07
310 0.00011182668499719331
311 1.9699979128128186e-06
312 3.08091257267474e-08
313 1.8970713065445784e-05
314 2.3962129437464004e-05
315 3.562282703624997e-05
318 6.696184565624526e-07
319 4.136408836628319e-06
320 4.209586297205165e-06
321 3.801970031192782e-08
323 6.316399884329971e-06
324 3.941585894555184e-06
325 1.3070651782732988e-06
326 3.97465562725614e-06
327 5.1620529938121396e-06
328 2.018025381509552e-06
331 2.7052326075648248e-05
332 2.953387601595368e-06
333 4.960222470668721e-06
336 5.876166579558193e-06
337 3.95083335005375e-06
339 2.9495448781985937e-09
340 1.377669689805219e-07
342 5.235078432275289e-06
343 3.5450106768453886e-06
344 7.189410684819904e-06
346 1.0252005406903156e-09
347 4.15194137088892e-09
348 1.8931451944658366e-09
349 1.923378605987597e-09
350 2.1449156787476762e-10
351 3.3510697468732245e-08
352 5.768013371017225e-07
353 7.929107765430809e-10
355 3.4706447086594836e-06
356 2.983678643580894e-06
359 3.516203188859823e-06
361 1.265682044410149e-05
362 3.599100758136072e-05
363 9.069244762832278e-08
365 2.4557600150098053e-05
366 2.1606189777460924e-05
367 1.1086997814904538e-05
369 4.676535590418609e-08
370 1.4444430122203827e-10
371 3.149568688317324e-07
373 1.072013059593743e-07
374 7.274326724348154e-05
376 2.833082970363945e-06
378 5.758500558466069e-05
379 1.7285542392174263e-06
382 4.0917079192854736e-06
383 1.4951111619247804e-06
384 2.312881417965705e-07
385 2.995759617452447e-09
386 5.246334413342311e-07
387 1.2115315889096694e-08
388 1.0837611140910786e-08
390 6.504919082337536e-07
392 8.307788005909008e-06
393 8.30428303010519e-07
394 1.0953070272301986e-08
395 1.0043546584875601e-06
396 5.281152178466345e-09
397 4.017089588367237e-10
398 1.024371621194914e-06
399 2.505558002262869e-09
400 2.9970591545867007e-07
401 2.424737999347278e-07
402 1.3630229425603219e-09
403 4.293040000049129e-07
404 5.318832666016496e-07
405 2.676960004040685e-07
406 9.249303395557307e-09
407 0.0001035591689975481
408 1.0027561504325752e-05
409 2.2907364194866518e-05
410 2.1807816669897035e-06
411 4.448792932194987e-05
412 4.6309722593534656e-07
413 9.001799429761671e-07
415 3.70001465621519e-05
416 4.53833101971058e-06
418 8.39826847312223e-09
421 2.4326585486568507e-09
422 2.5688259993162005e-07
424 8.725374546508307e-09
425 1.4009698967476643e-09
426 2.1022319421067257e-06
427 3.2074747279285326e-09
428 6.196050951723258e-09
429 7.537389608311468e-06
430 5.122658772468944e-09
431 1.113122222286686e-08
432 3.0605835896066747e-06
435 2.2378408178945372e-06
437 1.7722163194775453e-05
439 6.188705810714773e-07
440 5.8737786706584566e-08
443 5.2582983598390545e-06
444 4.874586985767979e-06
445 8.142355529494787e-08
446 5.9736953757902054e-06
447 6.460992524489601e-06
448 9.333582381246897e-07
449 7.645028882343403e-06
450 4.616644920532756e-08
451 1.652024634463495e-08
453 2.4871699362040255e-06
455 6.296982836701012e-08
456 3.979418263262137e-07
457 1.7806777254018573e-07
460 4.975569271719885e-09
461 8.166123676038143e-07
462 2.2321542524576935e-09
463 1.5610543548774397e-06
464 1.3923431273384636e-06
465 4.185244139768471e-07
466 5.799446919199155e-07
467 1.5237157009094403e-06
468 1.3769525229433627e-08
471 6.261209931089836e-06
472 1.791215131219292e-05
474 1.4608330630089057e-05
478 1.9717668207235613e-07
479 1.4828947297609903e-05
480 1.3484495799765395e-07
481 9.394179496801118e-08
483 7.533439370470391e-09
485 0.0001613843931705519
487 1.1098134749730969e-05
489 9.392168399957845e-05
493 7.806568799741156e-05
494 0.00024606844236335683
495 3.2514566530491214e-09
496 7.537376982222898e-07
498 9.301583180948445e-05
499 5.202647953573389e-07
500 7.665841517042776e-06
501 1.1710879452987622e-05
502 3.4679148901993645e-05
503 4.9999160656175534e-06
504 9.390118749811486e-05
505 7.725648827709651e-06
506 0.0005346425276449309
508 8.991048430236649e-06
512 3.146849684704838e-06
514 5.35801606455382e-06
515 5.590409914077649e-07
516 1.3192722152434158e-05
517 5.777095365912594e-06
518 4.627320467892326e-07
519 1.947585623508621e-06
520 4.8337288007237865e-06
522 4.535819211543246e-06
523 4.038341410065372e-06
526 3.2667236006494794e-09
527 1.3203479153688801e-05
528 1.1179373527639972e-07
529 5.878983567192606e-07
530 1.8906996568504228e-06
531 2.382219005497601e-07
532 1.931556597991155e-05
535 1.5361629895518967e-06
536 1.3385653420095196e-06
537 1.0045024942902345e-05
538 3.0277509727318815e-07
539 1.1689453788139561e-06
540 9.539595729056902e-08
541 5.911383443429837e-07
542 9.445619720666905e-08
543 1.019569390895413e-07
544 2.8889894008495968e-06
545 1.7897862237758495e-06
546 6.764477327796148e-08
547 3.4647255307263745e-06
549 1.4750775828994022e-07
550 7.365859974944983e-09
552 7.806774648610995e-06
554 2.7210577185080574e-06
557 2.3251147049181417e-05
558 0.00011466295659172747
559 2.9999471625779556e-06
560 9.409367243179903e-07
562 2.040169770078491e-05
563 7.611079568801287e-06
564 4.087571743532686e-06
565 1.0984176484390948e-05
566 1.6663401121668761e-06
568 3.6159259887366297e-07
569 2.8839864917272765e-06
570 1.1965449927440737e-07
572 1.41876931596373e-08
574 3.169778853385946e-06
575 2.9141914021787057e-05
578 1.5876862735607065e-06
579 1.3575392167962862e-06
580 1.4121262874407317e-06
581 6.004585150419975e-07
583 1.4517635342229495e-05
584 8.089907395371864e-05
585 1.6410533488172987e-06
586 6.5547647500934935e-06
587 3.352709174962835e-06
588 7.060702382050557e-05
591 2.8106817277476276e-06
592 1.2711247790110346e-05
593 7.427260196428671e-06
594 5.69281878559115e-06
597 1.635495257242828e-05
602 4.012733623742586e-06
604 9.135125269962412e-06
607 1.2453178074717892e-06
608 1.3131021010403682e-07
609 3.744469567223494e-07
610 2.773725956298491e-07
611 2.2594859672187957e-07
612 1.467145492375159e-07
615 3.551945583093264e-08
616 8.722615272812174e-07
617 0.0001389023657496868
619 2.1176654078119732e-05
620 1.1256344906460098e-07
621 2.056532112785645e-06
622 4.559172776810146e-07
623 1.3054282055853482e-05
624 1.2731363755161825e-07
625 1.4232986900799314e-07
626 8.43192575551976e-08
627 3.173846870115591e-07
628 9.648214094547671e-08
629 3.156745006204865e-07
630 3.24147128627724e-08
631 2.4850602162675133e-08
632 2.1745472315630983e-07
633 1.1842318558715581e-07
634 2.9938796400985024e-06
635 5.298526083855973e-07
636 1.85063848189539e-07
637 5.559093874113595e-07
638 8.002327561682289e-09
639 1.0850860480361934e-08
640 5.217757626533745e-07
641 2.552612309048141e-07
642 5.896996847679923e-07
643 4.498756257344558e-08
645 1.0610680440950826e-08
646 6.802448144841579e-08
647 2.1989269409730068e-07
648 1.3834388282093447e-08
649 6.852506543094742e-08
650 1.669433403198184e-07
651 1.339857260292224e-05
652 9.544615536927729e-08
653 6.898205910995021e-08
654 1.0068908863118278e-06
655 4.472163911559757e-07
656 8.559243818408521e-08
657 1.5515464137311651e-07
658 5.398860153589811e-07
659 3.1604585359692113e-07
661 1.733142753829697e-07
662 2.7123423717021126e-07
664 1.3015207498127255e-05
665 1.5569819566930004e-05
666 1.9439421170098886e-06
667 4.594878667276165e-06
668 3.0160838545043186e-06
669 4.4532490433850005e-05
670 9.287774867215156e-06
672 4.283386446998696e-06
673 1.6570816678561846e-05
674 3.4057608539180175e-06
675 2.0546389678657738e-06
676 1.5839379047624328e-05
677 7.081533342765692e-06
680 3.512144552956666e-06
681 1.2921296614765014e-05
683 2.8839558604040637e-05
685 6.64989641921337e-06
687 5.594693563628155e-06
689 2.2296183298737036e-06
690 9.616348681600976e-07
691 2.6752992944448175e-06
692 9.276778121111785e-09
694 2.200818439643653e-06
695 1.5564868265919463e-06
697 3.1866223389410532e-06
698 4.3859420395297125e-08
700 1.9565075751711996e-06
701 4.99847217918157e-06
702 5.627078768666528e-06
704 3.906444650651556e-06
705 5.78526311020445e-07
706 1.4192356666545677e-06
707 5.393821758403244e-06
709 3.0356627013090244e-06
710 9.267059211263305e-08
712 1.18119827579645e-05
713 1.4317364930832023e-06
715 3.563188542743708e-06
716 2.061564017731827e-06
717 2.9994876281244705e-06
718 1.8484225591179103e-06
719 1.1538584314941414e-06
720 4.91366902745277e-10
724 1.052214760413416e-08
725 2.4620787986277637e-06
726 1.0139422694041574e-07
728 2.5310431769577324e-06
729 7.75720742905925e-10
730 8.51062011084367e-09
731 2.2490206167657755e-09
