0 0.00017845153878427738
1 0.00011178117306990428
3 0.0001553924168888436
9 1.5591875050349638e-05
11 2.242264481277845e-06
21 4.338691402310313e-06
29 0.00019261489014328758
31 8.871651094065127e-07
34 3.373813520506591e-05
35 1.0662744942490985e-06
37 7.3122751161972505e-06
42 0.00010421983143590682
46 3.7145556669235716e-05
47 4.4167746301909054e-06
48 4.267466953110475e-06
51 2.1912916418075965e-06
56 1.499569504786716e-07
94 2.443284309183333e-06
120 4.486108024736736e-06
130 1.731702215335471e-06
145 9.45072342273143e-06
147 1.5053321147996673e-07
149 1.3403263377954175e-05
158 3.239382123502306e-06
160 2.9573392701323167e-06
165 4.707835825995078e-06
167 2.9516839439374307e-07
170 3.2304694327426343e-06
178 4.568819286636089e-07
222 6.747909058242203e-07
223 1.5385838052180582e-06
228 1.3735938997159007e-06
237 6.936401855027872e-07
238 3.149237914344828e-06
245 6.6963672566908525e-06
250 1.2189506742385676e-06
286 2.033031016315886e-06
301 6.453040587754418e-07
304 1.1544235708894103e-06
307 2.9819908164605773e-06
316 6.872861812362657e-06
322 6.319415252175349e-07
329 7.22137297144526e-06
330 1.082253535192951e-05
334 1.69326356388135e-05
335 2.392315847812066e-07
354 2.0958086717925634e-05
380 1.2267408882995281e-06
381 2.1135130493729717e-05
419 1.7378996373312663e-06
488 9.287858339267363e-05
491 5.117841186950179e-06
497 2.5507989047791717e-06
507 3.1513502744507455e-06
509 4.3050745619787525e-06
511 2.818645534209185e-05
513 1.3169220856930978e-05
533 3.6451099889994944e-05
548 2.2339845878939897e-07
553 5.032100215404629e-05
555 2.4791099100586467e-06
561 2.4613966383221492e-06
576 4.034020987256416e-06
582 2.443303228940148e-06
589 1.6590987038103515e-06
590 3.069129000495643e-06
595 1.2252392115686718e-06
596 4.072453550081602e-06
601 2.9176097648550498e-06
603 7.488278588558712e-06
605 7.286133459121859e-07
644 7.874632864875544e-07
671 3.4211466957316025e-06
679 4.2315093208446096e-06
682 2.165651480938654e-06
686 2.8901271518797978e-05
696 2.348748619929989e-06
699 3.3733659162578916e-07
711 1.8976225972362463e-06
6 6.9690670101839056e-06
33 4.539231479897009e-06
89 1.1170193966182592e-06
172 1.0345150945167158e-05
232 2.5591916855105464e-06
251 5.122688330695334e-07
259 2.000818895140272e-06
299 2.9608736546220453e-05
360 2.7403766367491977e-06
368 3.8547989960495e-06
417 4.48004009551102e-06
420 8.181558706689512e-07
434 1.1217518484269685e-05
484 9.379555509200141e-05
486 1.2258335503836103e-05
521 2.85076562285206e-07
567 3.4325378032656543e-06
571 2.3004897830414346e-05
598 2.249402217540527e-06
600 1.0923825225246881e-05
606 3.356383851996174e-06
618 6.314214286836649e-07
663 3.0896378241857874e-06
25 4.4144713114200613e-07
88 9.834649101233352e-06
135 1.585226817033206e-07
143 4.77452341659018e-08
295 1.876772161325211e-06
357 6.446419392229548e-06
81 1.528758781304139e-06
226 4.608873865925098e-05
372 3.1343187880224116e-05
441 2.572202582822106e-06
458 3.5640294521043795e-05
459 1.0882024616992225e-06
475 2.3668582261695057e-09
482 1.2242336536827537e-05
510 7.38984584399708e-06
703 1.7921076479365314e-06
375 1.3403133093773502e-06
27 1.5473578381436836e-05
74 1.5244782396013709e-06
84 1.1913207885894872e-06
125 5.346621635339936e-06
196 2.5688460246537264e-06
287 7.885988334046568e-06
438 4.807279744650769e-07
454 3.3671956664580715e-06
469 7.203124447227207e-07
573 3.464712616187964e-05
577 3.247642936327872e-07
721 2.6078981877478017e-06
727 9.61587903199121e-07
65 4.067468301499382e-06
72 1.9601719167749463e-06
163 2.6204925905775586e-05
247 2.5739548710413215e-05
436 1.0914314993704366e-06
452 2.8348173162818698e-06
613 1.2446931041794832e-05
723 7.936721034623083e-07
688 2.2980058125703752e-06
26 8.802861719645463e-07
58 2.520796449954327e-06
70 3.245960400787557e-06
85 9.705058305559243e-07
614 2.417438872233484e-06
338 2.4461416927788733e-06
442 3.1771844465575005e-06
556 7.432815665920582e-06
714 1.6330142260411645e-06
684 4.426565946696355e-06
708 1.476747374243655e-06
