628 3.630235699961484e-08
629 4.4450166511896015e-08
191 6.229441013252893e-06
243 4.900197823140223e-05
305 6.3794377467438675e-06
62 2.340763789708453e-07
478 1.4560925556616986e-05
637 2.733969225486637e-07
364 2.2695964080526212e-05
250 2.223676013749181e-06
383 5.498189112453836e-07
443 6.732510322484723e-06
529 5.002102341643486e-07
600 2.4933597040796953e-07
325 2.0112725760315798e-05
493 1.0620773234910345e-05
185 2.010987154759893e-07
398 8.06566365495634e-07
689 6.56339586910602e-06
595 1.2336321163245686e-06
460 3.00321407564302e-06
375 4.360743005980549e-06
69 2.1062735966742294e-05
199 1.3727101123051627e-06
284 2.996952436525006e-06
341 4.71323871881511e-06
354 2.0456238021579442e-06
557 1.011473745258014e-06
567 1.5311302002880795e-05
196 5.58003516537676e-06
377 1.4152967588524458e-06
419 3.327184965771795e-07
6 8.247450622872713e-06
21 7.411430892014989e-06
188 2.83979751850715e-05
674 6.186100936523085e-06
167 5.586167102619385e-07
418 6.434503970504374e-09
581 2.2958551078230083e-06
696 1.227396055324209e-05
37 2.704168630614827e-05
480 9.191839939153198e-05
577 3.557051515396402e-06
143 1.1439837518549654e-07
276 1.4166677467380423e-06
39 3.3314729311498845e-06
50 4.572159894280883e-09
55 4.5474164322235963e-07
66 3.3252414697950376e-10
70 7.909623437389793e-07
160 4.918798964589227e-06
287 1.59083861265085e-08
309 1.6117961338319499e-06
372 7.906845547427193e-05
430 1.76198699081832e-07
496 6.980581199191384e-06
642 1.3480257305157404e-06
651 1.2291727878354792e-07
663 7.164914753145933e-06
681 1.904990834339569e-07
708 8.738735431188287e-07
712 4.61670262685986e-07
57 3.580326035013953e-06
105 6.9139169576403616e-06
29 0.0001959912316912613
34 3.560806374910013e-05
38 6.210413910391114e-05
63 1.4721485099588672e-08
71 2.1182180421116206e-07
109 8.414349423534066e-07
118 1.2000805613737444e-08
136 2.1840085190833843e-06
157 1.9942436436313156e-06
159 3.896959549439756e-06
163 2.8505687738995777e-05
165 6.187718311606567e-06
187 3.5523408561215244e-07
203 3.8799220937040406e-07
217 1.938356485828788e-07
223 1.0090026150025796e-05
225 4.838203496986164e-05
232 4.178167148824866e-09
238 2.6202899278304868e-08
254 2.76808500354209e-08
290 2.860322150098534e-08
295 3.636618866844716e-07
298 2.4238088961384967e-07
338 1.310325050352782e-07
351 9.748804863948575e-09
382 9.594806154370683e-07
388 4.802252446422037e-07
405 0.00010438059648656587
442 5.6359000555533555e-08
463 2.527829309163558e-07
466 3.3517820420027095e-07
471 2.5873883027060233e-05
474 3.7541338969631684e-07
481 0.0001788012041873001
483 2.685090552984744e-05
485 0.00016903289672539013
498 2.119250183191923e-05
511 6.515021155595024e-07
598 2.8758800498517953e-07
613 2.4928167470594212e-05
630 9.070357165297973e-08
657 1.515847657193593e-05
661 1.207775425705219e-05
664 2.580085835033965e-06
680 3.217233116097313e-06
707 3.059032065621956e-06
711 2.8259635346830684e-07
8 8.922291545734395e-08
53 2.730865901547694e-08
68 1.9132909024386178e-07
72 3.1248043308060645e-07
158 4.736469619056319e-06
166 6.703271903234739e-07
190 8.101540002036156e-07
228 6.680079781721651e-06
348 1.4487989848280523e-08
389 6.701386703044236e-07
415 2.549371127283561e-08
422 1.1467528535428188e-07
450 4.562763068785687e-06
476 4.564836506565702e-07
501 0.00012230954885095313
564 3.5626916979146844e-05
618 2.3159882612814877e-06
631 3.2900824713561044e-08
714 2.8824816499028217e-06
235 7.556678487269845e-09
279 4.779548120981701e-07
599 1.7734836051898282e-07
244 4.906571301919196e-07
597 1.3376502622628647e-06
22 9.704953688179838e-08
45 2.0549554922613062e-07
52 4.1200138836264095e-07
104 4.204508260369098e-08
138 8.338509327957009e-11
205 1.0614539270553247e-07
272 3.481552353399575e-08
286 3.431799092163869e-06
347 1.9392952249554192e-08
349 4.250897866428563e-08
362 1.5289233247047052e-08
421 1.2379888693881348e-08
538 2.393994045213591e-05
632 1.2328354071285367e-07
635 8.15831258110718e-08
683 2.8437008427039567e-06
686 3.3268606397066757e-06
60 6.6945430092516e-07
81 4.398738172348778e-06
684 2.5884646578640285e-06
710 6.310906270327497e-06
86 2.7713447852478094e-07
706 3.937577872770299e-06
25 5.295086596479391e-07
198 6.372205859320113e-07
280 5.07569176070366e-07
103 7.185849536657097e-08
506 5.028609537092349e-06
15 2.3762309039800153e-07
58 7.833984556872508e-07
252 4.158614083373573e-05
110 1.1600027695153203e-06
151 6.492776446472273e-07
204 9.090666772961138e-09
406 9.11355141323894e-06
510 4.6204483996396527e-07
67 1.520842238296747e-07
667 1.3757976240174102e-05
617 2.0571355020536112e-07
408 3.628162746599517e-06
420 2.7028338844309724e-08
633 5.211370759942664e-08
566 2.6173404412691305e-05
591 3.0668391435498754e-06
209 6.754995026911838e-08
361 1.3027137003432694e-07
428 5.9511851654826566e-08
454 2.0119862119357996e-07
552 3.621292546993348e-06
100 4.615666712582215e-08
201 5.881931929738692e-06
507 5.750031074035431e-07
239 1.5381814249384213e-08
61 4.1133602677992185e-08
489 0.00043078202283887125
202 1.5212508988087815e-05
306 3.31501870088846e-06
189 1.7305805050723256e-07
553 1.795911328228212e-05
337 1.999681842171833e-07
285 9.546178575199517e-06
264 3.616727825470685e-07
200 7.967259571716512e-08
265 6.975025732841257e-07
18 1.408004260964519e-06
135 2.934867104610698e-07
