1 0.0001350103475159348
12 1.4188897366577088e-05
83 9.230941792404647e-10
108 5.90114182066921e-10
119 2.2909234112361733e-07
134 2.129042401268725e-09
168 3.682756105412466e-06
175 2.8501359847827314e-07
212 4.3756643828705683e-08
220 3.4944745686618476e-07
231 3.075519686051264e-06
255 5.16158113606287e-06
261 1.662529956252934e-08
291 1.6123321344313654e-07
296 1.5468929724406677e-06
363 2.7981412457956436e-05
392 2.31220786272745e-07
425 1.208534813131088e-08
448 2.7169133158632558e-08
452 1.7842303122943546e-07
465 1.7295806109341957e-08
487 3.6485390883344203e-06
524 3.6033902193976155e-05
528 7.336476431559482e-06
537 7.741558652847163e-08
556 7.638347417502348e-06
582 3.994959829255653e-05
603 9.224421740884095e-06
612 9.377383172589057e-08
620 8.892529996316935e-09
625 1.9117628161926566e-07
638 7.111344510008479e-08
655 6.90468311912543e-05
687 2.7215610230500456e-07
718 2.70598498880689e-09
441 8.403426076407777e-06
499 0.0005353268191834692
152 4.216090509852733e-06
169 3.64191445809007e-06
278 1.842250289888006e-07
315 9.750811036048745e-06
356 2.681293604170625e-06
357 3.409477756385846e-06
379 2.4183349885554447e-05
7 1.6962532676372755e-07
13 2.53802883776023e-07
17 7.640864326212386e-06
19 3.3449480171924395e-06
27 1.4756780096833638e-05
41 2.8886996106498827e-05
75 3.168826827483889e-07
79 5.80187672366976e-08
90 9.219333459731017e-08
95 4.4095276729106045e-07
98 3.775115762845547e-07
107 2.967920514617135e-10
114 3.204368771593417e-06
146 7.877353065781573e-10
150 2.541520779655872e-09
172 1.0594868469687664e-05
193 5.0908813215899546e-08
197 2.515678997595495e-07
208 3.3794453706854144e-07
213 9.010439999104544e-08
215 1.2346103437041542e-08
256 1.264715189242922e-06
260 1.943695536015362e-08
268 1.4601631203915501e-08
274 6.1692860029542e-09
288 5.97390349155751e-09
308 9.330846700716129e-05
310 2.127077979889245e-08
313 3.600175372366323e-05
366 6.2703423777758125e-06
384 4.008423730370488e-06
386 4.9795206470939965e-08
391 5.375810990682897e-06
393 3.4045424324835863e-06
395 1.1073118990958578e-08
399 4.713866697052351e-07
411 5.367390102218468e-06
424 2.7236049627353467e-09
447 1.0039461929013462e-07
451 3.0496472432788296e-06
453 1.838383374312218e-07
455 5.0579957316795183e-05
461 8.218692322202609e-07
522 4.3710817386485674e-08
525 6.379900371867942e-07
527 7.239380090803276e-07
548 2.143119397614093e-05
602 1.015315480254987e-07
607 0.00015645542994986323
621 1.9221670531674444e-08
623 1.3717322651690477e-07
626 1.5457882663315207e-07
639 6.125421661991865e-08
647 5.673681905799427e-08
713 3.202944359712222e-08
715 7.762811441207555e-08
139 4.268405306521763e-07
64 1.501918527907697e-07
106 2.5717145084158334e-06
214 8.199546675106042e-08
233 1.2309831961208785e-08
259 2.691679417164784e-07
281 2.047237636141154e-07
301 1.0646887400099056e-06
369 3.234842733408032e-07
394 5.79754706753751e-09
434 2.1131918632265053e-05
439 2.5875174233132044e-06
470 2.4127411918097685e-07
492 4.415774266060618e-07
526 1.9776373522445345e-06
530 1.4794317921330141e-06
558 4.287769706406167e-06
606 1.0295257100433966e-06
622 2.1099045492754578e-07
627 1.9065426692533658e-07
636 6.05955212784132e-08
653 4.475101255326377e-06
698 3.535049852019099e-06
324 1.6529770438477122e-05
523 2.013548606205108e-05
154 1.4564927463809235e-06
246 4.497370623696193e-07
412 1.3568826496081174e-05
512 2.1089972998476678e-05
515 1.257759316283003e-05
692 1.333791434159693e-06
140 3.086426995829639e-09
164 1.6305399821527068e-06
207 3.506029761257692e-07
513 1.6324063074521825e-06
54 4.653684613711426e-08
65 2.492023731634934e-06
84 1.1021981275683092e-06
111 3.165358323260543e-08
174 8.057323597399661e-07
195 1.0906316115975517e-07
438 1.5605906521731197e-06
449 1.4756632171482663e-06
144 3.77609329631675e-09
180 3.1328432914272626e-08
273 1.2254900103349288e-06
396 2.7717158716735637e-06
142 3.658667411038269e-09
326 2.1890302902643316e-06
385 1.055276905733887e-07
679 1.7449425147139398e-06
380 5.8617889031193635e-06
120 8.002654164407861e-06
226 1.5155858510179448e-06
423 1.7384785448345848e-06
241 5.27923975307183e-08
397 5.687383810070267e-08
407 1.622663136910833e-05
162 2.1178505368247685e-06
365 1.0954373685656304e-05
181 8.704711277708472e-08
531 5.1144599983745124e-08
609 1.5283266650066823e-05
645 1.0453736097298006e-07
404 1.3217705655667032e-07
24 3.799738959187467e-07
643 2.0935840277546059e-07
85 4.399125827856613e-07
311 1.7452543880423684e-05
319 3.5782798407666804e-07
644 4.991445805271214e-07
720 2.364950432010441e-08
590 1.2953542293080444e-05
317 2.2645847545194455e-05
370 3.6068214834309455e-05
173 9.903549304616735e-07
427 6.919577098957829e-10
575 2.2739673310410886e-06
619 9.970096859833107e-08
535 5.358459305113404e-06
376 6.313374887114882e-05
433 6.695005020015028e-07
477 2.3757008267855503e-07
23 3.0571675829270325e-07
102 1.1864513472509534e-07
294 2.6132160891931405e-07
352 2.1161106651488235e-05
112 3.45159469876985e-09
400 4.036155994501487e-09
646 1.326898104287526e-07
10 0.00018125981268426656
93 8.629944710359474e-07
350 6.759754373910982e-07
262 2.7714118377434166e-08
303 7.356644162098868e-08
371 1.4818985434095102e-07
534 1.5140687889443819e-07
91 3.367525417226444e-07
263 3.977731107121412e-08
275 6.099060515844003e-08
149 2.147036289640675e-05
435 7.997585857322742e-07
545 1.7318975915448596e-06
342 9.539684617177325e-06
282 1.9098563726170052e-08
437 6.285199859312016e-08
307 3.796037298338911e-07
16 9.890542630899428e-07
497 8.670754810072255e-05
445 1.144858468996702e-06
601 1.1349319983651231e-07
74 6.766234606976348e-07
514 7.068354758297905e-06
257 2.0704140568952294e-06
652 2.1666949201629798e-07
4 3.659645783940148e-07
249 5.864941941023604e-07
536 3.379819137649127e-06
267 2.976063856073774e-07
640 2.9795275677884434e-06
339 3.5745281135226426e-09
649 3.7076691893270834e-07
360 3.813616209914031e-05
488 9.929367558183936e-05
97 1.7983601344708614e-07
462 8.724355178877252e-07
177 3.1716712338956095e-07
482 9.979558403965317e-06
211 6.863023334307118e-06
432 3.384107088722425e-06
486 0.0004092654275057724
608 1.3021380673428445e-06
491 8.692045311999416e-05
