539 3.099962040954987e-07
688 5.380254452545515e-07
224 1.2032026896591526e-05
701 1.2216814079679718e-05
331 3.600159833987967e-06
130 1.846071616019226e-06
227 1.5825169566013834e-06
318 1.7055958256424594e-05
336 1.550186110278785e-06
381 1.7658659574874253e-06
416 3.968943348590214e-06
494 6.597431233954671e-06
585 4.6943711202847265e-06
594 9.598859607929856e-06
700 3.2941338255121357e-06
702 2.6734074894333137e-06
9 3.186381800316391e-05
51 5.027318117500196e-06
59 4.316705383479058e-06
88 4.3267491214011176e-05
94 2.650737843970384e-06
115 5.883845160384338e-06
129 2.3683403273312603e-06
147 4.863018443016954e-07
155 1.9843350475147886e-05
179 1.7649033487847835e-06
186 3.577045299529801e-06
206 1.508614393508101e-06
236 5.786913808547013e-07
293 4.293663694843834e-06
322 4.380156022707729e-06
330 3.8472831775373e-06
334 9.59497117062923e-06
340 2.9362100119973548e-05
343 1.0846753579974173e-05
353 2.7929805887124408e-06
378 3.75267327273368e-06
390 7.821928291644505e-06
426 8.304584055188782e-06
464 5.7223613273910485e-06
467 6.181472048924447e-05
468 1.6639028568224024e-05
469 1.93220076971656e-05
475 1.6692464472831428e-05
490 1.4609662868433465e-05
574 8.832164973972354e-05
576 5.914181360471486e-06
578 7.409667294387314e-05
592 1.2919876041185626e-05
604 5.097997509320452e-06
650 4.287492422276033e-06
671 1.7926757744958723e-05
673 5.250325455479437e-06
676 1.4156060227333327e-05
685 3.438330017373712e-06
691 8.941868859275906e-06
694 6.845326674408194e-07
703 2.8383360351797763e-06
248 1.7431263644557395e-06
589 2.0249008550973682e-05
690 3.671750363030043e-06
355 9.014649929078765e-06
586 4.484510308671152e-05
656 1.0463006349705996e-06
716 4.978598677028891e-07
161 3.6491746548501464e-05
505 7.693018667193771e-05
178 8.429075963948527e-07
229 2.39916956613184e-07
446 8.484115066096523e-05
131 6.896782897335353e-07
321 6.879948926851199e-06
