532 3.858022579875161e-07
641 1.326749683317104e-05
359 1.304138932819808e-05
304 1.7744629913882914e-06
417 1.11345541472848e-06
572 7.9913700439583e-07
87 0.0001861900350664548
170 6.774610189847339e-06
588 2.4054214288792483e-06
666 4.797409540105923e-06
717 2.1286592635525033e-06
302 1.805879720737048e-06
550 1.5283148592887797e-05
148 5.645421481589659e-07
429 3.743630866045777e-06
128 3.056790102115328e-06
153 0.00011760227987965689
219 1.3108649015452108e-05
624 3.7868268606635427e-06
705 2.0415250888319983e-06
32 9.590072838110641e-06
116 6.991591472429824e-07
374 3.2797469616674794e-06
132 2.024222560000121e-07
682 7.720257907925742e-07
234 2.956151678475883e-06
73 6.235671948604405e-05
367 1.3045383689727193e-07
99 2.839650215250821e-07
573 5.4669298944587605e-05
221 7.256679207019774e-05
240 8.376664525388926e-09
289 2.317325929881474e-05
344 7.534904980417476e-08
614 1.6639995004591796e-07
5 5.910672718287088e-05
660 6.281874639670655e-05
124 2.6204080677397394e-06
409 4.060116120295361e-05
568 4.531253683379492e-07
80 4.30900792565128e-06
82 1.695744551562647e-06
92 8.060696168337101e-07
230 4.449324060698593e-06
345 4.383925497486581e-08
457 2.6867265191516773e-08
541 4.609153655578169e-08
587 2.5411386757688604e-05
678 3.209244065061278e-06
316 5.866442287290666e-07
473 5.85075420980004e-06
542 5.505709944634372e-07
695 1.4921715617562356e-06
401 3.6157679750447815e-06
699 2.7661575861661867e-07
709 4.435656618027797e-09
218 5.381095350407118e-09
253 3.9299726001753517e-07
570 7.407643371370574e-07
96 3.288581795496217e-05
533 6.860793971088073e-07
565 4.9272138136515336e-06
299 9.268482612383708e-07
3 0.00014661802501977724
26 4.950984902129849e-06
89 2.4134856598854654e-06
182 1.1076236360385147e-07
346 2.1511503878849308e-07
456 1.536637573084648e-06
561 9.362378249132474e-08
121 9.811402328606385e-07
292 9.573578708257582e-06
559 3.643706449994499e-07
611 1.9910001215245887e-06
125 6.086000066604662e-06
610 9.542615375046032e-07
648 2.0779180187357883e-06
78 9.433749982157077e-07
127 5.79887896074329e-07
156 1.7202346869799933e-07
194 9.153556147109138e-10
216 6.983339883329729e-08
269 3.5534375476439454e-06
283 5.686541831922617e-06
358 1.2635608821016801e-05
387 7.03623474875556e-07
413 7.405989017517784e-05
616 5.266494461014346e-07
668 1.9937070369629475e-05
300 2.6455669406426808e-05
431 1.0318488130100746e-05
2 1.1777361648796449e-07
77 1.9273529113221748e-07
126 5.210549561380412e-08
133 5.3905095546639786e-09
183 2.9026550468955865e-06
210 1.703834081913061e-08
242 4.3346374690792886e-08
266 2.4140562758904685e-08
270 4.2739130492789297e-07
277 7.279715681243001e-06
335 4.455866999524111e-06
368 1.0315060100010453e-08
403 1.7718083767286817e-06
414 1.313583274602462e-05
436 2.3641037636088516e-07
459 1.4397911000972068e-07
479 9.565454829435056e-08
504 2.706033135187578e-06
517 1.3143383178268247e-08
519 3.64448985497147e-07
551 7.556285970092752e-07
563 8.283642513822193e-08
569 1.650437978956522e-06
605 8.2958114629184e-07
615 8.641788216494964e-08
654 8.414932142991301e-05
672 9.18848984931397e-05
719 3.501686068888769e-08
14 2.5442849705513696e-07
28 3.8450753688501535e-05
42 0.00010071739021643081
76 1.9553827679466454e-07
101 8.679709414717943e-08
117 2.002225727518149e-06
137 1.1719233803867424e-08
247 5.248355340013068e-05
271 1.1599526562200526e-07
329 2.4101923272480687e-05
402 2.059227362561428e-06
410 2.0722670051466054e-06
458 7.057920203235024e-07
484 0.00012434498425688213
516 3.8051247565095714e-06
520 3.338006226754866e-07
540 1.6252571931587725e-06
658 3.275121146956015e-06
665 1.3221880782958818e-05
670 3.447211952185524e-05
