48 5.4261335470652345e-06
47 5.613211985122567e-06
171 2.9397582726549242e-06
543 3.0346265425937337e-05
373 7.109079000905566e-07
669 3.0024950545769964e-06
521 9.770113202649114e-06
495 4.512075043234361e-05
518 2.369556110283021e-05
33 2.7738245915226677e-05
11 8.77619526466777e-06
596 3.5858447302940025e-06
562 2.344977497135929e-05
675 3.684143121015274e-05
251 9.177922056074351e-06
500 4.638793018787544e-06
56 1.2040644783548976e-06
509 1.1055079463233836e-05
584 3.817383031511849e-06
320 4.040756572010269e-07
333 3.993222982356584e-07
30 2.6009243760139404e-05
123 2.0534809015900787e-06
237 2.6383309144666155e-06
258 4.9903893146881696e-05
502 7.5709309177987496e-06
634 6.155925260466848e-07
35 1.2154841090039502e-06
36 3.5765499014118567e-06
40 3.032710526117505e-06
43 1.7767849734010982e-06
44 3.7897653435468757e-06
46 3.985291214070049e-05
49 2.821282451035093e-06
176 3.0210991120839417e-06
297 2.8758459229248956e-05
312 1.877222436589199e-05
314 9.1399199940252e-06
323 1.0016777020983372e-06
327 2.376360903780783e-05
328 1.1912284103867292e-05
332 1.9148851332314293e-05
440 7.693946198305436e-06
444 3.835105246943231e-05
472 7.240910348762929e-06
503 3.917226398845022e-05
508 2.164081533285889e-05
549 0.00012991525110166036
554 9.078237312933864e-06
555 4.279532459617349e-06
560 4.067635457341019e-06
571 8.063675804331564e-07
593 1.1090509773489767e-05
659 2.2919598794226905e-05
662 2.076921358296681e-05
677 7.660532631971609e-06
693 3.403618131734274e-06
697 1.331158794019358e-06
704 6.5444545964357525e-06
20 4.49555292370306e-06
113 2.938742926182425e-06
122 1.0002779410949077e-05
141 2.510122484543663e-06
184 4.7736066620586386e-06
192 9.732706625543419e-06
245 2.6699127930477653e-05
547 5.782065391098356e-06
583 1.3233608078841078e-05
544 4.2234415418377854e-05
222 3.475018071681963e-06
546 4.0054662436140824e-06
