16
0.014034929654025764 0.01290748649472481
0.0019838104631656516 -0.00228158969388337
0.000623763639318113 -0.0019629010344052672
-0.001378053045884593 -0.0011616264061117723
0.0067212091637220365 -0.0040063445018034315
0.005468070934254432 0.010763813627646947
-0.008082859453316497 -0.009617999691397356
0.0014890829321248763 0.004232635114025344
-0.015437494895307003 -0.003931268921124992
-0.0033289493738279416 0.01999086618938665
-0.0011990504002472144 -0.0012751259807336685
-0.0020531973764328156 0.00037557720998403525
-0.01727206564029235 -0.001850845070298592
-0.013680764568779797 8.322954099292067e-05
0.0023878793353830875 0.003919154619392518
0.0002689458412402951 -0.0009473549753777954
