16
-0.0034641864007744732 0.02052406039590272
-0.00039953650734510514 -0.0008980198305320054
0.013385270329673363 0.015334946568556133
0.0078000662358290555 -0.004375638758718178
-0.00577660827442145 0.024330604759756045
-0.00030993258523188613 -0.00030102068864836624
-0.0003597493689178452 0.00015946184573334917
0.0011926622366821927 -0.0007072174967237099
-0.005762997198179703 0.022988566391132385
-0.0007227910292494764 -0.00031222807631988846
0.00017349487291865793 -0.0004963948123422807
0.0003967013141371894 0.001334710200998585
-0.005880178872971289 0.018171901072758477
0.0011789341127768026 -6.5451393441722905e-06
-0.0009804179953334915 -0.00012603306236651205
-0.008976449926402551 0.015788671519451822
