16
0.004241952739178547 -0.02683785786853756
0.016606610711870425 0.002670080589044595
0.011469754302983347 -0.02562377969202981
0.014097262815821358 -0.029025995321964135
-0.00033431003592845714 -0.020159727049592378
0.0066060736966213 -0.0021738099136050823
0.015210309295529734 -0.009361493781929835
0.01370359798956876 -0.012492103303264617
0.00041982115741473534 -0.018723143528811305
0.007741974110739511 -0.0033696150877709145
0.014853509548089462 0.0027653168164059627
0.00916711925648507 2.623361453639517e-05
0.0019203773519412906 -0.006267953585585744
0.012187540256039193 -0.0005951767689963328
0.011514683911345015 0.004886730216659559
0.004947383083151929 0.020268890482129782
