16
0.06970667681723565 -0.04330875176995862
0.05988162135655418 -0.001284316520446973
0.05553195893550675 0.038170022197379944
0.05795445075577237 0.058440532539395997
0.04526382416757316 -0.04181318424388442
0.04282430645045579 0.002797844427639927
0.04272418550874912 0.0407193537664275
0.04490861891810963 0.05922707019953603
-0.014196572475009566 -0.048093893875790585
0.008066183156517784 0.011805040692190726
0.019815355229898367 0.052069749830302096
0.024138399195545734 0.07214626060199446
-0.03633436438635009 -0.0480277943535448
-0.01821486815188234 0.01407338777595497
0.003896378325619386 0.06240588731910261
0.010375582236370874 0.08762223837259873
