16
-0.0003790724493257315 -0.001454765711663704
0.0012561559681101165 0.00222085457493464
0.0006260100728910803 -0.004437201349474648
0.014087000125122949 0.026511645334985443
-0.00048522374589743536 1.2807135177428797e-05
8.586243998108681e-05 0.000717773795593689
-0.000943814970527122 0.007789691228820567
-0.007780901086223868 0.015907606152283187
0.0005954704139342353 0.00015247575730002996
1.3173960892692069e-05 -0.0006071002404647979
-0.007810004457868132 0.018499962858016143
-0.0061594605181037555 0.017327243399079886
-0.0007136501251507901 7.670760882551837e-06
-0.0012416242439875177 0.0006628454110444627
-0.010015178623909009 0.021527098570453963
-0.0026014500991027923 0.01840433345243732
