16
-0.007412468022089 -0.002918682891206289
-0.018179099557023494 0.005670707316385315
-0.013886062561802453 -0.006617264155777727
-0.0010055310865735567 -0.0024446829451533034
-0.017341422114245955 -0.003042519554035524
-0.012734522313077017 -0.010768207387006117
-0.003254505319088664 -0.015280594509476445
0.001969390996175352 -0.014293213265679944
-0.01041647609930071 0.004179591670717542
-0.007366136649846287 -0.019709892422730226
0.0006961596954072475 -0.01822901354884088
0.006729631310635659 -0.018394604016286748
0.026814235762890288 0.02852270145926102
0.0065448885349983395 -0.013918626668622359
0.0039597895532328025 -0.011297222341188748
0.012547128521608915 -0.011896802217440168
