177 1.5481824376622374e-07
242 5.3088373648526735e-08
448 9.60626098571375e-07
373 1.4566560646746195e-07
65 2.332393964121056e-06
294 6.512908879860176e-06
378 5.747566003561046e-05
185 1.1871461158340676e-07
174 7.060560002696726e-07
287 8.43478264759299e-06
304 1.4711975801059159e-06
314 2.0283873385583354e-05
366 2.1633646725968207e-05
193 3.17718878736623e-08
52 4.2602117449274116e-07
669 3.550487347240917e-05
135 1.9906354440670967e-07
302 2.6330447572033035e-05
372 3.198399768496469e-05
431 1.3442888541909494e-08
125 5.388164492237878e-06
498 9.38781856318736e-05
370 1.2502383716297907e-10
414 1.1233136483750368e-05
424 9.22790902066218e-09
428 5.215582444857026e-09
430 5.452255345305588e-09
523 4.571038997244667e-06
4 2.8759557060185474e-07
182 1.984381919149216e-08
175 5.31360749538507e-08
607 1.2858693396841541e-06
119 1.469721303510563e-08
176 2.0724765588684696e-06
181 8.129596392572128e-08
112 6.23180957778243e-09
240 9.266160787576874e-09
396 5.265108781171299e-09
421 2.218376669345638e-09
427 3.2406230948302557e-09
446 5.850205050344394e-06
518 4.3069410401881335e-07
558 0.0001148322910727014
299 3.0399776786278216e-05
313 1.7962539444595918e-05
465 3.06021123320067e-07
509 4.629059629639583e-06
189 1.1648089793383758e-07
340 1.2676328575472992e-07
371 3.231273196786722e-07
78 1.1918994266514071e-07
528 1.3202852010730492e-07
53 3.053547625119363e-08
66 4.935338297415267e-10
83 5.043800262559478e-10
108 3.298848796584765e-09
118 1.2640464702860901e-09
137 5.422483352831881e-10
197 1.7562839884931025e-07
350 6.568422374476913e-10
45 5.200528301203678e-08
483 1.3925743696906362e-08
111 2.811423665243676e-08
138 5.806121278853967e-10
194 2.3064524757170467e-10
218 2.3083507227478133e-10
258 1.2012739277194427e-06
261 2.460122704199837e-07
264 6.356560186423726e-09
293 1.1723125422220264e-08
369 5.152721678459685e-08
203 2.2399095559942908e-07
212 1.134228575777174e-08
216 5.264622105483242e-08
220 3.27261028703006e-07
221 6.408942527037285e-05
233 4.157900154699589e-09
234 9.701647051887554e-10
236 3.879137881254231e-10
239 4.409662158259218e-10
243 1.0445429198892077e-08
263 1.201147074784606e-08
272 4.068806339104863e-08
273 1.2864432719890756e-08
277 1.5480880547259655e-09
353 1.1415812216033831e-10
425 8.259817227018574e-10
452 1.3972373657214729e-06
515 3.017088022351251e-07
525 3.427049584391072e-06
529 1.3108144069237263e-07
531 4.0208414570692265e-08
533 3.2776362886423614e-05
534 2.589649538176301e-07
535 1.194138993433673e-06
538 5.55186744388718e-08
539 1.0705271182939258e-06
540 1.4529872196646869e-08
563 1.0156539548413408e-05
613 1.0739284258162964e-05
624 4.2845699353218535e-08
640 1.010380114272561e-07
647 3.3724971219314154e-08
661 3.2370303875228555e-08
730 2.6309246033456015e-09
6 3.848104897485889e-06
7 8.75534160605275e-09
8 3.254077079723227e-08
14 2.5148426651303365e-09
64 1.3339549785968647e-07
101 1.9689922147380978e-08
201 4.751326261767869e-06
312 5.806310380687986e-09
318 2.7588430567012313e-07
346 2.208812556691476e-11
439 9.710206303741265e-08
442 2.580515625762776e-06
445 4.9749563457464676e-08
450 1.2178775980931694e-08
464 6.337399960029972e-07
468 7.357322961552638e-09
480 3.1709925821107337e-08
526 2.302992806859713e-09
543 8.14681875793489e-08
546 2.229046719539251e-08
549 5.2998968148445945e-08
572 7.985886945899833e-09
608 7.977158146764204e-08
609 6.402251347935658e-08
610 2.301310227285716e-08
611 3.518002773132797e-08
620 6.183718876867375e-08
622 8.71029729188712e-08
625 2.609762803185291e-08
626 2.7099622221268355e-08
628 1.3253514485287732e-08
630 9.974262444766933e-09
631 4.610055240285709e-09
635 1.4868371590590497e-07
641 4.664097091271854e-08
643 1.211848362270192e-08
649 3.209751463737972e-08
650 2.824565540378205e-08
652 1.294174550331998e-08
655 5.3329045325791244e-08
656 5.123135893050483e-08
659 2.6120063137983e-07
61 4.81950920704802e-08
95 4.619616101261782e-08
106 2.4841604158699625e-06
148 6.001043627768028e-08
202 1.5991622565856567e-05
208 1.4723872226459158e-07
217 9.21590754298833e-09
248 1.8220658783232623e-07
268 3.0343813797615503e-08
310 0.00010551044747562892
544 2.0252108198741635e-06
13 3.877211918722892e-09
24 7.405712048450451e-08
62 1.9722703505674358e-07
71 4.0866637183496153e-08
77 2.8869362105966435e-09
104 4.366109299361464e-08
121 2.0866302026824073e-09
132 4.8567007555826103e-08
134 2.097633604254939e-10
150 2.8422770508574675e-10
156 3.3756011970796665e-08
180 8.096661770710399e-09
200 1.610155838164895e-08
256 3.879051224183763e-09
262 2.0938278940122357e-09
265 1.2551118162974013e-09
269 1.5920213307445072e-08
276 1.1727018634937575e-08
281 8.549230869665371e-08
284 4.8303884446796e-09
292 3.0505217178597584e-10
303 2.4748203784563037e-10
309 8.264134944188302e-08
321 2.074351559691147e-08
339 2.9285146905358417e-09
348 1.5779277645281816e-09
361 1.2405513476290278e-05
387 1.7789397010247063e-09
389 2.6042871631476435e-08
394 1.7808138406371323e-09
406 4.104030180696726e-09
451 7.955430179752906e-09
455 6.024637282451003e-08
462 6.356915813740287e-10
492 1.3575357212129466e-07
499 4.47275419004741e-07
514 4.4366403096884764e-06
550 4.664493943354463e-10
612 7.023365595848796e-08
615 2.3176267870128575e-08
632 1.0027731289666771e-07
638 2.534566297802251e-09
645 1.5011382827418172e-09
648 2.5097791619286688e-09
724 1.3607935575834094e-09
731 8.770272243902011e-10
55 3.26973279706e-07
57 2.482396413557358e-08
105 5.5873549936881446e-06
127 2.1331789387799077e-07
205 6.840461680636253e-08
222 4.410709438768647e-07
249 3.910136699296797e-05
402 9.946189807975295e-10
408 8.817057157222544e-06
411 3.8286780892227894e-05
418 7.838938100684844e-09
475 1.05758160491692e-09
504 8.161970302325873e-05
536 8.200648438092904e-07
537 5.317188461570845e-06
551 1.448632630086751e-07
575 2.4067450335591824e-05
583 1.0667356198054143e-05
616 2.8147758885144603e-07
617 0.0001349968770246667
621 1.0950124762762901e-06
629 9.670682422960713e-08
637 2.2697195272887067e-07
651 1.0941963024601117e-05
658 2.513806748313799e-07
678 1.40242700637585e-05
729 5.964821411983938e-10
16 2.0991066688003548e-07
23 5.797454125126132e-08
26 2.1309412286645653e-07
50 6.542225031851474e-09
58 5.930191258456357e-07
68 5.495068829119595e-08
69 2.0825692994075523e-05
70 4.748714998186906e-07
72 3.0564656304479387e-07
74 8.030637374439253e-07
75 2.449943085677995e-07
81 5.131585691541589e-07
82 8.294045120709316e-08
84 3.647639410361441e-07
85 1.399265912650942e-07
89 4.2597440408697566e-07
126 3.215320696009266e-08
142 9.998755543775576e-10
151 2.4211429772730427e-07
152 3.9844828123181e-06
154 8.273833225614403e-07
195 5.756488525932932e-08
215 1.527141909620759e-09
241 2.658187203086777e-09
290 1.0061564822548375e-09
311 1.550934381833513e-06
315 3.450014422971284e-05
384 2.467799893007644e-08
386 5.1324056739031735e-08
390 3.860155994836264e-07
391 8.481005471982087e-09
393 1.5953341463451595e-07
395 2.11475607672404e-07
398 1.3444504365093937e-07
399 1.4128514645695465e-09
400 1.0689339787782859e-07
401 1.7333423984377534e-07
403 6.822434756304555e-08
404 4.686087614168501e-08
405 6.165574259093847e-08
409 8.056749518650358e-06
410 1.143533365855172e-06
412 7.435229060554198e-08
413 1.323454105465119e-07
416 3.1274784560301996e-06
433 1.9952079375615102e-07
434 6.241808875446081e-06
436 4.0995537134069093e-07
441 1.8596832304450848e-06
454 2.980782923024477e-06
456 7.663548936483521e-08
459 3.0673108752119125e-07
460 6.056529868916327e-09
461 1.2114037847106743e-07
466 9.867883680535046e-08
469 1.7734389138873828e-07
473 9.829386650892338e-08
478 6.542720413663287e-08
481 8.149950877601513e-08
494 0.00022808223844936575
506 0.0005302850122800512
519 2.4475988468478197e-07
521 9.967961001773592e-08
522 9.823215619383004e-07
541 2.207682590336995e-07
545 1.8619541455713706e-07
560 7.88157099259021e-07
565 7.85255910424232e-06
619 1.0701416835510532e-05
627 8.947142605559991e-08
642 1.1406120811162753e-07
654 3.928642950126879e-07
657 3.9710896257004464e-08
710 5.2726993736626326e-08
720 4.510948748153808e-10
721 2.1002126193221994e-06
722 3.73222360307396e-07
723 1.6509713688987024e-07
90 6.238189137049172e-08
103 3.138687805207011e-08
207 1.3776192316394624e-07
210 1.0827560515972523e-08
213 5.587608931408875e-09
246 1.7885915152194971e-07
267 7.672594640614533e-08
274 3.5255470201218445e-08
283 1.3888799812410379e-07
458 3.127883780522345e-05
493 7.604851072153948e-05
2 4.915191561772361e-08
15 4.766553635798829e-08
22 5.280563035837772e-08
54 7.517746471868891e-10
63 3.5521762239756837e-09
67 1.5384161052137587e-08
76 2.886936210596615e-09
79 1.1503546135987069e-09
93 5.805670996859111e-08
99 1.0787135849257585e-09
107 1.0036479046174297e-10
198 1.5898592668125168e-10
204 6.296450307971482e-10
209 5.948977360210166e-10
266 1.543195708042069e-07
270 9.312869329181723e-11
282 5.133909382224398e-08
289 2.7246050044000535e-09
296 7.187616166350837e-09
305 2.162223374142623e-10
347 3.4719720593595612e-09
349 1.7166773586304223e-09
351 3.042865299477402e-08
388 2.156971285170225e-09
440 3.273062262860384e-08
457 9.294707671908387e-08
633 7.752963657844412e-08
636 1.4581940556122646e-07
639 1.3773487685480587e-09
646 4.7706985749758814e-08
653 2.7190004054923726e-08
692 6.5714117168696665e-09
725 2.2471018525361896e-06
91 1.9353625753345793e-07
98 7.267459974968597e-08
726 7.994676443955758e-08
100 2.4320066105084073e-09
363 9.9747205668239e-08
385 5.2718981830188686e-09
297 3.338151316199931e-07
92 1.6443923221919712e-07
97 1.3819542910218825e-07
199 1.1201712705120662e-06
300 2.3426904267513712e-07
102 1.2055854245074172e-07
133 9.886545653135863e-10
140 4.657438477519628e-09
146 7.340160064962246e-10
117 1.1486979718945253e-06
280 2.2065422332582826e-08
227 1.1974295652783873e-06
574 3.5568546259186994e-06
397 1.445047329323217e-09
172 1.0529817787441107e-05
422 2.8502758783496663e-07
109 7.070749468909817e-07
86 1.0631810916439086e-07
190 7.907617655552946e-07
173 9.151426644351752e-07
123 2.7848075559607505e-06
438 5.96475129458409e-07
252 2.120585827201683e-06
