184 4.087683101590553e-06
188 3.607097324160228e-05
486 1.2359928296558691e-05
329 7.972349420506472e-06
358 2.8262999080527033e-06
562 1.5181907110876594e-05
10 0.00015002975199533643
38 5.086511060757487e-05
96 2.3858693896999153e-05
128 1.8753532411221089e-06
159 3.278234738816703e-06
162 2.0966257285072547e-06
168 4.028292239013675e-06
219 5.284890991255805e-06
328 1.943147352347311e-06
331 2.0147887449783926e-05
352 5.53178775960442e-07
485 0.0001519049529182188
520 2.705636854706146e-06
532 1.2243285526176698e-05
584 7.851900907496609e-05
320 5.06641966141789e-06
5 6.067132112751217e-05
60 6.187214734312763e-07
122 2.8085116353939125e-06
153 0.00010669782524796271
161 5.246667901630025e-05
164 1.7098699473204663e-06
169 3.2689907947803615e-06
278 8.053758184665394e-07
392 8.268226990378369e-06
447 6.457370061618761e-06
712 1.1057357768972741e-05
27 1.343058474655703e-05
155 2.416422593283935e-05
407 9.744378497559277e-05
341 2.2584407154200433e-10
12 1.0384645034870007e-05
28 3.620868338355426e-05
275 1.0657682170707809e-06
476 6.013808391444994e-06
578 1.3078981234439423e-06
683 2.9505158124182506e-05
183 2.22938598073357e-06
496 7.329272158009111e-07
144 4.594571819084623e-09
110 1.0820905815611246e-06
449 8.525161852112022e-06
693 8.665286358907533e-07
690 1.0619294815788363e-06
364 8.239327540738723e-09
588 7.023397232435573e-05
345 1.1978626917004027e-05
271 3.222521854838039e-06
691 2.6736104775036647e-06
365 2.451742271335661e-05
423 8.828979543968475e-09
524 1.9115432776787356e-06
698 5.2261114538629526e-08
288 4.505970395477622e-06
214 2.1782341456488884e-09
317 5.9077538227135185e-06
166 5.956003014328172e-07
377 3.278153097019035e-06
124 1.4543241879187717e-06
116 5.615526341153584e-07
