0 0.0001899038176456234
1 0.00010661640195605218
3 0.00016443343457850352
9 1.725990546491548e-05
11 2.509039295359696e-06
21 4.622784852847755e-06
29 0.00017993542146320715
32 6.8623193752186234e-06
33 4.646859875774917e-06
34 4.028373433372531e-05
35 1.0524498549584672e-06
37 7.401285451147929e-06
42 8.551946650294534e-05
46 4.335136801534756e-05
47 5.002337493201191e-06
48 4.822042425621326e-06
51 3.0027399355931333e-06
120 4.637873636364677e-06
145 1.0154486777285265e-05
147 2.662617949309506e-07
149 1.707692111577042e-05
158 4.22830667363837e-06
160 3.7308117342479222e-06
163 2.6123317263171887e-05
165 5.9337927165851914e-06
167 2.460306011707563e-07
170 4.45044434819695e-06
196 2.340183915514902e-06
226 4.325240757405575e-05
232 2.349643284966327e-06
245 7.896490371993735e-06
247 2.5607549894967557e-05
251 4.858885940847369e-07
257 2.3608120782813207e-06
259 2.0382740383634784e-06
279 3.0993650769799954e-06
285 5.487327238549605e-06
286 1.9347209118794557e-06
307 3.020038543333643e-06
327 4.934027614895534e-06
330 1.1475205531244345e-05
354 2.0443620571159304e-05
360 2.918620128825344e-06
368 3.81780625797609e-06
381 2.1460271897431844e-05
415 3.335790094155605e-05
417 4.345283901383587e-06
420 8.192564210898713e-07
482 1.1983241687614937e-05
484 9.144880011521305e-05
488 0.00010866150400254765
489 8.205968178071371e-05
490 0.00025770658638735373
491 3.843886420541244e-06
507 3.5571382297734434e-06
510 7.3973045807496415e-06
511 3.127709297604718e-05
553 5.5107799213535344e-05
567 3.0253336239077027e-06
568 3.3978315080491834e-07
570 1.1110456270622649e-07
571 2.543115730357034e-05
573 2.8802356421653266e-05
576 3.3636510580313057e-06
577 3.33506945777083e-07
594 5.495426657252429e-06
598 2.328095646868148e-06
599 4.771690020145628e-06
600 1.0905551506254371e-05
606 3.456124270192311e-06
618 6.291642905938387e-07
663 2.755380462467815e-06
667 4.152793762550723e-06
671 1.5381000762461226e-06
679 4.097110507328697e-06
681 1.2665696508103915e-05
686 3.1519985326133606e-05
703 1.7358851397493874e-06
709 2.7683614515138835e-06
719 1.0022573508151273e-06
41 3.040117210743596e-05
73 5.923360367176433e-05
235 2.3389274896074288e-06
374 7.127844421821749e-05
479 1.5382840425194755e-05
362 3.534721512624562e-05
474 1.4896890710771725e-05
463 1.4672787119042463e-06
255 2.9604603077987277e-07
254 4.067447588700969e-05
676 1.409325403172524e-05
581 5.154369441345211e-07
444 4.616119273414122e-06
