17 8.786393338376962e-06
277 1.670210596362969e-05
360 4.4594121756189766e-05
255 3.2389370603605707e-06
196 4.195067263738273e-06
11 1.7347583398364498e-05
33 1.5132063980274446e-05
478 1.3383506080681553e-05
657 1.3759293470665471e-05
558 4.655638646885599e-06
37 2.572648998893878e-05
167 1.707323347416751e-07
284 2.7877521998469344e-06
305 3.625698328699736e-06
358 9.219025614062703e-06
471 2.548707072258026e-05
414 1.1969046379237187e-05
366 5.292472541505581e-06
653 3.761350236996605e-06
41 2.694799917059982e-05
670 2.4596223001355703e-05
668 1.2270761653816303e-05
672 0.00011099465096814079
231 2.474981815523604e-06
317 1.7975938872303676e-05
567 7.316695934608561e-06
676 1.2389893430643147e-05
708 8.248214076715403e-07
691 1.0824792255148243e-05
59 5.236194397877674e-06
39 3.3818207740965238e-06
179 1.419744380063059e-06
223 9.796690805615608e-06
296 2.711248638841459e-06
325 1.1501751954558953e-05
377 1.5933281735196919e-06
538 9.452679088187198e-06
581 2.2809465783152214e-06
624 2.882058103647376e-06
664 2.5777524491369994e-06
674 5.480108508317016e-06
550 7.243071604162832e-06
460 5.075751403384968e-06
572 6.237018462420848e-08
652 4.559851500829806e-07
698 2.724988909402512e-06
684 2.743464875834243e-06
136 3.5827370587810724e-07
187 3.344190605467784e-07
324 1.1773845074522288e-05
330 3.0234273889049653e-06
341 4.373323891241206e-06
354 2.1985923487847013e-06
380 3.53373466503073e-06
450 6.0149775102653805e-06
475 1.4754492976780714e-05
498 1.4892866988276677e-05
501 0.00010699200782721386
557 1.214447411311336e-06
577 3.59656564033248e-06
582 2.4224710686819436e-05
613 2.724783979947057e-05
661 1.1558401037363345e-05
663 6.855892811471746e-06
683 3.1504661747071277e-06
694 9.614886934000638e-07
219 1.2051779458728944e-05
228 6.795214639449628e-06
381 1.7499918874602397e-06
441 9.449108087870516e-06
496 6.76098510083583e-06
689 1.286272770543057e-06
696 1.1949298033107232e-05
523 3.09819667489408e-05
