31 6.612856089949549e-07
43 2.276793047561585e-06
51 6.338202308442272e-06
56 8.541442658649961e-07
88 4.897384062882745e-05
94 2.0834585460285753e-06
96 3.8183123226689876e-05
130 1.2410785396594726e-06
131 1.128374540824654e-06
178 5.032601370085062e-07
184 6.217805523845193e-06
186 1.9383812183221e-06
206 2.7502625361873813e-06
222 1.8003559927092975e-06
224 1.312393131606523e-05
227 2.4377145321723633e-06
236 3.649983175435454e-07
237 2.2918511664680638e-06
248 2.2691781335412668e-06
293 4.0158800608772534e-06
299 9.306395548278128e-07
314 1.2393077687026428e-05
318 1.2796565153293837e-05
320 5.805239363534844e-07
327 2.246412597345901e-05
331 3.707110522780003e-06
333 9.24278041855478e-08
334 1.0303320940774373e-05
335 4.405144840684759e-06
336 1.894697366991682e-06
340 3.03256212832263e-05
343 1.4950096741302986e-05
355 1.0440185833053054e-05
373 1.3423455263383603e-06
378 2.7328488072680644e-06
416 4.3790586499932736e-06
446 8.392616636821594e-05
464 4.4392669227535706e-06
467 6.55131291511462e-05
468 1.6634624793415495e-05
469 2.382841252527903e-05
473 8.88982509169774e-06
490 1.2391854048899278e-05
509 1.0775072096038474e-05
521 6.853913828210063e-06
543 2.2135211006715136e-05
546 1.9283750529414413e-06
560 3.9402004260972585e-06
576 6.752276449776794e-06
579 1.3222451333182404e-06
580 4.605308496634358e-06
583 1.2364861665020811e-05
585 3.706842918905603e-06
586 4.557979876730364e-05
589 1.3403346039616935e-05
604 4.868284623656575e-06
634 7.680164608970782e-07
650 4.600693082689409e-06
654 6.844136908260514e-05
655 6.675368513522488e-05
660 7.259412817765762e-05
671 1.0410559878385543e-05
673 4.885631933818808e-06
677 6.57675987036292e-06
678 1.6691764617925252e-06
685 2.720407849178127e-06
688 1.0698562775106697e-07
690 4.307849943649909e-06
695 1.8630496140255086e-06
697 3.1215661071072804e-06
700 2.8527878506506397e-06
703 3.2688034934023345e-06
716 9.586276199638167e-07
495 3.5495518940392785e-05
115 9.109144475838601e-06
587 2.6580711540933043e-05
