0 0.00011999189423482558
1 9.712340554243022e-05
3 7.498670816881668e-05
21 4.44034185487804e-06
29 0.00011937819816882471
34 7.106951762757918e-06
35 8.421135126749393e-07
42 1.2913440932606455e-05
46 2.2759204507014293e-05
47 1.8594662828485214e-06
48 1.995013254997882e-06
57 1.7065466339506674e-06
145 4.298629632715825e-06
147 4.41807081044431e-07
149 1.0927782311003317e-05
158 3.7506454811454364e-07
160 8.226485538594063e-07
165 3.626116887047203e-07
170 3.7036410029838252e-06
283 6.528600039790891e-06
352 1.9150886680271955e-05
379 1.6423834773697007e-05
420 1.6448347744087843e-08
484 6.813394449683738e-05
500 2.5379490966185438e-06
544 3.274895751951991e-05
564 2.8494410430163677e-05
593 9.837744861163741e-06
594 9.544638597047692e-06
665 1.2780866251901768e-05
214 7.0429100940775e-08
667 1.3602080805371755e-05
368 2.853228803034305e-11
