434 2.593127412630911e-05
571 1.5554588020822463e-06
171 6.640943391524995e-06
656 2.3327162848792417e-06
555 4.149798719732816e-06
592 1.3900261940029506e-05
440 8.107262721949756e-06
444 2.70865277562429e-05
508 1.7816131868080458e-05
9 2.9159379406387387e-05
554 8.404697715166263e-06
549 0.00011522642233998786
480 9.49896448104185e-05
251 7.68539663764001e-06
312 1.501215583644825e-05
502 7.117104627629876e-06
503 3.734944668338304e-05
659 2.5778665732909524e-05
302 1.7484522610775541e-06
435 7.87355779288651e-07
547 9.536907459899884e-06
675 3.325983787447219e-05
505 8.047705252855396e-05
353 2.888629068379625e-06
323 1.1570628377361041e-06
328 1.2721444610528521e-05
297 3.0193305162629958e-05
702 1.824789860043267e-06
113 3.072029824188449e-06
123 7.287101013467262e-07
129 2.1928424420964097e-06
141 2.0909284351302517e-06
176 2.480088442520907e-06
243 4.878238086599788e-05
245 3.4696108258701416e-05
249 6.907705632906197e-07
257 2.3076062235941343e-06
332 1.9176498966977413e-05
342 8.002281897922537e-06
417 1.058239308783462e-06
423 2.114723696464862e-06
432 3.0499407668318203e-06
486 0.0004549625286323401
545 2.4453319507865143e-06
562 2.4494360020746423e-05
590 1.2034092766336419e-05
596 3.4690071967358497e-06
608 1.2634285440833316e-06
705 3.5288961170511498e-06
32 8.103656576168328e-06
692 1.782004857400157e-06
584 4.1181359716105335e-06
717 2.004153679637614e-06
143 7.962321113477354e-08
533 6.783109123242004e-07
128 3.339018807932561e-06
122 1.3299216490580675e-05
258 5.8730907783932675e-05
662 1.721987683223739e-05
229 4.5786420529367607e-07
666 5.122170521327809e-06
704 4.890369232497325e-06
87 0.0001761595848537447
192 1.3109254115154613e-05
211 8.08665608465331e-06
