66 1.1338896172631485e-09
120 9.416560660816282e-06
239 1.3711606499204379e-08
487 3.5668083526275024e-06
172 1.2288190135011388e-05
510 4.650232046160675e-07
425 8.655893797199174e-09
603 1.0085053473911064e-05
413 7.364408400497319e-05
73 6.234485731421984e-05
127 2.2003323417013482e-07
369 3.347822635391837e-07
388 5.421092094762274e-07
399 4.490531197009567e-07
407 1.0113032866655987e-05
418 3.795192211570411e-09
438 1.2861302721049897e-06
443 6.706402652199808e-06
451 2.9728414574642944e-06
516 3.0556471569806e-06
712 2.3396723855342024e-07
321 8.486528553850168e-06
6 6.0126390386540435e-06
45 9.841883259738144e-08
72 3.477842512668787e-07
81 4.566166728722794e-07
84 4.440427939552669e-07
86 2.0814058126298597e-07
189 1.9155365740919153e-07
195 8.996494592327998e-08
201 5.2983369739470564e-06
234 3.0185764379280497e-06
285 8.308984670494123e-06
292 7.183454176463927e-06
295 3.877315057908272e-07
306 3.442795773062637e-06
313 3.792248942697046e-05
393 3.680873213997055e-06
396 2.49216457543428e-06
408 6.988895150309655e-06
411 1.033085106600835e-05
449 8.980761900016096e-07
456 5.101679118659902e-07
553 1.8361969029618628e-05
609 1.1870327551724015e-05
58 6.215500332452886e-07
82 2.654723441261616e-07
151 9.399759827975327e-07
190 9.47737662284981e-07
316 3.3524325946097803e-07
364 2.2500948596685988e-05
376 7.51546841895454e-05
382 9.05764280553453e-07
402 1.8261976532848869e-06
410 1.3088546753808558e-06
415 2.5954288837062818e-08
419 4.1454782739160993e-07
427 9.764649454587373e-09
433 5.095460789669714e-07
458 2.291524042925963e-07
461 7.473899864120896e-07
466 3.288050424933961e-07
477 1.348113703728165e-07
535 3.124860620271554e-06
552 3.2165611971608405e-06
607 0.00016584042087630765
711 3.105639623128122e-07
16 6.197027945417745e-07
65 3.1708844359056455e-06
70 4.1010329173823027e-07
372 8.791249278501172e-05
391 5.202538916733208e-06
401 1.9846363780493092e-06
421 1.542201692560673e-08
428 2.1527467888101914e-08
575 2.576152587611761e-06
710 2.2356434967516618e-06
714 2.9307095349378046e-06
89 1.055373257917946e-06
114 3.312185062171439e-06
125 5.81900365723747e-06
154 2.070541042995716e-06
199 2.979334735366889e-06
289 2.736007950007665e-05
383 5.897820268795347e-07
455 5.499381756369072e-05
559 7.192938260612767e-07
202 1.595769934660864e-05
163 2.9522366937420098e-05
26 1.9256875540496716e-07
68 1.8963296606449076e-07
185 1.6697433357869745e-07
311 1.790756780093884e-05
27 1.5662371768985565e-05
74 6.567839234193666e-07
85 2.7107064348942724e-07
699 8.026701350590657e-08
479 2.8124312244964368e-08
105 6.160098985548985e-06
152 5.926275834167597e-06
250 2.443294226292642e-06
308 0.0001051824609956803
514 6.113175384408754e-06
561 2.474833600541345e-07
60 9.707172179465125e-07
177 3.493550527460537e-07
457 6.833696482081722e-09
565 6.33616741451405e-06
499 0.0005587755953539481
409 3.9522136778835334e-05
69 2.1651833131688614e-05
412 1.2535401609367576e-05
359 1.4110214969156578e-05
489 0.0004524355732004775
706 4.708974767808342e-06
188 3.204475960065377e-05
493 9.952889817079125e-06
191 6.1252060757013445e-06
398 5.801653975056499e-07
644 3.431617090553653e-07
453 1.645133055804473e-07
117 1.910729564360561e-06
511 7.975832130553089e-07
300 2.773095056850329e-05
513 2.1600433243423996e-06
315 8.694913488474218e-06
556 8.990909085002613e-06
71 1.2848595977154223e-07
406 1.0650984943324405e-05
497 9.093673898437499e-05
374 3.6554418101651257e-06
426 9.332781189720797e-06
384 3.8092385309047677e-06
403 1.287392765092352e-06
148 2.1205216289306445e-07
240 4.937878643395608e-09
709 6.18779915069497e-10
157 1.670555173303034e-06
50 1.6828060449559566e-08
106 2.568991239519657e-06
203 4.899667804305574e-07
462 3.5068529629012933e-07
632 1.803369638472384e-07
246 5.276752856456773e-07
439 2.511740641380314e-06
463 1.722620271469909e-07
244 6.015181586929389e-07
436 1.2556383201862882e-07
506 5.481445309423787e-06
532 2.777365000602483e-07
124 3.33341063633852e-06
470 7.228591542042124e-08
520 2.88790171977909e-07
641 1.5749898579832922e-05
326 2.381863847846085e-06
193 4.801960625919756e-08
507 4.5078081618814747e-07
525 8.156993401139026e-07
542 6.151025220782411e-07
23 7.893525873973723e-08
75 1.855104781953214e-07
309 1.5565315514466185e-06
356 2.8638668911908108e-06
474 7.214267536980896e-08
528 7.158424014573422e-06
536 7.639511914380254e-07
247 4.947004026691191e-05
431 9.779174552361168e-06
524 3.060855520920549e-05
392 2.1866805854255304e-07
718 9.758768251734078e-10
173 1.5371380222823615e-06
77 1.210991905104777e-08
139 6.170459047961271e-07
76 1.2109919051046764e-08
215 2.823314514295005e-09
208 2.60697261993701e-07
394 7.512379367127487e-09
216 6.602502800428341e-08
389 6.711599621325285e-07
205 7.979246738909485e-08
602 9.99872766802487e-08
422 1.875654534838849e-09
679 1.743168278720253e-06
375 4.602473743151048e-06
91 3.9694414467827667e-07
97 2.7651702512519814e-07
430 1.4828848608015475e-07
492 4.950379970400794e-07
526 2.1823611181513024e-06
530 1.2848730817792333e-06
600 6.442105975855126e-08
606 3.366930608381366e-07
612 9.419444711622206e-08
645 5.90904230175797e-08
52 4.905653950565163e-07
78 1.5664927303987474e-07
92 2.5435761912566e-07
126 4.0824914013453605e-08
207 2.9337176601122513e-07
220 5.084226447844973e-07
307 1.1685176944998215e-07
338 1.3823220319036487e-07
387 7.2050356801713e-07
400 2.221417719504113e-09
404 9.453437945006599e-09
437 4.4493993377131986e-08
527 8.674488247953078e-07
611 1.1695605492939835e-06
625 1.1820231215566099e-07
627 2.8528323822066385e-07
715 1.7284953333695584e-07
28 4.3785549049417756e-05
156 4.478123062808693e-08
181 9.274076323935044e-08
397 6.499133654317398e-09
622 1.0037448012744035e-07
515 1.645385152817771e-05
370 3.366662665942993e-05
226 1.2588461783330952e-06
322 6.573679299007311e-06
570 2.270609607767475e-06
658 7.40303821633601e-06
488 9.50960993983692e-05
80 6.76985312004363e-06
119 2.2331560925941244e-07
146 1.04066423877364e-09
288 1.2788182035224998e-09
140 6.004314527192284e-09
142 1.1026828110271303e-09
539 6.590221718428762e-07
365 1.3321627873917428e-05
472 7.463224974277985e-06
276 1.879262734907515e-06
272 7.709428231400653e-08
281 1.8171356951996563e-07
24 7.190527791791124e-08
67 1.3528843968264901e-08
90 1.0222485947789895e-07
95 1.1143208008995403e-07
98 1.25412798755641e-07
204 2.187856602917274e-09
209 2.797009304583908e-09
259 2.457573201241564e-07
263 1.862846062174444e-09
278 4.391168545656767e-08
290 6.410298304888245e-10
298 3.4224012903143675e-07
303 1.4721888264940219e-09
452 6.657427471158568e-08
537 2.282879243584685e-08
540 4.732673863301386e-08
605 2.5731669525582612e-08
61 7.575653464458576e-08
103 5.914455146511772e-08
150 5.550204276594658e-10
256 1.1855949585142139e-06
266 7.119314516443774e-08
301 1.0701489378871027e-09
719 6.22428201504164e-09
55 3.8252195281984907e-07
135 3.222945744485578e-07
197 1.7614315376046694e-07
213 3.347874673048306e-08
217 3.2222778803738584e-08
476 5.0010588164003285e-08
616 3.3478500563643415e-08
637 3.233453568933676e-08
649 2.503997686804932e-07
102 1.7914627980073697e-07
111 3.193164437012105e-08
116 8.977217995395025e-07
132 5.112046423633754e-08
180 1.2560239822385625e-08
182 2.5219059200004448e-08
212 5.0852397336790406e-08
265 1.1919875343726274e-07
280 5.101001478821486e-08
294 9.079562300868163e-09
310 9.191931568936235e-09
371 1.5894539364501683e-07
385 4.734807128291442e-09
454 9.886566087298746e-08
522 5.209147144245388e-08
529 2.623749099459271e-07
531 4.5891121177369857e-08
599 5.79533504561261e-08
601 4.4374668626462185e-08
615 3.2052427321238584e-08
617 1.1864090127334898e-07
619 9.017332561160191e-08
623 7.429353491664956e-08
631 5.128142143931891e-08
636 4.4634573322143314e-08
642 2.2069920559629278e-08
648 2.477892884747247e-07
687 8.984931618117129e-08
121 5.4083587358464605e-09
200 1.972668582733483e-08
270 4.5184577627223945e-08
279 8.582702353325912e-08
386 8.272719420313164e-09
405 0.00010517679336715268
551 9.295611657259223e-07
610 5.9310904431163166e-08
618 1.435538945623397e-08
626 1.6519357512949787e-07
630 1.12767141620478e-07
639 3.1368613616553615e-08
643 3.137592781933034e-08
647 3.697876530075052e-08
221 8.491021839707245e-05
252 4.291616907368042e-05
512 2.2481871492203734e-05
225 4.428396049072741e-05
174 8.037731773870714e-07
597 1.3500488216852447e-06
2 5.0876677046722634e-08
8 4.619188298098346e-08
63 2.9108694039432334e-09
101 1.931193025750858e-08
118 6.739860793433116e-10
232 7.343417514293347e-09
241 5.4132720052928994e-08
260 2.142439239548979e-09
264 1.526087708080097e-07
268 1.0410001065206472e-09
346 1.732037618889588e-09
534 8.430429492196153e-08
620 1.2136438209190236e-08
628 2.5238801847486186e-09
233 4.76607833174534e-09
7 3.756889692861811e-08
13 4.930455760807638e-09
15 2.2358051125736834e-07
22 7.425052709618354e-08
54 4.05794110988647e-09
62 1.9217808668769158e-07
64 1.301813888016818e-07
104 4.635463492224023e-08
198 7.698275525162114e-10
235 2.7517417440447123e-09
254 4.792188273455304e-09
261 1.4056192603822323e-08
267 2.28709917975344e-08
271 3.0550073833616454e-08
275 4.4106571001818305e-09
282 6.324711616840386e-09
287 2.5900101843459765e-09
345 3.406725173258567e-09
347 1.1551309639168518e-09
395 2.0415543789597496e-09
442 4.8771091406130725e-08
447 1.0047223984353392e-08
517 2.279308052137702e-09
563 9.906456217827806e-09
621 3.5963099154520907e-09
629 5.292058065591079e-10
633 1.0434147341427597e-08
638 3.5904219586187045e-09
646 4.640058803902541e-08
681 5.693657756475304e-09
713 5.012244689969077e-10
720 2.064081540578488e-09
53 3.7501914101204555e-08
79 1.9228278562671223e-10
93 5.715578155815329e-08
99 4.701158628668078e-10
108 5.001348636236188e-09
194 9.997386524792527e-11
238 2.667009874002039e-09
262 6.222651405982009e-09
274 2.0294863019508737e-08
319 2.0251314983224627e-08
337 5.434865684442995e-09
361 1.1352617556923593e-07
448 8.868584968107653e-09
459 1.6399107105463915e-09
465 6.211065233242733e-09
541 4.432660133068201e-09
614 3.622998748284953e-08
635 1.3605134334843948e-09
14 1.8048564741846347e-09
269 3.5650021930898596e-06
367 5.3392499745588605e-08
519 1.5901937219033085e-07
640 3.208771109913919e-08
651 3.5353757530964805e-08
183 3.8024623382082833e-06
112 5.915368827195119e-09
175 2.9305221736527374e-07
210 2.3194507000479277e-08
291 1.2873019442416527e-08
349 3.945993712579356e-08
598 8.785989350735884e-08
485 0.00014045794701318326
707 2.7699887158439396e-06
445 1.4314189073849731e-06
110 1.2069454230374068e-06
83 5.5659315904633e-10
351 1.2516624860002746e-09
107 1.2600919901762662e-10
134 4.268409096525819e-10
138 3.066070709871532e-10
144 8.663468342803558e-09
218 4.2337982994059226e-10
137 3.672987161930421e-10
344 9.850597298839763e-10
339 5.387272575361121e-10
566 2.6597927607181835e-05
242 1.9752167442460317e-08
273 1.2238983854246284e-06
