348 1.1956808120078708e-09
100 2.9104096627444345e-09
133 8.248382250523156e-10
568 4.6193052821111964e-07
424 5.593244521856193e-09
686 3.1819500620606015e-06
482 1.3896135488857754e-05
429 3.7241895565404283e-06
253 4.3790987755034776e-07
588 2.9427933612801235e-06
20 2.543834688954918e-06
30 1.4162544539884705e-05
230 2.750872744310088e-06
19 2.928796659955209e-06
38 4.460954485062178e-05
483 1.7735292655366733e-05
162 1.2438900712296187e-06
701 1.54492083779031e-05
164 1.246207277828167e-06
548 2.297581853564886e-05
595 1.2098701858036928e-06
4 2.5854772296867365e-07
10 0.00013314091360317363
18 1.2052525824438314e-06
109 7.625515174193812e-07
166 6.614102151691774e-07
169 1.8955123115551649e-06
350 5.804776293703971e-07
168 2.0446884672326963e-06
518 1.6251341076339248e-05
390 1.1482805769375577e-05
504 3.563716434097771e-06
494 5.210743558980883e-06
574 9.598447244914798e-05
578 5.848037173829433e-05
49 1.94489125992865e-06
159 3.0978107039271006e-06
155 1.5641660280712377e-05
161 3.679832854603679e-05
362 1.296541993405343e-08
481 0.0001196905778951953
491 9.219336505780345e-05
5 2.2450600341585723e-05
12 8.716653160411486e-06
669 2.6903154988746564e-06
591 3.1436285719388495e-06
25 4.683547854793129e-07
153 8.621814971597372e-05
304 2.3101336390853655e-06
363 2.3293700822280548e-05
693 3.3966775057611845e-06
573 5.691459563743123e-05
329 2.6795888917011973e-05
36 4.489589515827271e-06
40 4.415580032408173e-06
357 3.432133400224825e-06
569 1.7737405413933639e-06
680 4.323682125256496e-06
44 3.147947138627014e-06
286 3.6556401920717694e-06
682 9.671944367017443e-07
