16
-0.00860749301089747 0.0009107316878307878
-0.007306758181545741 -0.016239479302191315
0.018003067451605008 -0.034386512032385276
0.027752147951122786 -0.04092223476033132
-0.022501295505690817 0.015162526059985904
-0.00981425830586134 -0.01097063729032545
0.008533727075200939 -0.0267821858498425
0.011078919936250138 -0.031071732729148874
0.005809082169467831 0.009733448042559347
0.007450410913649096 -0.01246974019740913
-0.005803677745951935 -0.015773939995191066
-0.023104880688181197 -0.007607976709832675
0.030664553495639207 0.0004418956961352416
0.02419302660932492 -0.015962592846516917
-0.004140548200069365 -0.01565077009818429
-0.012213269033605523 -0.0020787256553093636
