16
0.04646175490564161 -0.09102862900076464
0.045371542612521215 -0.047963718959867785
0.05285533349912537 0.0262179930138691
0.06245367027769036 0.06608799070179257
0.019289530143799225 -0.0763551134791874
0.021942306919734176 -0.04055531098572714
0.029067776681443294 0.03100553198637147
0.03407569258671967 0.06571838578924476
-0.032869283935527224 -0.06421340683443386
-0.0271935396114711 -0.028600272924034345
-0.01880134645721717 0.0443020631041069
-0.01587840360028987 0.08040835237747161
-0.061058711422609394 -0.06415505716670578
-0.04984924963518095 -0.022041770009031677
-0.038999240171385736 0.05720255078382259
-0.03928231738119196 0.10122517187898801
