16
0.024531779635147865 0.019751847068821146
0.01785362271491212 0.029918629761264085
-0.006863892321605632 0.019238564153417095
-0.022499961177335756 0.020872493852253336
-0.009835963651515482 0.010693426521587742
-0.0008202765338208722 0.017092444185405297
-0.015988191756191542 0.008488381654598698
-0.025639488947600687 0.01008668841188343
-0.025926998337833063 0.0038987322357802562
-0.012844727391018478 0.013759824986374819
0.0007622573657341657 0.016052769948059684
-0.015894357918981722 -0.0008245212687362313
-0.02707941579545576 0.02184153402240885
-0.01078486170311534 0.0223290724475758
0.01729907470690055 0.027288036923781657
0.008777446313545085 0.014304346423645895
