16
-0.043505113508029894 0.020422679997140078
-0.0380322001728151 0.0013380891534046362
-0.034439757988935685 -0.037442376498575784
-0.037169939797591034 -0.060756886354769925
-0.022142977437941896 0.026968831000772256
-0.02110089964366029 0.010121609371516826
-0.01705052486481004 -0.02844404810743928
-0.0178840050878989 -0.04703223535930357
0.020103561466639847 0.045168704744355394
0.01891358550692947 0.025810073726020722
0.020085968463516884 -0.013845686712898743
0.0162960672850692 -0.030050785939625357
0.040487634681566805 0.05877940139961666
0.03429181900222194 0.034040598661844584
0.028490751098166085 -0.007659175932531672
0.0282319725863995 -0.026691991121180255
