16
0.005781413511374651 -0.02665336721378394
0.007003865526482437 -0.006283173707924438
0.0006768713359138418 0.0014055818563611334
-0.0048881847971578496 0.0030909056289888503
-0.006381170494907896 -0.015505740554774808
0.0011220990082480237 -0.003246178128512735
-0.0017861314181349677 0.003163148175889924
-0.007714958535230208 0.0035004990837710064
-0.009006169083442655 -0.0004194744921068081
-0.0041820895108192774 0.0008429715932745992
-0.0009101228722269984 0.0032853988328932246
-0.01159833295669282 0.005501081395179881
-0.010889772758763737 0.004784966326279105
-0.0042792213100741276 0.0037524105866996835
0.00861781918880949 0.002537308435896318
0.0012409823495708933 0.004378806337606899
