16
0.007048198820034205 0.006887750266300977
0.004785328412480084 -0.006478767951820345
0.010998632656720695 -0.011787959972945006
0.016677590161965777 -0.011105495162563542
0.01242884769956868 0.0055574993480587784
0.010907473255065876 -0.005341646323822657
0.013888679399699747 -0.006814756608816782
0.01954254093055955 -0.00416985706772582
0.011328266659685097 -0.015997627768448243
0.007275073489186475 -0.009883911393858432
0.006876520825218655 0.0076742103689691555
0.00938189720760492 0.013565436213062141
0.00664503308407917 -0.024630119466821185
-4.468311926169443e-05 -0.009135495111440005
-0.010489534967918742 0.024930061435053722
-0.00999765387867236 0.03689244850162344
