11 9.796642272992282e-07
19 2.048451789634338e-06
30 6.192373380273e-06
31 1.9051923088520073e-07
33 5.888013627665137e-06
36 4.663445642459828e-06
37 1.632527502020963e-05
39 1.6649781070322123e-06
40 2.395156211472493e-06
43 1.3707452667992882e-06
59 1.0570837399821762e-07
113 7.254255582531317e-07
115 1.023241153682759e-06
167 1.0890026723672714e-07
170 3.563781952712064e-06
171 1.0215846071041368e-06
251 5.151578096273533e-06
293 5.492579927099846e-07
296 6.508306971653914e-07
305 1.8074954010750539e-06
317 5.9363292597121054e-06
322 1.8788100659559304e-06
323 6.286952283123021e-07
324 7.4672750975366846e-06
325 5.477969255030159e-06
330 1.533059304957985e-06
331 3.883805243836533e-06
334 3.016597441035131e-06
336 4.712829191944412e-07
340 2.1735433147926653e-05
353 1.2482311935770858e-06
354 1.3501915251547225e-06
358 2.462218444028068e-06
366 1.9512441099226326e-06
373 3.429401865780566e-07
377 6.295750694229221e-07
378 7.08284819423263e-07
380 2.2197518522810796e-06
414 7.28138578475585e-06
416 2.2312362020072364e-06
460 7.700629821680439e-07
464 2.213364834495572e-06
468 6.097660311259329e-06
490 5.543486300305861e-06
495 2.8726165097503545e-05
498 8.091883408603887e-06
502 4.423016540373181e-06
521 1.0149691541672828e-06
538 6.167021981406237e-06
543 1.3292674549893049e-05
545 3.612368202097377e-07
546 1.4754555112960617e-06
555 2.3355895058226978e-07
557 6.654968431043946e-07
560 1.0633661720993885e-06
567 4.542781572522588e-06
571 5.714518019430763e-08
572 1.5432824319684629e-07
576 3.390677489952345e-06
577 3.568192773770919e-06
579 5.043219925064376e-07
580 2.6615245842915395e-06
581 8.290557582542273e-07
582 1.8172133281379424e-05
583 1.138416278587793e-05
587 1.6428070522049872e-05
590 1.216688588890867e-05
592 4.7192326086889395e-06
596 1.207908278499199e-06
604 1.4153519553314717e-06
613 2.2980692356157124e-05
624 5.699518695999146e-07
634 3.735367314119446e-07
650 8.232441565163009e-07
661 5.713428294125408e-06
662 8.501406665803981e-06
663 1.7680517721199384e-06
664 3.55965250904249e-07
666 4.325775535605873e-06
668 4.471239948010328e-06
670 2.1520712860311678e-05
671 4.972902345588553e-06
673 1.8679515715578916e-06
674 5.906333263347615e-06
676 5.5335326727187765e-06
677 1.5206296897379e-06
684 1.4586842741623782e-07
685 1.6618383893180619e-06
690 1.1235757560258191e-06
691 3.4621873890753368e-06
692 6.922282875470578e-07
703 1.776452655663551e-06
