518 1.3563053261428287e-05
357 3.699960518333014e-06
5 7.150850189130263e-05
128 2.0986829491035335e-06
342 7.317092946694212e-06
423 1.5291012145481064e-06
485 0.00013037457194391315
283 5.824896611689147e-06
120 5.3456569800832664e-06
472 6.917915448149631e-06
533 2.063121619443672e-07
595 6.833018302244782e-07
176 1.9681423216136707e-06
276 9.686218496033647e-07
306 3.3898811574824137e-06
302 1.300856986763898e-06
480 9.217505714156433e-05
679 1.18060643037277e-06
221 7.278676813366207e-05
17 7.1808073135992196e-06
412 1.1630802704764119e-05
435 4.771558974168313e-07
564 3.413636347518381e-05
25 3.4874832566094755e-07
407 8.065609371819492e-06
488 6.706326996301037e-05
565 3.2780367848597776e-06
160 4.475421975908622e-06
544 4.038563026653154e-05
547 5.123363477826419e-06
234 2.3855178514001586e-06
257 1.7151396189803934e-06
328 1.4330194999215771e-05
486 0.00033464400846581425
593 6.9391329780329294e-06
253 3.079062104733014e-07
163 2.629108463854701e-05
3 0.00014592044724550583
42 9.782150685127442e-05
48 5.904499106846223e-06
243 4.450312136062016e-05
1 0.00010435427664918754
21 4.2620921425669555e-06
667 1.3934941886804786e-05
226 8.931369531487305e-07
559 3.799106968361811e-07
706 3.5027934213477865e-06
145 1.0207890341668454e-05
289 2.1481719180568644e-05
489 0.0003469188716243936
0 0.00021201813287216527
379 2.320446003308827e-05
252 3.7070583888273054e-05
124 1.339706540137221e-06
375 2.947503763567525e-06
561 1.440946520405237e-07
568 3.2598779400477786e-07
682 5.811284138113555e-07
34 4.570951785284181e-05
65 2.281472586159087e-06
183 2.514322305953198e-06
285 6.798341643089128e-06
364 2.466115154311027e-05
455 4.3131987345183284e-05
149 1.5728798440305045e-05
165 5.396918611772946e-06
29 0.00017895248101083394
114 2.4249434965537314e-06
116 5.09982883954621e-07
117 9.381333723856851e-07
326 1.8823202052307357e-06
370 3.433109133263882e-05
247 3.472800444522201e-05
308 0.00010106380998835245
188 2.6219922302084417e-05
515 4.716766256282768e-06
158 4.03405976623276e-06
352 1.8059549662761417e-05
60 5.586311489555571e-07
135 1.733869286338736e-07
139 3.7959187206031043e-07
250 1.9462452873436105e-06
356 2.353964023802667e-06
497 7.796555168385127e-05
300 3.1420980125787606e-05
514 3.815201619750458e-06
569 1.4275166246831095e-06
484 0.00010603250700341042
665 1.2228518409161218e-05
524 3.037767553470387e-05
566 2.235998448068901e-05
125 5.174884036097952e-06
189 9.027243063378437e-08
350 5.624419191206627e-07
359 1.1640432208742573e-05
575 1.5254613273118155e-06
201 4.7815265923597304e-06
419 2.445984554627118e-07
199 9.349680311538193e-07
431 5.5321505823285055e-06
512 1.4381006506477703e-05
315 5.574629468560123e-06
86 7.39144267587919e-08
362 9.552601237033293e-09
420 1.022702539603231e-08
177 1.2007141875378928e-07
445 8.694926620175291e-07
105 5.244831410468121e-06
552 2.4045236620002673e-06
164 1.7835827602368405e-06
491 7.253712321356136e-05
573 4.664861406362346e-05
168 3.929820427310528e-06
482 1.0651165703754795e-05
18 1.2607416785841176e-06
45 2.8853852778639243e-08
110 1.0128683275855846e-06
140 6.528647469765709e-10
144 6.277114639064881e-10
146 1.7525595734605565e-10
159 2.8752028027856428e-06
161 4.685675685875079e-05
166 5.674021110099484e-07
174 6.408049341809956e-07
185 7.629996977601354e-08
193 9.16419544887341e-09
202 1.2747121747744873e-05
286 3.103730574576171e-06
295 2.893380458433053e-07
339 8.619675666996692e-11
363 2.1430448518771433e-05
365 8.554690224344002e-06
369 2.9145714744598743e-07
421 2.6944303572511e-09
428 4.2276587940179e-09
443 5.3111217455787084e-06
457 2.7845663548032018e-09
483 1.257572188674224e-05
499 0.00045995918228991625
548 2.1722045975585308e-05
669 2.319321647556727e-06
680 3.4048305248040864e-06
2 8.120752704283987e-08
4 2.828223769226136e-07
6 3.20350544790334e-06
7 1.5268359304572617e-07
8 1.752850637768787e-07
10 0.00015837260716241935
12 9.986442694837296e-06
13 6.03679099380752e-08
14 5.959983523260746e-08
15 1.6242873857689432e-07
16 1.4140173711665963e-07
22 2.0279620985633382e-07
23 1.2714350069135777e-07
24 2.1760591054508589e-07
26 1.9906717066647514e-07
27 1.391136171180719e-05
28 3.713842946190353e-05
38 6.235982988697604e-05
50 5.7933149163251866e-09
52 4.932936192104361e-07
53 2.5449129994442627e-08
54 2.9532706477265998e-08
55 3.9965463066348866e-07
57 2.3359194640872156e-08
58 4.5435618667949733e-07
61 3.775734731558217e-08
62 2.237347533243814e-07
63 4.724190201191188e-08
64 1.6725835606595752e-07
66 1.064959435400202e-09
67 1.5912594486872168e-07
68 2.9453165643400505e-08
69 1.9695140972048268e-05
70 2.5433214623418135e-07
71 8.536406916483185e-08
72 1.4605630266438501e-07
74 5.589091217205087e-07
75 2.4596941345392116e-07
76 1.6421495088658112e-08
77 1.642149508865809e-08
78 1.8601875717315967e-07
79 9.166391783427614e-08
81 3.5087865478608677e-07
82 1.0092466990083229e-07
83 1.3237898557641229e-09
84 1.9661781672713336e-07
85 1.0439493078861425e-07
89 3.283026082215369e-07
90 3.699706778924272e-08
91 1.1140538477539466e-07
92 1.084760333002461e-07
93 9.406213646597838e-08
95 2.2139450312446005e-08
97 7.472548975975195e-08
98 4.390141093679844e-08
99 3.452159484258509e-08
100 3.671739272270919e-10
101 2.946333445805282e-08
102 7.831583845706241e-08
103 1.5662337588871188e-08
104 5.5672711606392616e-08
106 2.0036179770710488e-06
107 2.540095552398524e-09
108 2.699086918365629e-09
109 6.566184383185008e-07
111 2.3973657377493696e-08
112 3.0821767406231703e-09
118 4.9146220583201705e-09
119 1.2367791023887088e-08
121 1.4223154407180643e-08
126 3.722785894601344e-08
127 1.9969509296362762e-07
132 6.338447751204169e-08
133 3.4988297802233376e-10
134 2.360323820723741e-09
137 8.598660134428512e-10
138 2.0360946606571894e-09
142 5.292342569902814e-10
148 3.615079506661234e-08
150 9.389855203765254e-09
151 1.7275299387280145e-07
152 3.369833694945627e-06
153 0.00010495166282753482
154 6.463125947420354e-07
155 2.147964063002956e-05
156 7.86220672954926e-08
157 1.3040635084296082e-06
169 3.516554166247306e-06
172 9.843322166223617e-06
173 8.647110128643826e-07
175 2.6309750892219553e-08
180 7.3064286654535945e-09
181 6.340456453323203e-08
182 3.71497628809057e-09
190 7.403959884682018e-07
194 8.016639689669723e-10
195 3.752413838842353e-08
197 1.628832276063647e-07
198 2.7967037523008e-08
200 2.436855637493413e-08
203 1.8958182380507202e-07
204 3.1240479046077875e-08
205 8.949532777545442e-08
207 1.2577370872813874e-07
208 1.3100177576555142e-07
209 4.528917313966821e-08
210 2.1443889010806894e-08
212 2.4190973865865755e-08
213 1.651292342628247e-08
214 9.559513230918431e-09
215 9.649801407459156e-10
216 6.784187184834466e-08
217 2.2635593386381435e-08
218 1.0425829368254895e-09
220 2.961652481494541e-07
225 5.009090198841631e-05
232 1.0204312541442095e-08
233 3.180005852423941e-09
235 5.200189416093537e-09
238 7.555892569987446e-09
239 1.055403833075382e-08
240 3.2435612211414547e-10
241 4.659066583986037e-08
242 4.36125489268482e-09
244 1.3322629552716442e-07
246 1.3684646213101227e-07
254 3.570480966719123e-08
256 1.1237273409025011e-06
259 2.598571938038609e-07
260 3.41925621745717e-08
261 1.5398517867072446e-08
262 2.705024101189127e-08
263 2.912613973547945e-08
264 1.5476820272055207e-07
265 4.8359029210805155e-08
266 1.2393696959150065e-08
267 1.3467052674083532e-08
268 1.9388660837403688e-08
269 2.9543915100100597e-06
270 4.637773161530926e-08
271 1.22912431620387e-08
272 2.0551589791163814e-08
273 9.994952363496959e-07
274 1.4495357417015633e-08
275 2.1943313221463498e-08
278 5.6600912525699435e-09
279 9.886199735963965e-08
280 8.16320622424028e-08
281 1.1762298781343654e-07
282 2.3493296049848186e-08
287 4.4040788280788354e-08
288 1.2065897272789192e-09
290 1.8967988554832724e-08
291 1.6231419799247967e-08
294 1.999869692113677e-08
298 1.9594542032138104e-07
301 2.6921238245300076e-08
303 2.4411754684205684e-08
307 8.711558198722777e-08
309 1.4436690008298249e-06
310 7.267731537778294e-08
311 1.5613546416197785e-05
313 4.161420946301661e-05
316 2.468134733825501e-07
319 1.7463446100962023e-07
337 2.171116531351757e-08
338 1.089682617264149e-07
344 1.0774141368648356e-08
345 1.6506473715642008e-08
346 1.1421872893783214e-08
347 2.4754762838932655e-08
348 6.627802761938148e-10
349 2.3369672018124343e-08
351 4.386613854565461e-09
361 8.929470584819278e-08
367 4.742872326666474e-08
368 7.037157003400415e-12
371 1.0788822317739113e-07
382 5.3728317519348817e-08
383 1.0938371875944956e-09
384 1.0117088055262375e-07
385 7.50333384371945e-08
386 4.526941163795974e-08
387 1.0717549841060306e-07
388 2.723763169831487e-07
389 4.860033483757954e-08
391 1.8016166088213143e-07
392 4.211493618356638e-08
393 1.8976328081146724e-07
394 3.8111622060630906e-09
395 1.8676691250897617e-10
396 1.278185289420388e-07
397 1.428455251179385e-08
398 1.274574443796175e-07
399 1.790748100276924e-07
400 1.5024979704346323e-09
401 6.290055945975253e-08
402 8.963634297354208e-08
403 1.2364173077468828e-07
404 3.703058984806046e-08
405 8.572315518265255e-05
406 8.745366989632389e-06
408 1.0465184602822057e-06
409 3.804804955969332e-05
410 7.878094824488206e-08
411 1.201653054882027e-07
415 5.051039129553945e-09
418 1.3881384389503743e-10
422 1.2638418401793927e-09
424 2.08307965249711e-09
425 1.0972331108157295e-09
427 2.8055813314921794e-10
430 2.486942234422707e-07
433 3.5011775225542105e-07
436 1.4353154255717515e-07
437 9.191071472890837e-08
438 1.5278837641564887e-06
439 2.474030433098278e-06
442 1.4821800329678586e-07
447 1.4077132723530796e-07
448 1.4070867551769768e-07
449 9.182372247884264e-07
451 2.4073032098883223e-06
452 1.7653314852481573e-07
453 1.0771893939522624e-07
454 1.670152590446347e-07
456 2.0682139245035467e-07
458 1.1008340994009022e-07
459 2.0795544855849915e-08
461 6.214279740836912e-07
462 3.050715002568834e-07
463 1.2115798651899827e-07
465 6.006673719186846e-08
466 1.2662752368696246e-07
470 1.2862601837408838e-07
474 8.7444119298444e-08
476 7.862398089455955e-08
477 5.785388675251836e-08
479 1.4388336953260983e-09
481 0.0001381392045891018
487 3.50406075171251e-07
492 4.4741639053045973e-07
506 4.114540443497397e-06
507 3.2036456053674034e-07
510 4.833170299305187e-07
511 1.995681209493718e-07
513 6.831557062165564e-07
516 2.8138671934614387e-06
517 9.852277458975027e-09
519 1.2800882821933156e-07
520 1.5009114688970535e-07
522 1.270025948191331e-07
525 2.1084048211765772e-07
526 1.227944232540272e-06
527 7.56269751597541e-07
528 4.671933362391279e-06
529 1.1024964621975126e-07
530 1.0439925080420577e-06
531 5.006082570020026e-08
532 3.1355653263521005e-07
534 1.2237130892231666e-07
535 1.7285840797955941e-06
536 1.243333149134444e-07
537 1.482779360096306e-07
540 1.8080588735002652e-07
541 6.881486808438945e-08
542 9.53153602562532e-08
551 7.672833785074659e-07
553 1.3948248944039368e-05
556 8.163918343768961e-06
563 6.107702409102945e-08
597 1.194524966815466e-06
598 1.3140998195672882e-07
599 1.8861163273873246e-07
600 7.135402524855217e-08
601 1.5432379844165784e-07
602 9.067478767598304e-08
603 9.80946072134872e-06
605 1.7178994879492293e-07
606 3.299850538987948e-07
607 0.00013495839844873374
609 1.1203651989738156e-05
610 1.77947502275724e-07
611 9.049231935042439e-07
612 1.5537655285851823e-07
614 1.6524467933551178e-07
615 1.319823084472385e-07
616 1.0840707239787816e-07
617 1.4066611650278295e-07
618 1.1325763131561181e-07
619 2.2151285624298108e-07
620 1.0734212192328914e-07
621 9.289385432258596e-08
622 1.8576783992487175e-07
623 1.4931468203709795e-07
625 2.2407786448390538e-07
626 1.9545032080438274e-07
627 2.427688826926082e-07
628 9.488825321279989e-08
629 1.419141976397443e-07
630 2.0793544321348384e-07
631 1.5131305262137845e-07
632 1.3707507692678384e-07
633 1.519095860972801e-07
635 1.4497923635531222e-07
636 1.662824822035433e-07
637 1.7001506716673702e-07
638 1.4679085149654207e-07
639 1.453764773158018e-07
640 1.4579446368283016e-07
641 9.955517777503675e-06
642 1.2318458173804304e-07
643 1.197367402067437e-07
644 4.004372223274853e-07
645 1.3878921892192443e-07
646 2.027707601953004e-07
647 1.4513398370141597e-07
648 3.1681146510629015e-07
649 3.780174033833415e-07
651 1.2988378206637827e-07
681 4.418252899190482e-08
687 1.8528317809444372e-08
699 3.1447569829689454e-08
709 2.602350115911808e-11
710 1.8927113222273492e-06
711 2.780327214062741e-07
712 8.302986925558203e-08
713 1.3779713974575348e-07
714 2.274469621717714e-06
715 3.3335012416357474e-08
718 1.6296897131188526e-10
719 1.337879339490988e-08
720 1.1620142779612794e-08
