9 2.2536818742921244e-05
297 2.6167714403860076e-05
35 8.995763975237584e-07
73 4.9403101130460764e-05
80 3.7086837867070527e-06
143 3.706138174004065e-08
191 3.4352078307292496e-06
292 5.563793270482734e-06
332 2.2511784604464534e-05
372 6.853194252976415e-05
374 3.2961030263426967e-06
429 2.874271655048805e-06
493 9.225003677583863e-06
504 1.8280154926301103e-06
539 3.803663846227177e-07
549 0.00010790672261075462
554 8.154095118116117e-06
659 3.133261609481049e-05
343 1.1001788649140761e-05
413 5.839971770316302e-05
32 7.705034344527385e-06
46 4.3249369411342836e-05
96 2.9896045700814802e-05
123 1.041519740601799e-06
184 2.7629548985615195e-06
211 4.577424587793551e-06
245 1.9780415143571257e-05
312 1.936759744378578e-05
327 1.7026802914752594e-05
360 3.961099673996586e-05
376 5.6103580507687616e-05
417 7.369659640722012e-07
434 2.169104459134293e-05
503 3.3389843288596533e-05
505 6.557036688619266e-05
558 2.471845772961168e-06
562 2.262620101263478e-05
588 2.1132047409770205e-06
591 2.0524483956160114e-06
654 5.9405538251293604e-05
702 9.248045390977887e-07
707 1.6001550165889982e-06
41 2.8973447671344858e-05
122 4.885840167625594e-06
574 7.924854605391751e-05
701 1.1921191789821732e-05
147 1.1327277688271514e-07
162 1.9792519998800968e-06
192 9.768680050988758e-06
248 1.0297791220961816e-06
258 4.9189062494361146e-05
314 8.025141998790192e-06
321 7.2280637831216575e-06
426 8.872173264359719e-06
444 2.3658080892388907e-05
469 1.4917117936275446e-05
471 1.8391590610154835e-05
478 1.0689148359511095e-05
578 7.05230427801377e-05
672 9.741618042182836e-05
675 3.118142457508909e-05
686 4.225661827826573e-06
695 1.0311115682536086e-06
705 4.510903878297861e-07
717 1.515287369596551e-06
523 1.7182539266950958e-05
87 0.00016204436770020389
47 5.144786289114833e-06
88 4.352054431846959e-05
141 1.6360013362381247e-06
178 3.410663924179819e-07
206 6.685238195847652e-07
231 2.1457434746758086e-06
249 3.3701743941403506e-07
277 3.619034142052273e-06
304 1.534680300318576e-06
341 4.105062862448085e-06
440 4.98494429216691e-06
508 7.753636052701045e-06
589 1.1048700041361398e-05
608 5.397988693903829e-07
657 9.974436886924207e-06
696 9.907000230529465e-06
494 1.1344630133327084e-05
655 6.078596443499676e-05
329 2.213283432238829e-05
196 1.3377710502301161e-06
229 1.863033355342221e-07
299 4.3608913353970564e-07
318 6.938383908052154e-06
355 7.946241277292577e-06
390 7.093556396519328e-06
473 5.668938289157376e-06
496 4.636855132621258e-06
653 2.6205252838390565e-06
683 1.8586965657938372e-06
693 2.9466115736742135e-06
446 7.030803247593776e-05
56 1.7010108038290632e-07
131 3.381539434303244e-07
284 1.959538499338869e-06
509 4.344365439332546e-06
652 9.096741716895772e-08
660 5.335828034451271e-05
708 7.86465320262346e-07
129 1.7139765705003542e-06
130 1.6091619030825806e-06
228 3.1835482869195577e-06
230 2.3811574289922274e-06
320 3.482874433527236e-07
333 8.654115838550519e-08
467 4.851268140912868e-05
20 3.3403728275528546e-06
44 3.483122861632915e-06
49 2.0704156925638206e-06
222 2.1727122793148906e-06
224 1.0535710867334332e-05
236 2.854882302285428e-07
255 7.815978042659255e-07
335 4.360004890728667e-06
450 2.0803098026720368e-06
475 1.1932628785787542e-05
658 2.2307663147870324e-06
704 2.6865193036178507e-06
94 1.860374005111144e-06
219 4.3057838679324905e-06
237 2.1939990367207077e-06
570 7.632337246254922e-07
585 2.8729068087628575e-06
586 3.4200345831845506e-05
656 1.1120741455478537e-06
694 1.6720912168653523e-07
716 5.641072997876784e-07
136 5.75898921701897e-07
227 1.5279732050159989e-06
381 9.761096243558394e-07
432 7.104242612639556e-07
500 3.531987565122241e-06
501 9.890476802359387e-05
698 2.2149778643361905e-06
186 1.5343022210054574e-06
441 6.2715171966712526e-06
550 4.0711922384079515e-06
700 2.7471211963296383e-06
179 4.307604333129233e-07
187 4.772718178602276e-07
688 1.0886610691604947e-07
223 5.184768469538918e-06
678 9.186376185377236e-07
697 1.7106570294056217e-06
584 2.8450143100656966e-06
594 8.9367193411469e-06
689 2.265762476021925e-06
51 2.8758193491347285e-06
