554 2.4914682859990112e-06
435 2.224553691166393e-06
716 3.0132203964051605e-06
113 1.9330803313256843e-06
253 1.0235385406558004e-05
603 7.762709474662699e-06
323 6.232619011401759e-06
56 3.8315752672544245e-07
184 3.989144924575199e-06
696 3.0529520355080516e-06
561 2.5230171594843956e-06
94 2.269178311414969e-06
178 5.107524627244981e-07
324 3.2592525878427532e-06
334 1.7619073674843758e-05
335 2.376975752944494e-07
470 2.005810798250603e-05
477 6.213989033462179e-06
497 2.72770466927514e-06
660 2.1610202255538627e-06
682 2.637553978372275e-06
699 2.4611896562140654e-07
308 2.7865211079309302e-06
31 8.852006340639824e-07
114 2.528187910744292e-06
186 2.5172908280338815e-06
237 4.625597583086428e-07
250 1.2633116291763529e-06
380 1.6112368758688288e-06
419 2.1189334836953016e-06
471 4.563706795998675e-06
513 1.2572615551630378e-05
555 1.790468094133116e-06
589 1.5446088348423409e-06
701 3.019657976271367e-06
585 1.6264613207792363e-06
17 6.687479341518911e-06
25 4.6747790467693875e-07
80 5.0453229685622114e-06
143 6.819189733101076e-08
223 1.1698738987594425e-06
344 7.289390866541375e-06
548 3.0728609615395456e-07
595 1.5776913318026073e-06
664 1.2355888161823119e-05
689 1.1967134986269818e-06
711 2.128839571395666e-06
18 1.2778132438250926e-06
19 2.858847372471477e-06
129 2.3424933124432243e-06
130 1.1200727688808344e-06
141 2.1841012787088706e-06
211 4.6643273158210575e-06
228 1.5528894875407506e-06
230 3.223956078114059e-07
238 2.8995182279295366e-06
291 2.0662734770777703e-05
298 3.6718381591070736e-06
301 6.574201489577011e-07
306 1.782757412674885e-06
316 7.592702676322205e-06
320 6.480945817953932e-06
322 5.999639572894862e-07
325 1.1215591502440057e-06
355 2.898874370060495e-06
375 1.0727916628212086e-06
377 3.2532212351833747e-06
426 2.174702657556872e-06
437 1.7951242579105503e-05
472 1.7156319699927786e-05
516 1.3505615649852987e-05
542 1.4391889058351947e-07
556 7.38263644855909e-06
582 2.4030103495169165e-06
590 2.950941171094748e-06
596 4.127974473807824e-06
601 2.8518494438676695e-06
604 8.596730906426903e-06
644 7.851300906122099e-07
665 1.6657211939380224e-05
672 4.271256310752748e-06
727 8.18601093382279e-07
728 2.4284321816051903e-06
12 1.0381764132244575e-05
20 3.688234511011735e-06
30 7.915139362725883e-06
36 6.185991857955268e-06
39 2.9635206622701064e-06
40 4.2289789982475495e-06
43 1.943062224392911e-06
44 4.026049307856978e-06
49 2.050078849433878e-06
59 5.504557861564388e-07
87 0.00016373504567146528
88 9.580503146289938e-06
96 2.4884961104703108e-05
115 1.3773824269648441e-06
131 5.180072914477477e-07
136 1.4221497092070688e-06
139 3.815106640725891e-07
157 1.4698037972959946e-06
159 3.396888082365136e-06
162 2.0571138031148644e-06
164 1.7835175694431255e-06
171 1.0823135264035103e-06
179 8.617917960833408e-07
187 9.484843195776193e-07
191 3.4865016517513476e-06
192 1.0749643750688547e-05
206 7.468062788197703e-07
219 5.449391455321634e-06
224 6.7930819326733305e-06
225 1.283781655433877e-05
229 3.8508587639366646e-06
231 2.3741617390516833e-06
244 5.884245019109688e-06
260 6.016619776990653e-05
295 1.5482105544616664e-06
319 2.9024575788709568e-06
326 3.2660388534164687e-06
332 2.620527650794026e-06
333 4.481959689891074e-06
336 4.1572527712291875e-06
337 3.4829770867629836e-06
338 1.872732221889443e-06
342 4.086940610207733e-06
343 3.4652886598114564e-06
356 2.7122931472714043e-06
357 6.876595481734028e-06
359 3.378892990619995e-06
367 1.0767599215579718e-05
376 2.7514891158893645e-06
379 1.4932452259534199e-06
382 3.066850066509976e-06
383 1.3533391573442925e-06
392 8.063055328251948e-06
429 7.665027923054001e-06
432 3.0487093813309952e-06
443 4.997823774643379e-06
453 2.6122869555048123e-06
467 8.492010537893678e-07
487 1.0785406761358458e-05
495 4.182623442000525e-10
500 7.513863229207341e-06
501 1.0467816021452304e-05
502 2.8884709944171298e-05
503 4.494130110111548e-06
505 5.6669163660626705e-06
508 8.823979723893582e-06
512 3.0799029716289883e-06
517 4.502128909032131e-06
527 1.3067109221028838e-05
530 1.4612130544461045e-06
547 4.286604037454897e-06
552 6.331812702108031e-06
557 2.2725771154593466e-05
559 4.5765597968755566e-06
564 2.456109342101012e-06
566 1.6231028750902617e-06
569 1.945782716207756e-06
579 1.0182497898639805e-06
580 1.002215202252512e-06
586 5.029021206555081e-06
587 3.187918235953228e-06
588 7.34374698460753e-05
591 2.725237929384502e-06
592 1.1410470425646778e-05
593 6.403578464136352e-06
597 1.4715704331329178e-05
602 2.9260105727414086e-06
605 6.97445287749238e-07
614 1.9594966750733666e-06
623 1.2500504059688238e-05
634 2.230752509212021e-06
662 2.3588808322290195e-07
666 1.460214531148114e-06
668 2.320338331890692e-06
670 8.006741443340717e-06
673 1.2997834423175776e-05
674 3.2257360593703126e-06
675 1.53900135891445e-06
677 6.666664794205398e-06
680 3.2162864728297552e-06
684 3.72615786203472e-06
685 6.499759987043732e-06
687 6.010315006997154e-06
688 1.8123025419662238e-06
691 2.6680577220493508e-06
694 1.972451011832411e-06
695 1.1561474849572687e-06
697 3.0316397917987956e-06
700 1.8264496449606693e-06
702 5.00556671291628e-06
704 3.6185255071770892e-06
705 4.388105840027288e-07
706 1.1574567774349552e-06
707 6.572717182541513e-06
708 7.593516107699567e-07
713 1.4465884828348704e-06
714 1.0359008402543822e-06
715 2.551766120897891e-06
718 1.680065547423984e-06
166 5.97165237254765e-07
717 3.1948707331378446e-06
423 1.3590510687848677e-08
288 4.5485901644203006e-06
