0 0.00019049050443371257
1 0.00010654503878266301
3 0.00016453142925745658
9 1.7445367304581396e-05
11 2.5303814053691045e-06
21 4.6227807390329595e-06
29 0.00017964869857332462
32 6.856223172846382e-06
33 4.677795501618114e-06
34 4.006939514446383e-05
35 1.0547338873973108e-06
37 7.4384870989716345e-06
42 8.48899242783826e-05
46 4.389135042928689e-05
47 5.023109562924213e-06
48 4.849004320555413e-06
51 3.1205183959797596e-06
120 4.785958129942367e-06
145 1.0143556665918225e-05
147 2.799528942186427e-07
149 1.7053518114447546e-05
158 4.227039653139232e-06
160 3.726592222949633e-06
163 2.6110631879957113e-05
165 5.928867376562142e-06
167 2.442772256604351e-07
170 4.498700922946925e-06
196 2.300466005998249e-06
226 4.3286269766414866e-05
232 2.3446547895359677e-06
245 7.934901781509774e-06
247 2.5655543754585545e-05
251 4.849994633323859e-07
257 2.3324167872152018e-06
259 2.0431119360496913e-06
279 3.0376097790778944e-06
285 5.48667396780292e-06
286 1.934021066774866e-06
307 3.0292763736366767e-06
327 4.972089429564861e-06
330 1.1557493252950731e-05
354 2.0470333074155905e-05
360 2.934253613686488e-06
368 3.827867091453778e-06
381 2.1546354315046378e-05
415 3.309988900434507e-05
417 4.346687779428709e-06
420 8.212099436503042e-07
463 1.4792247826568479e-06
482 1.1976519722365882e-05
484 9.159464629296755e-05
486 1.24566034260503e-05
488 0.0001087010703712866
489 8.178669935595873e-05
490 0.00025797843003166063
491 3.75864651521961e-06
507 3.5722928114369275e-06
510 7.429959659086165e-06
511 3.1550547973733054e-05
553 5.4980157010735995e-05
567 2.993282375290137e-06
568 3.4050265308207797e-07
570 1.1253747107209411e-07
571 2.584867290005314e-05
573 2.876655314706676e-05
576 3.3995516307149023e-06
577 3.358410424577335e-07
594 5.482255605887995e-06
598 2.334523992160557e-06
599 4.828321143655934e-06
600 1.0908970848951636e-05
606 3.4514525042080283e-06
618 6.294869041553831e-07
663 2.7259670110025666e-06
671 1.5757984248724003e-06
679 4.13367852335207e-06
681 1.2729857321228572e-05
686 3.180477314046134e-05
703 1.7340074300552688e-06
709 2.769437713013437e-06
719 9.99959156223896e-07
41 3.0452953492178834e-05
73 5.967042230112156e-05
235 2.3302715107023675e-06
374 7.139006402545862e-05
479 1.5376391964348484e-05
509 4.73784945642063e-06
362 3.5497939617166065e-05
667 4.176889540384139e-06
255 2.962673542430513e-07
581 5.144471625961032e-07
254 4.026559093649581e-05
676 1.396159429213277e-05
444 4.629682746590263e-06
474 1.4966826525525292e-05
583 1.0703336045716604e-05
