294 6.780304999180609e-06
690 1.194429971864662e-06
314 2.2368987268489654e-05
613 1.1591352208708369e-05
329 8.320199778037995e-06
168 4.427158122404971e-06
352 5.956411657745235e-07
712 1.2662879725008698e-05
287 8.300764924579102e-06
304 1.4839496659329834e-06
669 3.731049170398759e-05
5 6.709538536177715e-05
123 2.773296406943383e-06
252 2.108994048750887e-06
438 5.902066435150401e-07
365 2.4807221184308534e-05
169 3.528647990867363e-06
364 1.1679447189881434e-08
135 2.0005235272712257e-07
414 1.1290574399354465e-05
65 2.265319622085542e-06
125 5.5523999449878905e-06
366 2.1644563454724293e-05
498 9.337720597502443e-05
358 2.938921152726727e-06
449 8.532094129911328e-06
693 8.802536243858152e-07
341 2.642886970851018e-10
476 6.278029588577768e-06
683 2.969546949312164e-05
116 5.553006575654516e-07
172 1.0541553958922743e-05
302 2.6193487484080715e-05
372 3.1852910871560984e-05
421 2.940320321199423e-09
424 1.0672738855194095e-08
428 7.079004778600053e-09
430 6.852166370929614e-09
431 1.4849104878829176e-08
313 1.8010001973402733e-05
60 5.657121168665069e-07
378 5.702972985689817e-05
448 9.325716359541547e-07
86 1.0825586043414516e-07
188 3.6046927621692215e-05
422 2.750373139233468e-07
109 6.998047473705997e-07
110 1.0932224741783442e-06
128 2.0809304823676115e-06
144 5.1553118033980975e-09
153 0.00011015458030057103
173 9.113873520118418e-07
174 6.852057711699595e-07
177 1.2764574005643906e-07
183 2.6593358439913167e-06
193 3.050721701162998e-08
242 5.1821286232462134e-08
278 9.528274875240458e-07
328 2.0239183481571914e-06
373 1.3278145670711667e-07
447 6.981904765438858e-06
578 1.627026330691296e-06
190 7.900563863079853e-07
124 1.233775047647935e-06
240 1.1774238977202768e-08
370 1.3522448927268784e-10
396 6.0461096913126384e-09
427 3.520889095669944e-09
446 5.973407087836873e-06
518 4.648760167368853e-07
558 0.00011466900717947905
299 3.0286011494011226e-05
465 3.1441701679506505e-07
317 5.625111090272884e-06
345 1.2073578091901092e-05
185 1.1611523859938269e-07
189 1.1253194822692702e-07
340 1.2269495799506556e-07
363 9.015620515694356e-08
117 1.124348931327729e-06
371 3.227148149560062e-07
523 4.543084143549289e-06
199 9.793230443718553e-07
227 1.1852294776960768e-06
280 1.338118126855415e-08
528 1.2540267780284442e-07
574 2.920722508373491e-06
607 1.2679418123563987e-06
4 2.7916956179608585e-07
10 0.00016111380541459068
28 3.633860981391953e-05
53 1.960449977886429e-08
66 1.7714051103608543e-10
83 1.342997683687389e-10
100 1.1642064715325835e-09
108 1.0512958474259895e-09
112 5.177547791143963e-09
122 4.289643755770924e-06
133 4.993257514568995e-10
137 2.5763539015688865e-10
138 2.3126036150401087e-10
140 4.506403729052942e-09
146 7.171854217806099e-10
161 5.241696164174886e-05
176 1.9951658002741575e-06
182 1.500220271544979e-08
197 1.7444429180799994e-07
258 1.1905822712923569e-06
261 2.457626762436096e-07
331 2.4234643655696774e-05
350 2.743390771349601e-10
369 4.736922449986931e-08
397 7.538291287716262e-10
584 8.036607292921248e-05
698 3.509692659239671e-08
385 5.020274488667787e-09
45 5.115993121992464e-08
297 3.386912567506458e-07
460 6.482452711582935e-09
483 1.4521759908724718e-08
203 2.5808584144680565e-07
212 1.8350832075938333e-08
216 6.276085421937141e-08
220 3.6216438292354636e-07
221 6.651334972292707e-05
233 4.730366674654235e-09
234 1.4472026359411946e-09
236 1.0848575526056532e-09
239 5.660643351502009e-10
243 1.1093018202601635e-08
263 1.2499549917937936e-08
272 4.335942117219075e-08
273 1.05709727224694e-08
277 1.6212896630881084e-09
353 5.187030057745702e-10
425 1.5974351831447983e-09
452 2.0412101361334483e-06
515 3.725170217892596e-07
525 3.861015335791374e-06
529 2.099677024462464e-07
531 6.27781309908052e-08
533 3.624031664898291e-05
534 3.1049855353805187e-07
535 1.2551138130960327e-06
538 8.220422882434703e-08
539 1.0572190512771517e-06
540 2.008970304822108e-08
563 9.311209241020636e-06
624 5.330260586788717e-08
640 1.241995358912699e-07
647 4.8318841022519955e-08
661 3.972252929157673e-08
730 4.9841801591103254e-09
6 3.7992794287758624e-06
7 1.7007814227077575e-08
8 3.974783682838367e-08
14 2.4721020821626678e-09
64 1.354451849445028e-07
78 1.1129420515399024e-07
101 2.038389489165372e-08
201 4.909895249682344e-06
312 4.586251704389316e-09
318 3.010669094274779e-07
346 5.225400908177485e-10
439 1.2226166144249176e-07
442 2.6182886665399456e-06
445 5.181175036270496e-08
450 1.8048774051961123e-08
464 6.326087568369072e-07
468 7.3240673609797364e-09
480 2.9000767642321844e-08
526 2.443504157102878e-09
543 8.037398046429588e-08
546 3.1503133202702535e-08
549 7.195690378758371e-08
572 1.0027925607537526e-08
608 7.79955592879585e-08
609 8.358537899050613e-08
610 2.8535155565483183e-08
611 4.24362701033422e-08
620 6.437224110264132e-08
622 1.0634727530429784e-07
625 2.991673862636252e-08
626 2.230006089399926e-08
628 1.4811556399138126e-08
630 4.963475391456992e-09
631 3.720407506094969e-09
635 1.7674359347882864e-07
641 5.3647774043030424e-08
643 1.6791157908888053e-08
649 3.1673056729332207e-08
650 3.4596593374574746e-08
652 1.298812234952614e-08
655 7.929652267546127e-08
656 5.8054726951649376e-08
659 2.6412894835764803e-07
61 4.155361333427482e-08
90 4.202677758043381e-08
91 1.404148818890561e-07
92 1.2982980281324384e-07
95 2.712148122581486e-08
97 9.038728768450672e-08
98 5.28681638700456e-08
103 2.1896416254214728e-08
106 2.482523534868594e-06
148 6.569239630020506e-08
202 1.6078668436696616e-05
207 1.352822444232872e-07
208 1.6324882568753843e-07
210 1.3398206419121681e-08
213 8.829689835298307e-09
217 1.3276386719843891e-08
246 1.7014713279190942e-07
248 1.9423894416863405e-07
267 6.420598338080697e-08
268 1.7263816748174418e-08
274 2.5383398867366434e-08
283 1.2869119761086565e-07
300 2.1430842070394765e-07
310 0.00010713853720892836
458 3.085591589716021e-05
493 7.603090830469887e-05
544 1.7840812262319545e-06
562 1.424957838907965e-05
726 5.026469979789964e-08
2 5.085878661645959e-08
13 5.0329684058678805e-09
15 4.5956474143889004e-08
22 5.212190320943226e-08
24 7.581689224487201e-08
38 5.336748737954383e-05
54 2.3790268035315604e-09
62 1.9977547815389367e-07
63 5.3964244794919316e-09
67 1.4862824736698463e-08
71 4.168575417865949e-08
76 4.316071104440266e-09
77 4.316071104440306e-09
79 2.3670897142367816e-09
93 5.8288530370091825e-08
99 7.9865552835501e-10
102 9.214549027809697e-08
104 4.2575448680159985e-08
107 1.4090932757211228e-11
111 2.7385977147109933e-08
118 7.023123532090408e-10
119 1.3365201240539467e-08
121 3.1500182364163027e-09
132 4.93736023518049e-08
134 3.408536477384269e-11
150 9.217598145109366e-10
156 4.348825415186941e-08
180 7.624382123578888e-09
181 7.964868784372715e-08
194 1.4451206327345527e-10
198 1.3122867393646661e-09
200 1.6291913398203695e-08
204 2.1697082891719008e-09
209 2.5656914200569578e-09
214 2.1130245383258747e-09
218 6.373771171548722e-11
256 5.672186369075475e-09
262 2.922380982190755e-09
264 4.743239894740933e-09
265 2.365271925458366e-09
266 1.511838695093063e-07
269 1.3303372729265481e-08
270 1.2427820103305238e-09
271 3.2599494294419364e-06
275 1.0521055989204326e-06
276 5.745331410280193e-09
281 8.445726766707435e-08
282 4.979909968294456e-08
284 3.8740672893273224e-09
289 4.27000180070851e-09
292 1.209750956847449e-09
293 7.313893266461157e-09
296 6.5189559256699575e-09
303 1.5748241330873666e-09
305 1.7193500968641727e-09
309 7.257360378875434e-08
321 1.8486636909307566e-08
339 6.960281222454142e-10
347 3.1930632959964826e-09
348 8.903295189233279e-10
349 1.4422672941663288e-09
351 2.414547146257259e-08
361 1.2338722781393286e-05
387 3.1538198833533874e-09
388 3.891217524032879e-09
389 1.849418975822045e-08
394 3.0302963899717965e-09
406 7.834488959666226e-09
440 3.410886461084111e-08
451 1.0327884103430334e-08
455 6.358886986964575e-08
457 9.298043633681643e-08
462 4.927576823414862e-10
485 0.00015705471669109742
492 1.2990536623531467e-07
499 4.2318528625169877e-07
514 4.393234749559398e-06
520 3.398938887417136e-06
524 1.7792897319815365e-06
532 1.7160235603867665e-05
550 3.984506943014063e-09
612 5.5162542434646204e-08
615 2.4657376934106913e-08
632 1.0693760323879766e-07
633 7.532591521675976e-08
636 1.2920019171846457e-07
638 4.504902747429554e-09
639 3.693937670890507e-09
645 4.967271166024666e-09
646 4.542986966340365e-08
648 8.807097880317263e-09
653 2.6975700473249275e-08
692 3.3442294822020163e-09
724 3.5822928107524402e-09
725 2.273901109707279e-06
731 1.7611596913238407e-09
27 1.3462117960927292e-05
55 3.540353091661254e-07
57 3.9485752446570825e-08
105 5.6187761576467555e-06
127 2.1868427076734197e-07
205 9.605938041064438e-08
222 5.133074637029333e-07
249 4.1453884798620084e-05
402 1.7899490358922867e-09
408 8.808638317696759e-06
411 3.79925847202632e-05
418 1.2766756919532669e-08
475 1.5504972814114551e-09
504 8.367918386483099e-05
536 8.482368202140163e-07
537 5.571188499812309e-06
551 2.0327389082213703e-07
575 2.437251614677567e-05
616 3.235523626812514e-07
617 0.00013566942073392225
621 1.0816165827387347e-06
629 1.1687332241204435e-07
637 2.245847832763802e-07
651 1.0925427265429207e-05
658 2.657132008473838e-07
678 1.4259319619126801e-05
729 8.82801820757199e-10
16 1.8603351121317785e-07
23 5.8510019071204364e-08
26 2.518926992680559e-07
50 8.609999913346896e-09
52 4.4820562693372447e-07
58 6.795819613783001e-07
68 4.609956748772773e-08
69 2.1049839955417497e-05
70 6.10502321553266e-07
72 4.6227836645605936e-07
74 8.503243877299476e-07
75 2.6897673237475143e-07
81 6.366704747341632e-07
82 1.1004145839103197e-07
84 6.067416677048301e-07
85 1.464767484605533e-07
89 5.331544908969424e-07
126 3.340377111890107e-08
142 1.129624496516695e-09
151 3.709894498096278e-07
152 4.028318888221999e-06
154 8.75763609767421e-07
155 2.4695364659735882e-05
175 4.74757280050858e-08
195 6.279986334161429e-08
215 2.1233594272909514e-09
241 3.4988249254933517e-09
290 1.1792119072011173e-09
311 1.5405044053596243e-06
315 3.439604429733601e-05
384 3.750485018574119e-08
386 9.711384849473467e-08
390 3.2601703854002507e-07
391 2.5550637683150553e-08
393 1.6051624907148067e-07
395 2.2907652551009336e-07
398 1.7178043486267636e-07
399 3.6560683748113607e-09
400 1.2988109117063615e-07
401 1.7464458549894012e-07
403 6.13856929238543e-08
404 8.453435935706352e-08
405 6.232842059381893e-08
407 9.773893841520754e-05
409 9.014195336922114e-06
410 1.1615568968399288e-06
412 8.83996123756149e-08
413 1.1394132282510368e-07
416 3.194056136738062e-06
433 2.1439123003156293e-07
434 6.088754288859013e-06
436 4.891554513685956e-07
441 2.259130902535556e-06
454 3.123010844814781e-06
456 8.630043043556214e-08
459 4.2145730352228303e-07
461 1.5585565778267251e-07
466 1.0271741840015094e-07
469 2.428695850603026e-07
473 1.237919155135465e-07
478 8.113326144428952e-08
481 8.851128983810541e-08
494 0.000227112641288349
496 7.313101388377768e-07
506 0.000529549799375923
519 3.6561542069066757e-07
521 1.229298493336218e-07
522 9.263382221560817e-07
541 2.638516290499176e-07
545 2.316085680519112e-07
560 7.790220987428766e-07
565 7.485900922653413e-06
619 1.1575414985861931e-05
627 8.218476183809255e-08
642 1.2666284716019836e-07
654 4.575679656916622e-07
657 4.255167942890395e-08
710 5.400162536461201e-08
720 5.923718838959304e-10
721 2.206823483332841e-06
722 4.356635558605165e-07
723 2.822407912832963e-07
