0 0.0002854447642530523
3 0.00014157756599289436
11 1.811052264443587e-05
19 3.307149766665218e-06
20 4.431155198508629e-06
29 0.00021789600922686575
31 8.682379244425846e-07
33 3.599981324531748e-05
34 3.621199713929256e-05
36 7.450405492737179e-06
39 3.3946193219552733e-06
40 6.041318565074588e-06
41 2.472038564235346e-05
42 9.465439367950842e-05
43 2.3386400020953615e-06
46 3.779356161152513e-05
49 2.509608296082232e-06
51 4.574883375962961e-06
56 8.56875845411477e-07
120 9.310816856939376e-06
163 2.7215650265884548e-05
184 2.976690182301321e-06
187 2.998444894998977e-07
222 3.83600124359109e-06
223 8.529012865633762e-06
224 1.2563731708705905e-05
231 2.4220219562725065e-06
236 1.0888799979012503e-06
237 2.5130212108329375e-06
243 4.0836248288403373e-05
249 5.335733113708125e-07
255 3.661874157430155e-06
305 4.937138958584525e-06
308 9.090541465031883e-05
314 8.640675225354645e-06
318 2.3731509286723085e-05
320 6.244390157404853e-07
323 1.0073252580144413e-06
325 1.8212222784520467e-05
327 2.403558641561131e-05
331 4.286476182181382e-06
333 3.2530144609022556e-07
341 4.695008339520287e-06
352 1.944033545406872e-05
354 2.1584554514679468e-06
366 4.690910070967935e-06
377 1.4231904343539833e-06
416 9.447791595946395e-06
423 1.9399019950657314e-06
432 4.28568479656152e-06
434 2.71077895596997e-05
440 7.4431132575651294e-06
450 4.386930810854089e-06
460 3.2751569516497507e-06
467 5.561129706840551e-05
471 2.1053524141574642e-05
473 5.294501540583927e-06
478 1.3118819142058456e-05
480 9.907032478785148e-05
485 0.00013666459394677814
486 0.00037138807955459723
490 1.764961524877491e-05
496 6.851662708385134e-06
504 2.5335181363121517e-06
509 8.720649192875624e-06
533 6.385236657364725e-07
544 4.018340643308204e-05
545 2.171323968155346e-06
546 3.1366498707085088e-06
555 5.73506535583079e-06
557 9.133467007293801e-07
560 5.258998490889794e-06
567 1.532764367948021e-05
570 1.1790364666383592e-06
571 9.878195537251258e-07
577 3.474820141171995e-06
579 1.393450815622909e-06
580 3.4873715408482776e-06
581 1.9022089949470504e-06
583 1.4560853763299008e-05
608 2.6499731782324707e-06
634 7.024071529723344e-07
650 8.92683840936404e-06
652 3.845744852120534e-07
657 1.309548502801464e-05
658 3.662280771695304e-06
661 1.2043642909984569e-05
663 8.181728718035321e-06
664 2.158890338364365e-06
671 2.4478633681401655e-05
674 5.14238238015734e-06
677 1.043942025128441e-05
678 1.8209770551926755e-06
680 3.0430326750593507e-06
688 7.483642818863088e-07
690 6.5180378991388275e-06
692 1.5713294962103316e-06
693 3.1884463869143155e-06
695 1.2733820083612332e-06
696 1.3429900862168921e-05
697 3.219432853759127e-06
698 2.392370808722211e-06
701 1.6376135862260627e-05
706 4.088045405566243e-06
708 8.424488525053221e-07
376 5.8524983760283194e-05
429 3.822636120983064e-06
501 0.00010641144120232524
613 2.6725732094037853e-05
683 2.539416311816575e-06
686 3.869923935568458e-06
689 7.1932095132118956e-06
114 3.506615353425304e-06
372 6.713634225309334e-05
498 2.2171668531453586e-05
196 7.612296790151451e-06
468 2.162305547151428e-05
538 2.7181498028615577e-05
550 1.3136089858680976e-05
252 4.142158583966376e-05
162 2.4449964789630117e-06
407 1.7085595455100283e-05
37 3.561206563897347e-05
228 8.095201526575532e-06
684 2.7165844895103275e-06
304 2.162264635963905e-06
136 3.0519518154903363e-06
225 4.3825699046790215e-05
219 1.4385280822136832e-05
375 3.599620857576468e-06
115 9.370828548869762e-06
206 2.255325946428693e-06
284 2.769479669153863e-06
672 0.0001170740042894129
144 3.4110429708764103e-09
582 4.355651883172037e-05
191 5.580834680653541e-06
624 5.795530622192487e-06
