297 3.482197931460476e-05
679 2.6792023005665854e-06
700 8.43062082470305e-06
122 1.0255105512660023e-05
512 1.9691030717558144e-05
85 7.469662045169976e-07
326 2.596405273710674e-06
444 5.244577042385843e-05
585 1.007791700723143e-05
704 7.325133617265809e-06
483 2.1152404214831373e-05
84 2.067732148615518e-06
113 5.222312729858561e-06
176 3.2561859358861156e-06
524 3.448317351742745e-05
591 2.550764148427085e-06
515 1.136326516658368e-05
549 0.00013749048258462554
1 0.00013519925195448152
47 6.3322886137640335e-06
48 6.684194640545793e-06
211 7.737592495098842e-06
293 1.2772885220364114e-05
455 5.9505811436505865e-05
500 5.2868953088888e-06
662 3.3343704977093726e-05
65 4.823531859463829e-06
312 3.761131716254156e-05
472 7.241723703410847e-06
503 4.19937227050464e-05
592 1.7983717060450334e-05
675 4.212717216852259e-05
311 2.200482105031448e-05
356 2.7391045030218946e-06
379 2.4571910649741503e-05
659 4.595839835654292e-05
669 2.6426459940653533e-06
44 4.555841751784544e-06
74 2.1364349316760604e-06
332 1.816787982847633e-05
350 6.964252809606163e-07
494 1.189861593201151e-05
525 3.129895848143331e-07
562 3.098388436850674e-05
574 9.290792806488138e-05
141 3.5932139541950338e-06
149 2.223543824676847e-05
251 1.9326150652007177e-05
313 3.570486745057463e-05
400 4.729385715366445e-08
404 2.9569004536527864e-07
420 2.747471225821644e-08
508 2.8852565835509203e-05
518 2.018317838330562e-05
543 4.25863741042011e-05
164 1.8094301888507667e-06
168 4.558499997988823e-06
169 3.8087135802205943e-06
548 2.641121867492477e-05
7 6.6467110715516e-07
9 3.7708347210322145e-05
27 1.498197212308565e-05
87 0.0001903968600171554
90 2.0471870823667408e-07
105 5.721780747772461e-06
110 1.2124965501143406e-06
123 4.321310610398648e-06
143 1.7908980108999332e-07
146 4.144346534899615e-09
192 1.4142547164885557e-05
217 1.6362244371839948e-07
238 8.549314305182133e-08
248 3.6501754177194985e-06
253 4.0973678027968126e-07
257 2.115272832137093e-06
258 5.2352935874404404e-05
276 2.451474836431799e-06
290 1.3965537976134086e-07
303 1.4321253263878828e-07
319 8.541547304342551e-07
348 1.9546736053002668e-08
359 1.3071893549381545e-05
406 9.847826725475076e-06
513 5.754406652645777e-07
568 4.4151628244839585e-07
578 8.291694609829994e-05
593 8.347026772339611e-06
594 9.581874441147459e-06
598 6.784750263489992e-07
600 1.0444510598629626e-06
666 6.447548414722684e-06
681 4.844127056215609e-07
226 9.310380646705669e-07
8 5.141663457090797e-07
25 4.445914944365483e-07
54 6.509524294734898e-08
57 3.873333175489238e-06
63 1.394726495443143e-07
67 4.1845904880210726e-07
89 2.7129538449252827e-06
102 2.7495830985874056e-07
106 2.417080917411238e-06
125 6.169620481560152e-06
135 3.4306183715640373e-07
145 1.1820923483474184e-05
154 1.3272440255422109e-06
171 6.048431926139804e-06
177 6.155334576052562e-07
202 1.577716690777865e-05
207 1.422703526975373e-07
208 1.956173386321559e-07
235 2.444849040080171e-08
244 3.285378138598327e-07
272 1.5837099788976608e-07
298 3.3455182980979553e-07
299 1.2768436362468109e-06
334 1.479987079461995e-05
342 8.290835478185616e-06
357 3.6687996006159723e-06
362 2.1811801915532233e-08
365 9.61937708905483e-06
370 3.419515344297188e-05
393 3.9514778083163365e-06
431 7.90385036915437e-06
435 8.487469546058946e-07
456 1.484988135068913e-06
462 9.68013116341351e-07
470 1.0427181128042926e-06
484 0.00013707876672194245
492 6.774921991704121e-07
502 1.2858077253120001e-05
505 8.924656021876562e-05
506 6.1970054756010095e-06
511 2.336076681418395e-07
521 8.530198123274078e-06
559 6.81110695424244e-07
561 3.71030872899672e-07
566 2.5220399027636944e-05
588 2.928891653328696e-06
597 1.3695056878782073e-06
599 7.075851591888887e-07
601 7.120128302412475e-07
602 9.80370867435974e-07
603 1.138235166205519e-05
636 4.356148519235057e-07
705 6.148885571855334e-06
717 2.353975747001964e-06
2 1.9769738427456085e-07
4 3.2579224325768525e-07
5 6.39709193414005e-05
6 5.10031874666052e-06
10 0.00017409874385024916
12 1.2106485915461762e-05
13 4.158384709077984e-07
14 1.2885553390457078e-07
15 3.32524272047395e-07
16 5.689510485829659e-07
17 7.94552034067028e-06
18 1.4074098791517148e-06
21 7.417259197279536e-06
22 1.7832086094014074e-07
23 1.595586909142667e-07
24 3.208365763058266e-07
26 1.103558051564788e-06
28 3.825881979619676e-05
30 1.8503023732273873e-05
32 9.380944988976559e-06
35 1.2694907752417461e-06
38 5.408087934095044e-05
45 5.552109438023396e-08
50 3.5145328411041373e-09
52 5.833375679361061e-07
53 3.528185183508815e-07
55 6.9009525203397e-07
58 7.813061961605193e-07
59 4.002730776412755e-06
60 1.1093525202702586e-06
61 7.620633153015649e-07
62 2.1683698586348304e-07
64 1.4684735805669257e-07
66 2.4792787178946593e-09
68 1.328522298861302e-07
69 1.994484147367576e-05
70 1.983936353948474e-07
71 1.5179897223148007e-07
72 2.979507318079528e-07
73 6.579311826590586e-05
75 6.781891681694052e-07
76 8.774379847322005e-08
77 1.2076314111801116e-07
78 6.45444486888285e-07
79 6.054480291178065e-07
80 5.717285670195123e-06
81 1.5613230954599618e-06
82 1.4003790876489111e-06
83 6.648571256720447e-09
86 4.6332303411076585e-08
88 5.775115484627833e-05
91 1.9623778240412793e-07
92 1.1932758062197066e-07
93 2.2494138391567545e-07
94 4.540190828067979e-06
95 1.1952379885072404e-07
96 3.609427687756162e-05
97 2.0525024456259799e-07
98 2.5867435925051297e-07
99 1.4517330741749563e-07
100 1.3010548430607153e-08
101 5.845902315687658e-08
103 2.9770021228474325e-07
104 7.61588500637625e-08
107 7.364332870517566e-09
108 2.737670384406151e-08
109 8.144189124634362e-07
111 2.695976961129586e-08
112 6.8387536201259355e-09
116 6.158666837742196e-07
117 1.3357744562942225e-06
118 2.3630854557251126e-08
119 2.403631563992129e-07
121 1.5397373126876237e-07
124 2.2434132545875423e-06
126 9.653511323578027e-08
127 2.998274835876888e-07
128 2.6585975421833776e-06
129 4.004994721921444e-06
130 1.0074178855929201e-05
131 1.2188231469272378e-06
132 2.2106221290312993e-07
133 1.447833871846131e-09
134 1.3706864805592821e-08
137 8.606688427555814e-09
138 1.0413469943575259e-08
139 4.939687397699968e-07
140 2.59500601958539e-08
142 5.436462943089568e-09
147 6.148677910628972e-07
148 2.7303129014607816e-07
150 6.224410395925862e-08
151 2.052520284982605e-07
152 3.2571733885669204e-06
153 0.0001243559259222703
155 2.7245821895525363e-05
156 1.8824741239171223e-07
157 2.0808239112853007e-06
158 5.189326566902142e-06
159 4.151647793086728e-06
160 5.445877033519193e-06
161 4.536393262828564e-05
165 6.891610515804039e-06
166 6.939425070843958e-07
167 6.134927314447704e-07
170 5.97292457192042e-06
172 1.1781557413768674e-05
173 9.926905640490503e-07
174 8.797754800086034e-07
175 2.9905306947342814e-07
178 1.195446974967e-06
179 1.846459333312416e-06
180 4.083707816708011e-09
181 1.1485040608855604e-07
182 5.26020590605674e-08
183 3.270938901354744e-06
185 2.0732654268670234e-07
186 7.771264409608016e-06
188 2.810499188091564e-05
189 1.0384895071143008e-07
190 7.952314020868633e-07
193 2.1494426494901616e-07
194 4.963458116517126e-09
195 2.3408850922738562e-07
197 2.5325838662418377e-07
198 1.193977350449266e-07
199 3.5757285258052496e-06
200 4.906760659647217e-08
201 5.23760641479689e-06
203 1.0493328215034177e-06
204 9.820151832477973e-08
205 2.0646095014422066e-07
209 2.490853471750225e-07
210 1.1536577712061451e-07
212 2.2915494364648077e-07
213 2.1729762941846445e-07
214 1.1191303367280995e-07
215 4.866174246770557e-08
216 1.30551146632711e-07
218 6.727506481943162e-09
220 5.093475359237591e-07
221 7.754786263373442e-05
227 7.14755241640634e-06
229 5.886987331984687e-07
230 4.536652053951518e-06
232 1.56203862361637e-07
233 1.5041331776640746e-08
234 3.127174687177313e-06
239 5.386198033517921e-08
240 5.3051802188341337e-08
241 5.377624966184909e-08
242 2.1565975843800893e-08
245 3.3576578581157104e-05
246 2.434573500057924e-07
247 6.463476444846605e-05
250 2.2695481178669518e-06
254 3.839251989565339e-07
256 1.3840308811350098e-06
259 3.1167371740349613e-07
260 8.40983585449457e-08
261 3.4523859994709016e-08
262 2.0360539654251678e-08
263 1.368187548349852e-08
264 3.2451051207652153e-07
265 2.8059152456627056e-07
266 3.6000459692068814e-08
267 2.1453160786332076e-08
268 1.4912686609231013e-09
269 3.20602608730306e-06
270 8.492246965581137e-08
271 1.5923050580246983e-08
273 1.127148434511508e-06
274 4.1055971845989755e-08
275 1.1094307114363672e-07
277 2.3147663765828336e-05
278 4.0279361470910176e-08
279 2.631427853673757e-07
280 1.9230352891899777e-07
281 2.3369926061432734e-07
282 6.169523679091011e-08
283 6.897416201571616e-06
285 7.986339708528456e-06
286 3.4913297157186997e-06
287 4.2408650270461664e-08
288 1.7644130198009983e-08
289 2.4060044972263377e-05
291 2.9355988242366495e-07
292 9.894430745830776e-06
294 6.010811772021472e-08
295 3.304373363502835e-07
296 5.889771075632876e-06
300 2.8401754107716784e-05
301 1.86187372475025e-07
302 1.6398280737365115e-06
306 3.2020902805445966e-06
307 2.11919158434463e-07
309 1.4056277858497547e-06
310 5.672811767845552e-07
315 6.362243988630999e-06
316 1.1275444896355122e-06
317 2.444865074119683e-05
321 7.615353332772757e-06
322 6.519225854742255e-06
324 2.869954506576342e-05
328 1.17542556299946e-05
329 2.8420621730646664e-05
330 5.137399026676758e-06
335 4.891819562629001e-06
336 4.6127397248920904e-06
337 1.6636724115852573e-07
338 2.7501850416606643e-07
339 4.575931903948676e-10
340 5.203721791899054e-05
343 1.3538253371845287e-05
344 5.592547241388086e-08
345 5.998814261775293e-08
346 4.9105981397662415e-08
347 1.5670804753592007e-08
349 7.809307337495593e-08
351 1.0896206510271346e-07
353 4.561917947478301e-06
355 1.2614641873050792e-05
358 2.6997977715384984e-05
360 4.391929487523912e-05
361 3.312293403128242e-07
363 3.0272035932693904e-05
364 2.3778098805718617e-05
367 1.0760366832588492e-07
368 7.368577479352069e-10
369 3.788172318974853e-07
371 2.7344139543846165e-07
373 2.1711561104598964e-06
374 4.179755616038964e-06
378 7.704759396869716e-06
380 8.821247360028296e-06
381 2.3077447998865817e-06
382 1.3419506421744072e-06
383 6.212281456819333e-07
384 4.0395249627993015e-06
385 1.2850905726870008e-07
386 1.8246446371101298e-07
387 1.1940486570468074e-06
388 3.488182026312386e-07
389 6.441436992163016e-07
390 1.081755104112894e-05
391 5.24593869435671e-06
392 3.9175774924914664e-07
394 6.100952768264098e-08
395 1.511137849816809e-08
396 2.3708022617396197e-06
397 6.314281313453338e-08
398 4.958394754282056e-07
399 6.331075359916262e-07
401 1.9919682688776018e-06
402 1.927210860532218e-06
403 1.4409174500358225e-06
405 9.69397330981131e-05
408 3.7847210525987647e-06
409 3.678372816731737e-05
410 1.360453647940365e-06
411 5.257916541505951e-06
412 1.1337180482868224e-05
413 7.167712943214065e-05
414 3.056329302662966e-05
415 4.472252876272416e-08
417 1.2329756124139693e-06
418 6.63850773060776e-09
419 2.957079407849922e-07
421 1.107498199407253e-08
422 2.474503464025403e-08
424 1.8015576944742e-08
425 1.7148412973999157e-08
426 8.64483451560563e-06
427 3.6120171016936814e-08
428 6.465219123177059e-08
430 4.814547019500678e-07
433 1.1674512652497125e-06
436 7.161076116321172e-07
437 4.36307346825811e-07
438 2.405238590550082e-06
439 3.0206422697444194e-06
441 1.5874569178787555e-05
442 1.9389346764513775e-07
443 6.968653641660833e-06
445 1.3463467275935803e-06
446 8.216890035488971e-05
447 2.0864324545269248e-07
448 3.545467671601909e-07
449 2.804373860870579e-06
451 5.0114506363782666e-06
452 8.93191457707952e-07
453 1.6486940944106566e-06
454 4.17940136931303e-07
457 1.8237097618281533e-08
458 1.2056713337492225e-06
459 5.078518885857501e-08
461 2.2390733345944663e-06
463 2.0814827742473942e-07
464 1.4764785815178578e-05
465 1.47851540909312e-07
466 1.9098264086720612e-07
469 1.7607315375036784e-05
474 4.954893771826368e-07
475 1.8062405121524795e-05
476 4.712414581019643e-07
477 1.5409744022938008e-07
479 1.2393632703890878e-07
481 0.0001870223995409671
482 9.971693940700042e-06
487 3.950956191964817e-06
488 9.199720808164539e-05
489 0.00041854406770955923
491 8.157073900131483e-05
493 8.781911886305054e-06
495 5.0502502716301555e-05
497 8.883012528048225e-05
499 0.00047763052112468566
507 1.1455761294886391e-06
510 4.834103669223048e-07
514 5.063244364224014e-06
516 3.0762668024689515e-06
517 2.0819715499622363e-08
519 1.7721348961676695e-07
520 1.4695243736170538e-07
522 2.2190741749429442e-07
523 2.843042993502376e-05
526 2.065781759683797e-06
527 7.383302835049456e-07
528 7.2339837744133626e-06
529 3.8750616420828896e-07
530 1.5738483486046338e-06
531 3.86557116443899e-08
532 4.853530120564143e-07
534 2.874152681509089e-07
535 4.066811484464064e-06
536 4.973695848964675e-07
537 2.5955619094514406e-07
539 4.765522014720751e-07
540 5.806428510518106e-07
541 2.8162376413412883e-07
542 4.0442968512050764e-07
547 6.151241475313286e-06
551 7.598659771931074e-07
552 2.9226192267593268e-06
553 1.567997201654553e-05
554 1.3621758858850453e-05
556 7.588903999201588e-06
558 5.5633573816733025e-06
563 7.619692685788916e-08
564 3.888539116446868e-05
565 5.4378885988378126e-06
569 1.8050829160938715e-06
572 1.0275636289219061e-06
573 5.2636293789396974e-05
575 1.8374994632279961e-06
576 1.1141100548686431e-05
584 6.994754243803453e-06
586 4.2721726002526996e-05
587 2.8977532904991203e-05
589 2.5987105792743564e-05
590 9.881362271205453e-06
595 1.0254227232027565e-06
596 3.9056165384364295e-06
604 9.218529418380423e-06
605 3.931269695230452e-07
606 1.062125120589656e-06
607 0.00012950517350487548
609 1.3953488477860867e-05
610 6.368520955505657e-07
611 1.0971766553257746e-06
612 8.322598820895485e-07
614 5.15047263701707e-07
615 4.1432000244228077e-07
616 4.7161691615930606e-07
617 3.5950564469485934e-07
618 4.1677654619023224e-07
619 3.482154594835603e-07
620 3.468984902715837e-07
621 2.6988109277258957e-07
622 6.682837141201593e-07
623 2.680100246460597e-07
625 2.8630567958715913e-07
626 2.472575624463578e-07
627 4.1390467697038656e-07
628 1.167748415797467e-08
629 1.3391086943614137e-08
630 1.349241404413079e-07
631 1.928493636241414e-07
632 6.242441045332488e-07
633 6.663959846012168e-07
635 1.1228643588124166e-06
637 1.9472048078022326e-07
638 2.778411699124549e-09
639 1.664116171986916e-07
640 3.0706160598342034e-07
641 1.198961887334477e-05
642 3.738380380866626e-07
643 1.262558120395886e-07
644 3.9499106825229784e-07
645 5.6364079500326754e-08
646 7.888412411477243e-08
647 2.0341078023874347e-08
648 5.923178515943833e-07
649 5.33039270545302e-07
651 1.3223798366446248e-06
653 9.651153037322404e-06
654 8.299635513649233e-05
655 7.328807985476453e-05
656 3.2202443301724735e-06
660 6.889206780460507e-05
665 1.521117053805574e-05
667 1.4217501115686095e-05
668 2.767748003797738e-05
670 4.516809559276243e-05
673 9.919356917849997e-06
676 2.0515754529662386e-05
682 7.354795153897908e-07
685 6.3060005278414546e-06
687 3.394825047051909e-07
691 1.4555357130632457e-05
694 1.1308272175186622e-06
699 3.7710730282082863e-07
702 2.6494355807664753e-06
703 1.3567716589261407e-05
707 2.7066883647284255e-06
709 6.744916062360418e-09
710 3.6140177100342334e-06
711 2.836269265385571e-07
712 2.0612616353315114e-07
713 2.6622365115870107e-07
714 2.6324996583804885e-06
715 2.0289973174153605e-07
716 1.2285830998756165e-06
718 2.082113428686987e-09
719 2.3710017038590464e-08
720 2.2408806625295475e-08
