129 3.21779192766156e-06
677 7.214353605426489e-06
486 1.2302978164596893e-05
475 4.6180838649023135e-10
443 5.815239428221978e-06
170 4.55718069545211e-06
665 1.59212216543172e-05
51 2.8992890776796025e-06
186 2.062804006533988e-06
320 3.2920581947882247e-06
329 7.810190316172494e-06
664 1.1481925486672173e-05
56 1.956519417739827e-07
470 1.9345017733505808e-05
696 2.8933244128283867e-06
660 2.370732555730966e-06
178 4.7226753467792407e-07
225 1.2443924297111313e-05
237 3.749844274524955e-07
322 4.6644957602348187e-07
335 1.0800141526474916e-07
472 1.7715762455223604e-05
689 1.0486244566484253e-06
701 2.794516262537069e-06
94 2.2094305070270138e-06
31 7.003443043510976e-07
244 5.870712844815411e-06
301 5.090462077170804e-07
471 4.9471136902700594e-06
477 6.385495946395137e-06
589 1.2961331623248039e-06
601 2.7785354119710364e-06
680 3.2342106603327637e-06
699 2.112560425194773e-07
682 2.288503580873577e-06
40 4.63725719318947e-06
230 3.1731199092725427e-07
375 7.29970168228148e-07
497 2.5514748508817152e-06
604 8.649107254370822e-06
673 1.6152531131179572e-05
30 6.807321682557903e-06
36 6.415166749508508e-06
49 2.0621912778733028e-06
131 9.333317387226976e-07
223 8.705726723339767e-07
250 1.3218389256034234e-06
295 1.124723508773282e-06
337 3.2700641660180376e-06
357 6.239777360514901e-06
380 1.4070903492645448e-06
419 1.8253744196586464e-06
502 2.7952715693050786e-05
513 1.170831399957858e-05
517 4.387328581146028e-06
555 1.4326298771543452e-06
564 2.0929544314303204e-06
580 6.618442585953821e-07
586 4.287970750736201e-06
588 6.998477931115212e-05
590 2.81797728461924e-06
595 1.0267711273964013e-06
597 1.6117042157180977e-05
602 2.453197976461183e-06
614 1.6308476953764452e-06
644 5.267033219641272e-07
668 3.971344140233406e-06
704 3.477362611717537e-06
706 1.510945410416436e-06
708 3.588655241867761e-07
715 3.0936829637992834e-06
325 1.0650536317036995e-06
355 2.8871996335690553e-06
20 3.4416038209665253e-06
43 1.5956059912623156e-06
88 9.192733136863729e-06
115 1.8666357298369947e-06
130 5.865862049115638e-07
171 1.0444966444615898e-06
228 8.926648972960772e-07
231 2.83038658993985e-06
238 2.401643579470553e-06
316 6.744820712909082e-06
319 3.64419015831248e-06
324 3.820282255130754e-06
333 3.963950835911931e-06
336 3.7253927940824234e-06
338 1.3673424722568074e-06
342 3.232961193853809e-06
392 8.027651762064792e-06
467 5.24084277940766e-07
501 1.0603471776864841e-05
530 1.46549283016974e-06
552 5.9082835650683e-06
569 1.5107596380077704e-06
582 2.0284268007552804e-06
593 5.920742990537717e-06
596 3.6801924407661456e-06
666 1.3426982324726988e-06
670 8.756559328079975e-06
684 3.1397223202824654e-06
688 1.4222142764833844e-06
711 1.5803655028830646e-06
714 5.063453381963355e-07
727 6.802660371825286e-07
