11 2.3082888709268074e-06
33 3.813914151379156e-06
37 6.8748997554454784e-06
167 1.0051076275209042e-07
196 2.8127977626258567e-06
232 2.2564743005012244e-06
257 1.714383955080158e-06
279 2.488861701724622e-06
286 1.8173600219220014e-06
298 1.9700428201258853e-06
307 2.561128167173002e-06
327 3.2441346490684998e-06
360 2.557261611012702e-06
368 3.1417071095631212e-06
417 3.3823684614285134e-06
444 3.346006176485486e-06
463 7.652321889251757e-07
482 1.2699063054969335e-05
491 3.5381087438525705e-06
508 6.963484586252243e-06
566 9.59828505721384e-07
567 4.150996988956891e-06
576 2.3922561722553425e-06
581 5.63497831375322e-08
591 1.7495737884644298e-06
594 5.607071232909975e-06
600 1.1325020218286634e-05
606 3.6398038006440136e-06
663 2.9283287442490235e-06
667 2.881549993254439e-06
672 2.6362238643549716e-06
674 1.9997763245221513e-06
679 3.0200179037666196e-06
681 1.1571682376174967e-05
700 2.0150296037721595e-07
703 1.794902226909624e-06
709 2.2589190896483256e-06
719 6.699815367958461e-07
453 1.2821840523855179e-06
592 1.0020580521943304e-05
343 3.2796423006404133e-06
685 5.42794504947348e-06
136 2.467703039204893e-07
187 3.4021410310505136e-07
474 1.3336303723319053e-05
479 1.4067574880493842e-05
19 2.6581478484980507e-06
356 1.8561570664223285e-06
587 2.7179505309789185e-06
662 2.4831676257440046e-07
707 6.776822498368547e-06
326 2.511170466527413e-06
383 1.3070057139640582e-06
379 1.0680642510785663e-06
503 5.392495842083228e-06
623 1.1688755534870368e-05
583 5.621706892339588e-06
39 2.629340333119078e-06
332 2.3247275929542695e-06
495 1.2527051738470542e-09
505 5.783408723551551e-06
179 9.788779787663886e-07
547 1.7820213539015077e-06
697 3.1442238274595108e-06
705 6.250527590726461e-07
559 3.702039956174858e-06
634 1.931015200321225e-06
675 1.67713081883437e-06
687 5.012530294377085e-06
382 3.0881931811892145e-06
695 1.5131027284503775e-06
59 7.8697340973234e-07
224 7.821907915481293e-06
702 5.570569057284728e-06
219 6.209123365415602e-06
554 2.8965312685502547e-06
