135 1.9044182801929807e-07
25 5.267252428983337e-07
143 8.661192681291059e-08
523 4.161806427500963e-06
420 9.566734316573143e-07
259 2.1135615449165653e-06
304 1.4266502849084368e-06
577 3.4616030584886505e-07
598 2.5912016623799495e-06
618 7.250408877603963e-07
431 2.6528150954516788e-09
424 3.124193511966176e-09
603 7.755780440968766e-06
251 7.079697721137316e-07
716 2.8186012446660884e-06
42 8.987666256664768e-05
47 5.533188924153721e-06
507 4.080778230958458e-06
510 8.417046760777427e-06
489 8.41627807473269e-05
330 1.1243918285799372e-05
0 0.00019488563471109827
1 0.00010997323670192818
32 7.07907854032744e-06
35 1.1677455749701087e-06
48 5.2560319586163895e-06
354 2.0510506585333485e-05
415 3.224288401581259e-05
511 3.270227769301962e-05
573 3.382745943949902e-05
249 3.958848864284252e-05
323 6.555595333402545e-06
29 0.00018800410956356536
671 1.9336457988072333e-06
676 1.4117390107093666e-05
686 3.2522625407665995e-05
9 1.7003346008395895e-05
21 4.774674912903262e-06
247 2.5092896825288287e-05
381 2.1500774692882192e-05
3 0.0001640627575452628
17 6.774036129670788e-06
34 4.097251856201587e-05
145 1.018473572572859e-05
490 0.00025726147781810014
571 2.3808332983176215e-05
46 4.3053711658405934e-05
285 5.438538250840176e-06
568 4.1363501210022576e-07
414 1.0933599362296026e-05
226 4.6074905428143003e-05
484 8.189718077348752e-05
669 3.8925176537831944e-05
160 3.5555491374948556e-06
254 3.9882434272347665e-05
114 2.4618804233253232e-06
149 1.3852922247489593e-05
158 3.871725038012584e-06
165 5.387211417551538e-06
488 9.911900908716552e-05
553 5.208242712902143e-05
221 5.981150297130405e-05
310 0.00010362452692789274
504 8.228860806201785e-05
125 5.288628716863594e-06
613 8.951029491932128e-06
245 6.4103561321500995e-06
428 2.3471326531430894e-09
430 1.6515639389509594e-09
446 5.441583537779368e-06
533 2.5963969345833137e-05
678 1.375838516882091e-05
26 2.5328135870304773e-07
75 3.142706357094588e-07
81 4.868509394749537e-07
84 5.899135702780046e-07
297 3.2655214172451927e-07
421 2.2332751561739856e-09
433 2.2691348132553082e-07
436 4.817711477244192e-07
441 1.2399730774685223e-06
442 2.560782642679317e-06
452 3.979997130016639e-07
454 3.1014141336630303e-06
459 4.279082463355984e-07
469 3.2540758592315286e-07
473 1.4732857256085206e-07
525 3.512186365527515e-06
654 4.7577369017683186e-07
721 2.2358964082372837e-06
722 4.3161801918492493e-07
723 3.213851143769696e-07
86 9.59987824933854e-08
172 1.0381464339816529e-05
561 2.550994223058372e-06
120 4.794531384472753e-06
509 4.318543888251696e-06
222 3.70336407030216e-07
599 4.96059351059609e-06
147 2.6510153149329235e-07
