694 2.5175483641743276e-06
229 5.436409994141151e-06
41 3.139494369922213e-05
73 5.97533376645446e-05
718 2.278302331893142e-06
374 7.137361153713098e-05
378 5.624708476000461e-05
362 3.628803269810122e-05
432 3.2107650313976296e-06
500 7.777461186387326e-06
691 2.6791050994320333e-06
429 7.68767392535744e-06
255 3.23063867134864e-07
113 2.6628515027905126e-06
435 2.9029486502633144e-06
494 0.00022834324709190344
253 1.1939262419419152e-05
498 9.265843383605803e-05
163 2.613039643595221e-05
314 2.3108785308537488e-05
188 3.57424281706494e-05
437 1.9641623057628247e-05
123 2.490980439001085e-06
516 1.4473427580878155e-05
426 2.188697465102268e-06
558 0.00011454356806829055
563 9.374728066218425e-06
299 3.0059208985366184e-05
227 1.144938759740143e-06
438 5.75251572426805e-07
27 1.3157638936232247e-05
87 0.00015996184396095304
176 1.8739272969050662e-06
361 1.2197291686076092e-05
10 0.00015859989290832653
116 5.503920336928764e-07
122 4.1637414432267034e-06
128 2.0119341354697497e-06
278 9.346075846218714e-07
302 2.603418946766059e-05
317 5.587788805447423e-06
345 1.2035173872224692e-05
449 8.431972105880413e-06
476 6.237179067921702e-06
524 1.7387574163721669e-06
532 1.6029685305426104e-05
584 7.96142983149382e-05
211 5.200074522378775e-06
372 3.1601004080517673e-05
38 5.242128028390802e-05
124 1.2682153964131796e-06
328 1.9976661653070083e-06
331 2.340133723818811e-05
358 2.9070161282567682e-06
447 6.929150452098878e-06
520 3.358334936932359e-06
574 3.04066237766992e-06
690 1.1370988668980171e-06
407 9.670127178696359e-05
496 7.273230959382064e-07
153 0.00010765673795921136
183 2.5017467575311974e-06
578 1.5385054605276184e-06
693 8.745619829782336e-07
485 0.00015536680193062658
155 2.4436289625288217e-05
434 6.044719172818631e-06
161 5.174427916488458e-05
271 3.1970526952109666e-06
344 7.806185331551735e-06
18 1.3172330455965373e-06
166 5.959867022231637e-07
365 2.46048837553848e-05
542 1.8523877034693328e-07
288 4.54453893819061e-06
377 3.4143573481327374e-06
159 3.400465566115651e-06
169 3.462241574393694e-06
712 1.2136825139828227e-05
352 5.816612761526039e-07
717 3.1442062212273406e-06
106 2.4555459430673268e-06
105 5.604720784833909e-06
315 3.432453292522056e-05
411 3.767553115162467e-05
246 1.512647637994775e-07
607 1.2508455426580978e-06
91 1.4883279954208127e-07
334 1.8024418461776795e-05
96 2.525863291259801e-05
728 2.6483004404944568e-06
192 1.2303953133070305e-05
5 6.57610655537228e-05
28 3.573056389076759e-05
164 1.8143115662712004e-06
168 4.3268776164986425e-06
422 2.6203204054351517e-07
562 1.3876063741251175e-05
248 1.9265899214827672e-07
291 2.0646174355468728e-05
141 2.7503873588416573e-06
548 4.5114790856314276e-07
713 1.914166426419958e-06
306 2.061958165501951e-06
556 7.533048246001066e-06
44 4.527255906150422e-06
512 3.142155818851168e-06
557 2.3432715506434183e-05
260 6.336791919069241e-05
162 2.350959728195998e-06
487 1.1141640644029829e-05
191 4.011820804227997e-06
359 3.51799813017759e-06
527 1.4127969199794728e-05
683 2.8990030228473874e-05
206 9.521615835934338e-07
605 7.332050469103134e-07
252 2.080163005045853e-06
570 1.5249530556730327e-07
80 5.6726809440177625e-06
184 4.2235350679176346e-06
579 1.6383917634956042e-06
97 9.484640554625794e-08
60 5.317022510924164e-07
448 9.114064573469809e-07
408 8.942416854886426e-06
416 3.427063592741374e-06
506 0.0005279373158843285
621 1.1709389975935147e-06
651 1.1263034286009652e-05
409 9.936144115047608e-06
154 1.018402044478607e-06
565 7.552348300617898e-06
55 4.1067053236820086e-07
152 4.2997469910511654e-06
522 1.0987535513360486e-06
537 5.603437288430209e-06
637 2.685301113420656e-07
658 2.87148195752391e-07
174 6.672834001199981e-07
275 1.0351863060393099e-06
12 1.0648265439646473e-05
300 2.1205883915350419e-07
617 0.00013586179666632992
92 1.333449851268873e-07
726 5.7076572560485207e-08
619 1.2502940368836724e-05
65 2.2486022875595393e-06
544 1.8022828759336668e-06
90 4.2146836084001774e-08
95 2.9742844586350544e-08
102 9.320494534506363e-08
243 8.313056231780022e-09
268 1.8014602418879678e-08
274 2.5829817820081075e-08
151 7.252551745193554e-07
220 3.6613168588697794e-07
390 3.4726476325885e-07
519 4.323106954221095e-07
521 1.2509910942594902e-07
534 3.298937701544298e-07
536 8.624470675480096e-07
545 3.0262498305990266e-07
551 2.2688250117065215e-07
616 4.154209252143277e-07
627 1.0391478482838201e-07
629 1.3689862151377926e-07
642 1.938386197039958e-07
148 6.05656533685557e-08
98 5.564846588755894e-08
203 2.5703513855148417e-07
207 1.3274727187534655e-07
267 6.861450367414759e-08
514 4.448833364501952e-06
698 3.270376732026849e-08
139 3.976356973249643e-07
367 1.097935317842066e-05
177 1.0419749788881913e-07
294 6.707489567466648e-06
493 7.655043339021533e-05
364 1.1678214603412047e-08
110 1.0813383313052857e-06
280 1.4601466547730179e-08
201 4.993980656931013e-06
6 4.09932192359165e-06
202 1.5992660068914368e-05
212 1.7059700918250745e-08
272 4.58184989018596e-08
276 6.104468048577027e-09
351 2.5620466667173147e-08
363 8.945067447956976e-08
528 1.216314374118145e-07
610 6.476694936579876e-08
575 2.5323834157184645e-05
16 2.91431060071469e-07
58 8.478454774231517e-07
69 2.1786425888840044e-05
70 8.546744334596576e-07
175 4.168384915071294e-08
208 1.5970307248359205e-07
371 3.1682817068485133e-07
384 8.39924155610679e-08
386 1.6396104765862974e-07
393 3.027525336385383e-07
395 3.8853837193151806e-07
398 3.5315000323943913e-07
403 1.3623744271298918e-07
404 1.9222141006647386e-07
412 1.7208220703642996e-07
413 2.528609542361826e-07
439 1.781938756251273e-07
457 9.639168414416573e-08
464 6.767116055436716e-07
466 1.4343479759876732e-07
538 8.722795516480579e-08
540 2.0323088574317248e-08
560 7.738912863731387e-07
611 6.054616999651856e-08
624 5.187359853724137e-08
625 4.170075801095332e-08
640 1.770842553617409e-07
650 4.623344719736814e-08
657 4.477792169593917e-08
661 5.3156664746913914e-08
4 2.7195015716988605e-07
61 4.521657297009922e-08
103 2.546582097519505e-08
213 6.344571935184279e-09
269 1.370912273675874e-08
273 1.1729479524036283e-08
283 1.3233261814318747e-07
309 7.21291282511317e-08
499 4.2549968846556904e-07
539 1.0562150260028389e-06
608 8.07618644984017e-08
636 1.2973318862411278e-07
109 6.950440578599185e-07
287 8.20425820858128e-06
366 2.145087986287257e-05
117 1.1373273309262798e-06
235 2.467934916275012e-06
2 4.957120214231372e-08
13 3.2162280375168622e-09
15 4.548488742474591e-08
54 1.4337196221823368e-09
66 2.899925693892912e-10
99 2.246384731150131e-10
104 4.300660536164215e-08
108 1.409182798644088e-09
118 6.066673636412103e-10
134 7.748393195741165e-11
137 3.0019462619075834e-10
194 1.3532909936464093e-10
218 1.2211988762044712e-10
233 4.111272015930355e-09
239 4.4628541332310934e-10
261 2.4409930046747396e-07
264 5.199970278829104e-09
266 1.5066582389007564e-07
284 3.8962002882228414e-09
289 2.971619897059295e-09
312 4.764285902415445e-09
339 1.2671392730883523e-09
349 1.2749121979854463e-09
353 2.763047723309407e-10
389 4.578503478775005e-08
394 7.519834134528971e-09
468 6.361507181071e-09
543 7.931711048712812e-08
550 1.8252767378041338e-09
572 8.441665178542817e-09
620 6.905716920260387e-08
626 2.6902359958061824e-08
630 3.247258276227129e-09
638 2.421047203236606e-09
649 3.308005166307966e-08
724 7.432101387875199e-10
731 1.2584210603102052e-09
385 3.7077154338321e-09
7 1.2248763476888749e-08
8 3.560277817088177e-08
23 8.412714319167837e-08
62 1.9683009327970014e-07
63 4.011926584434422e-09
64 1.331264246483653e-07
68 4.8863824235528585e-08
72 6.542573206668345e-07
74 9.817515154048166e-07
78 1.004165049435294e-07
85 2.0040246573102034e-07
101 1.9800846135793063e-08
180 6.753182802298268e-09
256 4.533247146205848e-09
281 8.194616003534e-08
311 1.5845294362525277e-06
313 1.8001375200679417e-05
318 3.3137891671296963e-07
391 3.162880057563009e-08
400 1.5941408275944623e-07
401 1.8688101088522418e-07
405 1.1558670864285424e-07
410 1.3309672594874742e-06
445 4.9321212097539004e-08
450 1.477461304849501e-08
480 3.4763186427148906e-08
531 6.39160820388631e-08
535 1.3032137168764846e-06
541 3.4109097881775265e-07
546 2.7588844002356356e-08
549 6.786460019911554e-08
622 1.445648522346353e-07
641 7.426018721407624e-08
643 1.3856817533997266e-08
647 7.130112722948316e-08
652 1.613281274099217e-08
655 1.3022324020782802e-07
656 5.087480092370368e-08
730 4.324287231736205e-09
14 2.045566525280618e-09
53 1.8438212561312936e-08
79 4.88580876699897e-10
83 2.2579206269606082e-10
93 5.723296519138832e-08
107 1.2242318983234324e-11
133 6.654145373334502e-10
138 2.6455457831508646e-10
197 1.7303164927070208e-07
210 1.2354159561795802e-08
217 1.1300012625890594e-08
234 1.1790155144883142e-09
236 6.854118611800707e-10
258 1.181036182943699e-06
262 2.108974349120118e-09
277 1.657350346092364e-09
293 6.88811031584192e-09
340 1.220656510220115e-07
346 1.7457850928117848e-10
348 1.1233967684176121e-09
350 4.143555433543234e-10
369 4.615954959579106e-08
462 2.977715781693212e-10
492 1.8171468955218464e-07
526 2.3034738481233845e-09
612 6.08117082038693e-08
615 3.053906224851062e-08
628 2.6214148526081367e-08
631 4.159593587590083e-09
633 8.467523878431267e-08
639 7.667396822962457e-10
645 1.3296616994254675e-09
648 4.440272175156527e-09
692 2.975318109227577e-09
181 7.823837960335288e-08
185 1.10582291771087e-07
189 1.0631359158738962e-07
341 2.729322648634318e-10
199 1.031864544272657e-06
100 1.5143956995581866e-09
144 5.177204953474173e-09
173 9.05522723016909e-07
182 1.3379892394430436e-08
193 2.860454914889971e-08
242 5.1787715222085877e-08
373 1.2744298144449538e-07
397 9.38306733823038e-10
458 3.1096770647230555e-05
157 1.5184194291607199e-06
423 1.4505524878016587e-08
119 1.493305261220077e-08
22 5.345558558368383e-08
71 3.7962916265004204e-08
198 4.017336256701221e-10
209 1.1490471584217202e-09
270 4.361630233595002e-10
282 5.0782109183310545e-08
347 3.3900553354660966e-09
455 6.084912777920104e-08
465 3.244904006938425e-07
646 4.8686997049776963e-08
659 2.6834929110803446e-07
50 8.42422781787457e-09
57 4.55719082033265e-08
76 3.4715458830196426e-09
77 3.4715458830196823e-09
89 6.639508833008763e-07
121 2.2368259108464756e-09
126 3.460114314312527e-08
132 4.9507923239343705e-08
140 4.134795632127064e-09
142 9.255104817507592e-10
146 6.851921005643914e-10
150 4.13510451568717e-10
156 4.581765849709336e-08
200 1.608090962640822e-08
204 9.789389624397976e-10
205 1.0088073853480237e-07
215 1.5960717644528686e-09
216 5.8439380978035255e-08
240 1.1553019529091023e-08
263 1.2111763133007173e-08
290 9.127559905616366e-10
292 4.5973525090846165e-10
305 6.547664791479538e-10
388 3.3930968598464313e-09
399 2.0756069496685453e-09
402 1.1972261359628797e-09
406 7.751566376758165e-09
440 3.2256733314431177e-08
456 1.083757197498176e-07
460 6.110532346264797e-09
483 1.2774037382841797e-08
515 3.7743995678942033e-07
529 2.2974192705927703e-07
609 1.2073632729423674e-07
710 5.45321918349805e-08
720 4.842236846050877e-10
24 7.495434431126976e-08
67 1.948486773959948e-08
111 2.7675402828685453e-08
265 1.7273370198149648e-09
296 7.0253675382698086e-09
303 5.558451839579684e-10
321 2.0466295671970104e-08
387 2.6855809894354217e-09
451 8.272695639578555e-09
653 3.2160653272423965e-08
725 2.3095197443768425e-06
112 5.402402592557907e-09
45 4.6160870600651124e-08
190 7.868235439347052e-07
370 1.3116556912853326e-10
427 3.0590797865208827e-09
376 2.9761040866575504e-06
214 2.8399871406638798e-09
632 1.1857511027886608e-07
82 1.4503039863378037e-07
241 2.7232591991301953e-09
396 5.0463749462693945e-09
418 1.0616493802386342e-08
425 1.0531876965557273e-09
461 2.0409143919859408e-07
478 9.712792262380438e-08
518 4.456024165283822e-07
729 6.786064092535137e-10
585 1.6407723604769866e-06
127 2.1657009430627847e-07
195 6.33405959292737e-08
481 8.889020989013757e-08
308 2.91815048179577e-06
635 2.2496294670137845e-07
52 5.057594157502214e-07
