2 1.4265211461222085e-07
3 0.0001724999056427019
4 3.0338938156995073e-07
5 6.972555443625887e-05
6 9.813105602962644e-06
7 6.045573931111968e-07
8 1.09246930224231e-06
10 0.00019613236086868507
12 1.44255107683112e-05
13 9.728544382449379e-09
14 1.588902029362743e-08
15 1.15090154986884e-06
16 3.6480449867566944e-07
17 8.133864889458181e-06
18 1.3637558846867208e-06
19 4.681950734420431e-06
20 5.21347663698271e-06
21 7.635115192010311e-06
22 9.711030126396884e-07
23 7.384122062857711e-08
24 5.174924735118362e-07
25 6.234318738866149e-07
26 2.8353460980017666e-07
27 1.4694079657926463e-05
28 3.9191196214789254e-05
29 0.00021193655457538857
31 1.6482638745637222e-06
32 9.520784980608745e-06
33 3.5033298037261674e-05
34 4.796737284459504e-05
35 1.3338834805574909e-06
37 3.567416966391491e-05
38 5.998636187757842e-05
42 0.00012263092243835783
43 3.1133120520586448e-06
44 5.168771198800532e-06
45 1.1096279873187006e-07
46 5.255833542132471e-05
49 2.9183867687357707e-06
50 3.790869775240125e-08
52 7.616637817235923e-07
53 3.1678795052393757e-07
54 7.412741358738465e-08
55 1.9102325691538646e-06
57 3.655384261546172e-06
58 1.4348076935892853e-06
60 8.735991795680256e-07
61 1.099972442059468e-07
62 2.3330877000455751e-07
63 2.286844486992749e-07
64 2.124736707784717e-07
65 2.89835129607672e-06
66 6.262164645761839e-10
67 6.368487662121011e-07
68 1.8095659283106816e-06
69 2.071573043285958e-05
70 1.4059174005381194e-06
71 5.220869062361517e-07
72 1.057437385344738e-06
73 6.445874290285663e-05
74 6.13440185689652e-07
75 3.085747504300169e-07
76 5.26895310417462e-09
77 4.5714788173487165e-08
78 1.4085156847557784e-07
79 2.460904667365453e-07
81 2.1104052266029975e-07
82 3.5667373505928296e-07
83 1.1537419986139953e-08
84 4.051784967743596e-07
85 2.0489299026356065e-07
86 3.7075009023591627e-07
87 0.00019046009458628657
89 2.116860727843146e-06
90 4.0967579198151015e-07
91 2.7967104704459237e-07
92 5.539364574088478e-07
93 2.0836784373278196e-07
95 7.072178345537667e-07
97 6.714485288923456e-07
98 2.1469717379371778e-07
99 6.242023651748161e-09
100 7.485103118540152e-09
101 2.5419172711361625e-08
102 8.648477135708686e-07
103 4.055118078167252e-08
104 5.7341102333940724e-08
105 6.0990313727291245e-06
106 2.5027828731549194e-06
107 1.0081216951961703e-08
108 4.805557059081229e-08
109 1.1239434357395907e-06
110 1.14014671425934e-06
111 5.688479064546327e-08
112 1.626017828340698e-08
114 2.8458559342460874e-06
116 9.339170047484001e-07
117 1.966901767667037e-06
118 2.0621754293803653e-07
119 2.5117591628489965e-07
120 8.508116207289897e-06
121 4.528346115911179e-08
122 1.1050259349835821e-05
124 4.156751206285972e-06
125 6.0306278416993045e-06
126 3.673442566584239e-08
127 3.334679441719471e-07
128 3.0067669618280192e-06
129 4.37328537176937e-06
131 1.399387011733025e-06
132 5.8914813196138445e-08
133 3.625452694060838e-09
134 9.963148694808387e-09
135 1.9523980295124184e-07
136 4.299869233309215e-06
137 9.463149119951293e-09
138 9.811493070514139e-09
139 5.376143808155692e-07
140 1.1241440620989934e-09
142 1.5094608519975021e-09
143 1.1648251036678203e-07
144 3.358432142867908e-08
145 1.145340102857343e-05
146 1.6472574132703344e-09
148 1.9739993968240929e-07
150 1.1732082122557292e-08
151 2.0708697163088335e-06
152 5.8443839786056375e-06
153 0.0001221049273912641
154 1.5701618082160008e-06
156 3.673567812377746e-08
157 1.9970078869168404e-06
159 3.9056463142871006e-06
161 5.1221336739299405e-05
162 2.6890954958838095e-06
163 2.930689771307299e-05
164 1.978103300315508e-06
166 6.524604751545962e-07
168 4.6701115240080225e-06
169 4.23412303240778e-06
170 7.220562202096691e-06
173 9.961014955854752e-07
174 7.65990969170104e-07
175 3.157734482106282e-07
176 3.502806941507659e-06
177 3.2788129563038117e-07
180 6.349996663541365e-08
181 7.89626743208768e-08
182 7.794793686904128e-08
183 3.366680254366287e-06
184 7.1005732451830596e-06
185 2.1196342791021434e-07
188 2.848380077018045e-05
189 2.7154912723205445e-07
190 8.063147681068445e-07
192 1.4760127799340339e-05
193 2.3932195636015737e-08
194 9.440980239327123e-09
195 5.5352514131223466e-08
196 9.022292132278272e-06
197 2.5276922224006247e-07
198 4.866165767906367e-08
199 3.0590282919303608e-06
200 5.967821020454352e-08
201 6.5958236164209895e-06
202 1.5172261783011634e-05
203 4.117062850402072e-07
204 6.538890877407121e-08
205 7.075802542830069e-08
207 4.306411426946924e-07
208 5.776744306461337e-07
209 7.861767113067218e-08
210 4.4587015206246086e-08
211 7.758554227931785e-06
212 1.9682634305625865e-07
215 4.0920358770187035e-09
216 5.644990057750112e-08
217 7.128840186747715e-08
218 4.519320734264455e-09
219 1.5106666032899108e-05
220 8.47796082544823e-07
221 8.575388709838506e-05
222 7.93539278466128e-06
223 1.1946164758725447e-05
224 1.5905514328581838e-05
225 5.146753703895245e-05
226 1.372877937498594e-06
228 9.446646151384889e-06
229 6.032747269340432e-07
230 4.612653079866684e-06
231 3.8488069854778855e-06
232 3.240282722878595e-08
233 1.3426169306994638e-09
234 3.571959852824945e-06
235 1.2856637401684377e-07
237 4.437096396140294e-06
238 1.3470938500097841e-08
239 4.51708077807738e-08
240 1.3016621925263208e-08
241 6.298206292551174e-08
242 1.493648999266909e-08
243 5.969511914413592e-05
244 7.128345858466904e-07
245 2.7967066849961678e-05
246 4.645775026910028e-07
247 5.244170707065918e-05
249 9.578528909187717e-07
250 2.392703497263416e-06
252 4.076789634945792e-05
253 3.91924749385231e-07
254 1.4129969971813234e-07
255 6.448123545157278e-06
256 1.203554281511108e-06
259 3.15121706694712e-07
260 1.4691509933880522e-07
261 4.319047943166089e-08
262 2.011924687823265e-08
263 1.9672454173105428e-08
264 2.3836830390349462e-07
265 1.285312406778301e-07
266 1.7763299400648906e-07
267 4.934385395083683e-08
268 3.9546487288204676e-08
269 3.879392103310152e-06
270 2.3611229635649545e-07
271 1.0436277115136343e-07
272 4.2218491394233673e-08
273 1.1248027773704262e-06
274 1.3463873023257113e-07
275 1.4026815604170963e-07
276 1.7109477854212227e-06
277 2.185067107538213e-05
278 3.192558425731831e-07
279 1.2477031681942214e-07
280 9.601390288391916e-08
281 5.514197841008141e-07
282 1.5899592738573965e-07
283 6.495408927241938e-06
285 9.767147066307447e-06
286 3.3597077811228972e-06
287 2.5446060032507736e-08
288 7.631097040779276e-09
289 2.3097694932236382e-05
290 1.3356631506698287e-08
291 3.9342286062153644e-08
292 8.750737208983774e-06
294 2.372337456301636e-07
295 5.420288855894608e-07
297 3.435333988781213e-05
298 2.4096672725166456e-07
300 2.731385886664476e-05
301 1.979096397386047e-07
302 1.7385504695758972e-06
303 3.653982724322233e-07
304 2.255355787562399e-06
305 8.195588613654939e-06
306 3.4405436309526135e-06
307 7.545716222705828e-08
308 9.446212810930018e-05
309 1.4512185966016533e-06
310 1.5142886318282624e-07
311 1.7367751567914513e-05
312 4.2851016861299846e-05
313 3.6785063621528436e-05
314 1.327176062336531e-05
315 9.746081604047975e-06
316 4.72134740573975e-07
319 1.7966778605084822e-06
320 7.325834149198036e-07
321 8.060029050551817e-06
322 7.297220075411302e-06
323 1.8094525767337663e-06
325 3.075447147313927e-05
326 2.259606796145321e-06
327 3.438841943447811e-05
328 1.2209193827770548e-05
329 2.802194632003625e-05
331 6.398471908823803e-06
332 1.9874805345474156e-05
333 8.80923999466477e-07
335 4.961605971900478e-06
336 5.205025636895112e-06
337 7.3710830483718e-08
338 3.284265679916411e-07
339 6.323805690981084e-10
342 1.0285806362318557e-05
343 1.512080622026095e-05
344 3.146087480015858e-08
345 5.779494395046352e-08
346 5.8887044792465044e-08
347 2.244542326689773e-08
348 2.4094927330716054e-09
349 3.012539617399203e-08
350 6.561925884990724e-07
351 3.0195943812872194e-08
352 2.0905275121412526e-05
353 4.851280734351357e-06
355 1.4067367455116293e-05
356 2.7929610300267794e-06
357 3.6704863921992243e-06
358 2.64167816669563e-05
359 1.2624176280068042e-05
360 4.506062514878127e-05
361 1.1488147246312389e-07
362 1.056809791570788e-08
363 2.813735839788702e-05
364 2.3506037328908693e-05
365 1.0982696248222407e-05
366 8.405252849118931e-06
367 1.5380767431809351e-07
368 1.3515287202451932e-09
369 3.2550585206657334e-07
370 3.695866280321871e-05
371 3.600689586578273e-07
372 8.049713273376147e-05
375 4.3085327534278245e-06
376 6.356698326633693e-05
382 7.880797450007345e-07
383 6.187388735039867e-07
384 3.800341019138095e-06
385 3.0338025739956404e-08
386 1.017089529625157e-08
387 7.188723742962975e-07
388 3.434301111560707e-07
389 6.33747870574e-07
391 4.913507415695739e-06
392 3.7824662904184966e-07
393 3.552372323301371e-06
394 4.572515056272203e-09
395 2.2355622195834594e-08
396 2.1762333728650984e-06
397 2.235183336527056e-08
398 1.166914165074199e-06
399 5.987972095330036e-07
400 1.695271463070634e-08
401 3.536885415769935e-06
402 1.7423315074173783e-06
403 1.27816389481889e-06
404 3.906256035557873e-07
405 0.00010487318049772832
406 8.804976150259061e-06
407 1.422572498352509e-05
408 3.894775637309884e-06
409 4.1274542301370095e-05
410 2.3379907458561425e-06
411 4.903363829990251e-06
412 1.3636999488184241e-05
413 7.535149086466375e-05
414 3.069189982253711e-05
415 1.845516937703395e-07
417 1.34461439694702e-06
418 2.0678493411817704e-08
419 4.909002230232869e-07
420 1.1247414568673442e-08
421 4.365514982367751e-09
422 4.510847523742731e-09
423 1.931768410720577e-06
424 9.95234402652838e-09
425 2.0493108543546927e-08
426 9.103616092690301e-06
427 3.2195277566913444e-08
428 1.0391470268984912e-08
429 3.5259046175662742e-06
430 7.345567197695611e-07
431 7.586888331412866e-06
432 6.01372221958235e-06
433 4.346698206271826e-07
434 2.476177970089771e-05
435 8.772442912349502e-07
436 5.020129335071174e-07
437 4.0884856398379874e-07
438 1.7909193391365125e-06
439 2.667878415232578e-06
440 9.109927993287859e-06
442 1.3214305576847843e-07
443 6.870925358790564e-06
445 1.0405517582029592e-06
446 9.00983762021501e-05
447 5.818772245914073e-07
448 2.3753139823224725e-07
449 1.7998588540453567e-06
450 1.1692005437263936e-05
451 2.7438655412293294e-06
452 1.6851604356525806e-07
453 1.5202298794734626e-07
454 1.6094135050235318e-07
455 5.2535886887609655e-05
456 7.696466915933887e-07
457 2.2215144177251336e-08
458 5.620618790165671e-07
459 1.8759475244940864e-08
461 6.443024626120487e-07
462 1.332564397058516e-06
463 5.091107349001092e-07
465 1.3854977937433438e-07
466 9.116860224190228e-07
469 2.3534908348077025e-05
470 3.392159541807907e-07
471 3.187916457197245e-05
472 6.952873676578274e-06
473 6.452134779711164e-06
474 2.5281944974346027e-07
476 1.977757312211376e-07
477 4.1196236677563204e-07
478 1.6093580699662536e-05
479 3.341516858599614e-08
480 0.00011337513847704701
482 1.006269810542786e-05
485 0.00018088168657651277
487 4.055568903552715e-06
488 9.992945085261544e-05
489 0.00043618749778817726
491 8.632328425604923e-05
492 5.961452050140665e-07
493 1.0610891337144803e-05
494 1.2115450286517349e-05
496 9.203264003795989e-06
497 8.834033849599526e-05
498 3.208206639164698e-05
501 0.00014111346696005556
503 4.5400637566185575e-05
504 2.7363553462209034e-06
506 5.6250290880221355e-06
507 3.3406984526424336e-07
508 3.172890410835768e-05
509 1.3741817824532878e-05
510 1.3716405148025615e-06
511 6.511928936688188e-07
512 2.4264908089575578e-05
513 2.102020845432809e-06
514 5.622301485523283e-06
515 1.7376461298816695e-05
516 3.684750416598125e-06
517 5.493879358824979e-08
518 2.3788151446462016e-05
519 1.3186315270546297e-07
520 1.3412855781675086e-07
522 5.926283626742808e-07
524 3.530189347521818e-05
525 1.566363188750318e-06
526 2.3164759055067954e-06
527 1.1985248924664879e-06
528 8.315730645613538e-06
529 4.924794974286064e-07
530 1.622299329056413e-06
531 5.702221021107709e-08
532 1.8688222950354354e-07
533 7.806773282909521e-07
534 3.9940632403822226e-07
535 2.6710987651842803e-06
536 1.0745488632111634e-06
537 3.5708747229507586e-07
538 3.5315369223006874e-05
539 6.968164471450474e-07
540 6.375166445691472e-07
541 2.248710096592639e-07
542 4.044625617250537e-07
545 3.766401946625566e-06
546 6.3619889532263715e-06
547 5.97403072399117e-06
548 2.160980684565713e-05
549 0.0001406700350159096
550 2.4162745034184682e-05
551 7.299853603444043e-07
552 3.520957066486165e-06
553 1.6554318546099483e-05
554 1.5765091342228278e-05
555 1.0118640770179677e-05
556 7.578652031396686e-06
558 6.779501240010915e-06
559 4.949611235212349e-07
560 9.723248941911237e-06
561 1.5079469836455966e-07
563 2.9189078806754194e-08
565 6.843927913042446e-06
566 2.597505763739215e-05
567 2.7854743253385204e-05
568 4.409210696393226e-07
569 1.8219327662954529e-06
570 2.109856721533059e-06
571 2.469195989669093e-06
573 5.4874164551954084e-05
574 8.92881063588965e-05
575 2.3351653192796888e-06
579 2.3489170904089467e-06
580 5.6286269191e-06
582 4.888210237102168e-05
583 1.8832362310677105e-05
587 2.87342138673735e-05
588 2.9310617334976913e-06
591 3.0191591269402345e-06
593 1.1363820233503859e-05
595 1.2730553941997049e-06
597 2.014540703962589e-06
598 1.6035404613479612e-07
599 7.876500941791377e-07
600 1.3161237103391011e-07
601 1.638783705413169e-06
602 1.6954292927653748e-06
603 1.2590031914919429e-05
605 2.780585603101614e-08
606 4.0662618412526237e-07
607 0.000157211112365529
609 1.240870668526127e-05
610 8.709289645400656e-07
611 2.223124442671043e-06
612 4.193512544803061e-07
613 3.6874631068299295e-05
614 2.7705256493500086e-07
615 3.032426724007373e-07
616 2.3678403147682274e-07
617 3.483865027859806e-07
618 1.59648404640775e-07
619 4.301826538410554e-07
620 4.1535157891405827e-07
621 2.782588387598489e-07
622 2.4436428066629783e-07
623 3.550972228000919e-07
625 3.7211155517685994e-07
626 6.289964958377356e-07
627 9.513205241188015e-07
628 1.7562173345049092e-07
629 2.682918189478835e-07
630 1.9231562634427822e-07
631 2.0676334948088438e-07
632 4.0358083096362e-07
633 2.0536438721594947e-07
635 4.300198011056326e-07
636 1.4184178020679542e-07
637 5.508365193507452e-07
638 2.3859858129188794e-07
639 1.587406153978478e-07
640 1.1632283126724145e-07
641 1.2621620272871553e-05
642 4.983151902401015e-07
643 1.45818543047465e-07
644 5.604356042419808e-07
645 3.3416312597181205e-07
646 8.766630295949282e-08
647 2.742096384455903e-07
648 1.1197723751202835e-06
649 7.127144734818891e-07
651 8.307704602361894e-07
652 7.286385134891249e-07
653 1.169003031752648e-05
654 9.908922103037551e-05
655 8.228870406576762e-05
656 3.4624172496596988e-06
657 3.242291360609545e-05
658 7.079597222599813e-06
659 4.539661176776758e-05
660 6.925111833376843e-05
661 2.6680012769485785e-05
662 3.655292735636687e-05
663 2.1699595684672528e-05
664 5.401263769598249e-06
665 1.4215988836946092e-05
666 6.231142808002433e-06
667 1.4026619778886749e-05
668 3.0360335406255006e-05
669 2.9337547496547953e-06
670 4.69527712853648e-05
672 0.00013126909303397177
673 1.0653196043807869e-05
677 1.891483847982158e-05
678 5.0668457202517324e-06
679 1.852418832386546e-06
680 3.2549136570386245e-06
681 1.5456734960783704e-08
682 7.788902158863009e-07
684 3.379932680246136e-06
686 3.6064043633208194e-06
687 3.3539473895575987e-07
689 1.3313823051363601e-05
690 8.534673372892995e-06
692 2.493782637820386e-06
693 4.556423186162968e-06
695 1.863056886125338e-06
696 2.140933133532696e-05
697 1.0197159937983666e-05
698 4.600532085410686e-06
699 1.1783573497393364e-07
701 1.4334766296700895e-05
704 7.567928416954651e-06
705 5.909442637028712e-06
706 4.0147696498757325e-06
708 1.3218017759367727e-06
709 7.365954195498996e-10
710 2.0335587793565708e-06
711 2.5957395089923204e-06
712 1.008790600944847e-06
713 2.578153258414536e-07
714 3.4987943997138734e-06
715 5.923252604644439e-07
716 1.4427602386335389e-06
717 2.2735254264567884e-06
718 1.0001203904128737e-10
719 5.8846338024997304e-08
720 1.1553677590617923e-08
147 6.858851133097603e-07
299 1.321357721009949e-06
374 3.731630013204626e-06
483 2.8599893240991717e-05
486 0.00041487026244245705
608 1.2891028445428994e-06
624 7.388559010016335e-06
80 4.895492355092767e-06
499 0.0005441334446231207
123 4.916956130140404e-06
576 1.284605424965372e-05
258 5.6754108182101826e-05
584 4.808618931632615e-06
257 2.1611465173453595e-06
113 5.808058183278982e-06
502 1.2713610815895386e-05
251 2.216808950520258e-05
500 5.803429622476248e-06
11 1.350236557290723e-05
213 5.6683421739944084e-08
296 7.4170073454595e-06
694 1.3954366380962254e-06
