40 5.979991939858778e-06
564 2.9905946174140792e-05
167 3.787967758387096e-07
544 4.175072060707244e-05
165 3.943932129907211e-06
634 1.2573500704556723e-06
214 7.380207906051236e-08
586 5.004633340949375e-05
158 3.7205753144414312e-06
172 1.034599105465504e-05
318 2.0370625825324387e-05
688 6.76669990176662e-07
468 1.9959791092816922e-05
484 0.00011412967314748867
572 5.696054786875772e-07
589 2.3676472527309746e-05
683 2.815904841873382e-06
39 5.72192935227076e-06
96 3.406253009733214e-05
130 4.525641579206931e-06
149 1.4648639525080687e-05
178 5.542915537686954e-07
284 2.7906621190812607e-06
317 2.0989932558015143e-05
341 5.90989292627813e-06
377 2.0349473225353953e-06
460 6.126954265226964e-06
707 2.4329726760210626e-06
1 0.0001195707905297477
36 5.205910254129858e-06
41 2.5090421653502697e-05
160 2.7418259300499372e-06
186 6.299153824701631e-06
187 5.835301526137935e-07
248 1.8223467664309324e-06
354 2.652765526051774e-06
379 1.92091583281512e-05
671 2.8081907084961767e-05
56 6.743681413833561e-07
88 4.8247584334981925e-05
155 2.3579577610865875e-05
227 1.505819864133282e-06
481 0.00014481972787217326
505 7.162034837965768e-05
557 8.017087483132609e-07
577 3.954753860261336e-06
594 9.61912747910698e-06
674 6.212945635117618e-06
685 3.596787520582014e-06
700 4.213611834911453e-06
702 3.164420866212677e-06
703 7.060929933638774e-06
9 3.1663736923050534e-05
47 3.764090164946822e-06
48 3.3292789862484913e-06
236 5.075242127677972e-07
293 5.425496861772999e-06
334 1.0602033537591222e-05
378 4.416182926585075e-06
380 9.133190720805909e-06
381 1.514681814891588e-06
416 5.795602533018094e-06
441 1.5454714087755437e-05
444 5.4009319254749316e-05
464 3.821131689190086e-06
467 6.238417990336485e-05
475 1.4720699807926812e-05
562 3.209085437869159e-05
581 2.5356750888690714e-06
585 5.1983546669901414e-06
604 7.122154948797029e-06
675 4.6825001074257416e-05
30 2.6468127577544125e-05
51 4.358447121974049e-06
59 4.988965261523033e-06
94 2.948137919386927e-06
115 5.663338432443767e-06
141 4.544866352008071e-06
171 3.380915457338025e-06
179 9.610852928837084e-07
191 4.539327091209834e-06
206 1.6562590217149073e-06
324 2.555073080934598e-05
330 4.861886837657804e-06
340 3.707633216960705e-05
373 4.488446718221425e-07
390 7.866185775040153e-06
490 1.6365131551031844e-05
495 4.408529259060886e-05
521 9.728441065643575e-06
523 2.295580971246954e-05
543 2.5308879135373182e-05
578 5.80266134003747e-05
590 1.2461398725144296e-05
592 1.0556956484870492e-05
596 3.6422385131316496e-06
650 6.564530925151055e-06
676 1.8866223938024664e-05
691 1.2966514239924542e-05
