16
0.13220965099016724 -0.10716608145083036
0.10525025241525077 -0.016747707670623873
0.08916523350542246 0.06726260171660726
0.09002328761323913 0.1087926984034072
0.08692019403942444 -0.10111490914636741
0.07241188424229178 -0.003980301737298429
0.06366913088151949 0.07689065060396923
0.06399240728663419 0.11513962724083796
-0.0190479970480928 -0.11552060700831188
0.005580099898134604 0.025866148974590383
0.01548068818513982 0.10993066539702712
0.018879344040980756 0.15084228852880796
-0.09745067979092456 -0.07868991034886505
-0.06446162777720764 0.061164196514086
-0.025594267157869718 0.1436513123583512
-0.01695717850021364 0.19182251999652208
