16
0.001022661885669336 0.0012685436766975968
0.0004974790263145113 -0.001356157047084258
0.0005246039860246375 0.00039233755089785894
0.00011779435684252652 -7.241335678675188e-05
5.2636873414759695e-05 -0.0012732076823348817
0.0008433944994916379 0.00042791353186920003
-0.0008936678527410804 0.0009305482083576511
0.0006953882319372874 0.0015831194642921577
-0.0018169048356262015 -0.0026547026246384773
0.00010798782473966066 0.0004946860790435905
-0.00027935169587312887 0.001049719134776808
0.0002390151033240705 -0.0002279161236718955
2.2039031823931284e-06 0.000793676486707549
-0.0005562688827609452 -0.0003612307430497106
0.00019778880296490177 0.0026323945955599917
0.0003939414692724911 -0.0006903816756700797
