16
-1.8045450528727004e-05 -0.0193635907370372
-0.003031693081071637 0.02359718868124317
-0.009716526537908728 -0.015481267785963846
0.02555183378650635 -0.03432991838213829
-0.018407823106043445 0.002992669996063186
-0.015125587069745757 -0.000992964694420115
0.006244335640795927 -0.01857835507601497
0.011238658977336927 -0.02030577502978182
-0.007055696972962614 0.03664297328321131
-0.001879570829031688 -0.016133135818439094
0.005032475456531895 -0.02073887726958403
-0.006645295826300292 0.01570956012398384
-0.00487937838695859 0.018990905386402652
0.020510825873031966 -0.015153058254688977
-0.0026027075308303724 -0.01313285186508299
-0.007003311852972601 0.049788000827780045
