11 7.936573959306321e-06
19 2.726584942461368e-06
31 5.110559863494499e-07
33 9.366390575737522e-06
37 1.7481028434657814e-05
39 3.697254778434882e-06
40 3.9940175201810815e-06
43 2.2962904759934957e-06
49 1.7085653768117e-06
51 4.26045222971263e-06
56 7.86795349127209e-07
59 1.8086289893346622e-06
73 6.179394727038863e-05
94 2.13511086621386e-06
96 4.229988167689631e-05
113 2.1628853811709608e-06
115 3.160465825488783e-06
123 3.567106339081997e-06
129 1.607651440069912e-06
130 1.4128502655685886e-06
131 4.6992595699339523e-07
136 3.059405398034648e-07
141 1.86434349101147e-06
167 1.0543346483402627e-07
171 2.1071082512564245e-06
178 7.004420212385504e-07
179 3.173444748734628e-07
186 7.464668752896774e-07
187 2.441457857119939e-07
192 1.546263670000746e-05
196 1.66336788933351e-06
206 1.4863881387377786e-06
221 0.00011314384235951408
222 1.8301522454049812e-06
223 4.847601720734778e-06
224 8.799609526275003e-06
227 1.1600788203412748e-06
228 3.1804934328548335e-06
229 2.485224314319111e-07
230 2.016707885228103e-06
231 2.594599709453171e-06
236 3.4417947810027506e-07
237 2.302384379374662e-06
243 5.751398283545365e-05
245 2.7393740627444776e-05
248 2.2055178187075164e-06
249 5.826671326578934e-07
251 4.337535670092373e-06
255 4.883149666918058e-07
258 7.132455393790517e-05
277 7.583463712180075e-06
284 1.981090323012185e-06
293 3.279345419461272e-06
296 2.1231245458673084e-06
299 6.364177963420436e-07
304 1.877041017660919e-06
305 2.805908887560635e-06
312 3.4641341929065854e-05
314 9.372925891710886e-06
318 8.429971536564804e-06
320 4.0447136211629814e-07
321 7.578231761240977e-06
322 2.4483326013282917e-06
323 7.209498467404948e-07
325 9.740334838759741e-06
330 1.7852544067393832e-06
331 2.871150036781852e-06
333 1.1891096391764987e-07
334 5.545173277636514e-06
335 3.0387909452623046e-06
336 1.5337971920474065e-06
341 4.3404936012677e-06
353 1.7845889758074062e-06
354 2.2597445355546008e-06
355 8.556883753238483e-06
358 4.114621707014422e-06
366 2.897599646642819e-06
373 5.878020853845754e-07
377 1.064115945345068e-06
378 2.1575139766705663e-06
380 2.7310644081313626e-06
381 1.1117270326244421e-06
390 7.519685814142417e-06
413 6.879624847639438e-05
414 6.743722563215434e-06
416 3.814442988587922e-06
426 7.376899423208497e-06
432 1.2913660173778475e-06
440 8.357774880344993e-06
441 6.865849993824301e-06
444 2.5644058619264486e-05
450 3.3481344380776127e-06
460 2.666277615976568e-06
464 4.271155244474205e-06
467 6.0328049529358915e-05
468 1.0649944342955126e-05
469 1.635333049366601e-05
471 2.2597864903709095e-05
473 6.680211310662755e-06
475 1.5983862469532417e-05
478 1.2772417796449877e-05
483 3.329853267941451e-05
485 0.00016618045428274154
486 0.0004107921893704332
489 0.0005043801012374846
490 1.0776880227118787e-05
496 6.7495652784863945e-06
502 5.880727051877975e-06
503 4.268347238879595e-05
505 8.90054919076599e-05
508 1.1749910452075323e-05
521 9.655482423798205e-06
538 7.036355886590682e-06
545 8.645265109926261e-07
546 1.788092589827965e-06
549 0.00014203581852037883
550 1.7955598925545326e-06
555 1.2820902291842068e-06
557 1.1357709877151725e-06
558 4.292182657625154e-06
560 2.660189775718113e-06
562 3.610447995870639e-05
567 7.723867111389214e-06
570 1.1065633116661543e-06
571 4.109292658872212e-07
572 4.758788696932731e-08
576 4.633284514648005e-06
577 3.150197627059232e-06
579 1.024061303214359e-06
580 3.143445299699821e-06
581 1.9346234435620674e-06
582 2.0759599808283783e-05
583 1.247693022509894e-05
584 3.870384521626656e-06
585 2.311299170597809e-06
586 3.928352332036321e-05
587 2.0637974712950315e-05
589 1.1846577990079363e-05
590 9.923951176113792e-06
592 7.608713470619683e-06
596 2.236124533992333e-06
604 3.7565149993740276e-06
608 1.0396608086081359e-06
624 1.8023694403503008e-06
634 4.539543619688734e-07
650 3.1027119292575475e-06
652 3.521451543730105e-07
653 2.93407597195709e-06
656 1.0233194980256647e-06
657 1.1557417164098532e-05
658 1.97788908891837e-06
659 4.811715330388042e-05
661 8.748270558639816e-06
662 1.145534669960387e-05
663 6.170085297879609e-06
664 7.445159735011898e-07
666 4.237837101417452e-06
670 2.578661819491095e-05
671 9.63293946657027e-06
672 0.00011908992245329388
673 5.052656364793934e-06
674 5.847318552978525e-06
676 6.683521620699256e-06
677 5.325932372943606e-06
678 4.5468816688813154e-07
683 2.5370453229112557e-06
684 6.479063979260037e-07
685 2.297274244709399e-06
686 3.127306591270044e-06
688 4.010056559072526e-08
689 6.785442773197132e-07
690 2.7837411426517843e-06
691 5.546947870989783e-06
692 8.020750339277115e-07
693 2.7958586386490613e-06
694 1.1969953954554154e-07
695 1.6316221244628626e-06
697 6.088490661580604e-07
698 1.910996677642882e-06
700 1.9958331917349915e-06
702 2.2548236120215656e-06
703 1.3106029942414241e-06
704 3.936104672005742e-06
705 2.5471314514966743e-06
708 7.546990915305052e-07
716 6.180710945442546e-07
717 2.1898889888822177e-06
501 0.00010663930960354483
543 1.803325481175017e-05
613 2.1392296621277936e-05
654 7.317763849280871e-05
668 1.0917250517644768e-05
36 4.104998308180082e-06
317 1.0328869842906029e-05
498 1.574801264584305e-05
44 3.2281420808924896e-06
696 1.1595858003187882e-05
324 1.2385085289105477e-05
