0 0.00020549120387346138
1 9.476419802352736e-05
2 6.571908351795508e-08
3 7.702831313608954e-05
7 1.0049276539628869e-07
21 4.145842985884285e-06
22 1.4397060734321782e-07
24 1.3116037754744055e-07
29 0.0001363748580282008
34 6.980060825962468e-06
35 9.606357831913454e-07
42 2.024190243969928e-05
46 2.2406655693121095e-05
47 3.305299252144764e-06
48 1.9059614053568538e-06
63 1.6564496579375778e-08
67 6.874969229745767e-08
79 2.3220670504131538e-08
93 8.146440773446615e-08
99 1.0317894775068223e-08
101 2.3439440711012086e-08
107 4.3554144823950274e-10
145 5.080961188929513e-06
147 6.865032060240383e-07
158 3.7876039654286404e-07
160 1.4977427332822913e-06
165 4.2079733581336215e-07
170 3.932380200937973e-06
198 6.606207563562594e-09
214 6.8961686802174e-08
254 1.8534455374113507e-08
260 9.712070432223784e-09
263 9.014879167868827e-09
268 4.3455174195772125e-09
287 1.3828758387209018e-08
290 4.190059023562205e-09
301 6.88701508833556e-09
303 6.4429933141363054e-09
344 2.1527139383818824e-09
345 5.049585248437252e-09
347 6.595893503475745e-09
379 1.2929034859935269e-05
448 4.403325566318234e-08
452 9.321332901747916e-08
484 7.853346755660457e-05
500 4.754972474456216e-06
517 5.209791890692559e-09
541 1.96414074560068e-08
544 2.760820244069332e-05
563 2.4896682921329555e-08
593 9.756484443743266e-06
594 9.647851725878142e-06
628 2.74142993120455e-08
629 3.980602183600666e-08
635 3.75371992863179e-08
638 4.737024853813957e-08
665 1.0125811499383928e-05
713 3.865162387313631e-08
720 4.237462159601413e-09
149 8.261799494779703e-06
283 4.775050541360852e-06
352 1.940386138832611e-05
547 7.965827886314715e-06
8 1.3650940777134623e-07
13 3.109427163929676e-08
14 2.9311583049883386e-08
15 3.8616726461880595e-07
54 1.2844777791215988e-08
64 1.5195633964306958e-07
118 1.7791168516436926e-09
134 4.612565774138759e-10
137 2.10857654654981e-10
138 4.570908441806689e-10
150 2.010176989550236e-09
194 9.816124409485124e-11
204 1.1002269032005909e-08
209 1.6811563440444717e-08
218 1.8764126601225083e-10
232 9.635049969554489e-09
235 2.3443624655201838e-09
238 3.6927220005375655e-09
239 1.3454892936973305e-08
257 2.2860713062435058e-06
259 2.585080101025567e-07
261 1.5821019475534927e-08
262 1.4774061531264833e-08
275 1.1507576078681968e-08
319 1.292302383823588e-07
346 4.0089571145123024e-09
351 1.0217691272876544e-09
385 5.2669444429007586e-08
392 2.097680181821801e-07
422 8.28823584793241e-10
447 1.1168003807364121e-07
459 6.833886165855292e-09
465 2.8068848752936672e-08
487 3.462317442339098e-06
537 1.0424931526347037e-07
552 2.7540333559064385e-06
575 1.7730519540430636e-06
603 1.1178017347393843e-05
605 8.960934725204137e-08
621 8.57933441161958e-08
633 1.2180992504582792e-07
667 1.2701394753624487e-05
41 2.3474398793065783e-05
247 5.114097037649494e-05
524 4.377074852980538e-05
564 1.8840559382204724e-05
62 2.4772236648951617e-07
66 9.225576200982187e-10
83 5.958122887616162e-10
119 2.4656706235713297e-07
121 1.9165664895576038e-08
132 7.841351421826325e-08
133 7.761653961515328e-10
142 6.099495267134638e-10
200 3.221570112523211e-08
233 4.405302009764021e-09
282 2.6766586784324178e-08
288 1.4709255882729703e-09
337 2.1336177605616626e-08
348 1.0307169143500206e-09
368 8.807043101988091e-11
386 5.341038391982983e-08
397 2.0302259850889993e-08
400 2.7891148227849468e-09
404 4.397210490182804e-08
510 5.3994488919938e-07
540 1.9967854124291743e-07
614 1.4832468264295784e-07
636 3.308573017551923e-07
643 1.3332244335948822e-07
649 3.56655109094954e-07
681 5.889854898095591e-08
709 1.726820896418845e-10
718 3.775690222509247e-10
719 1.4942601127458466e-08
225 4.37400816755608e-05
252 4.313764668975813e-05
480 7.804029666057695e-05
100 3.116190417771936e-09
111 3.7783157866848656e-08
112 4.708439779355372e-09
215 3.894655037300286e-09
280 1.2615831427347918e-07
294 4.542308411214408e-08
310 1.639528416667704e-07
442 2.7576416781317604e-07
534 1.76796965349813e-07
601 2.7711327334871715e-07
610 4.2785020964917386e-07
620 1.9639416029542974e-07
637 2.976889801367254e-07
639 2.790313071182231e-07
640 2.5573119160133225e-07
646 3.9835396637990116e-07
651 2.435601656911302e-07
9 2.50825077334862e-05
374 4.134172886581868e-06
675 3.92881876280305e-05
120 7.131691385815401e-06
76 6.02891489718896e-08
77 6.02891489718895e-08
104 1.0049791664028534e-07
108 1.069707163948484e-08
126 6.458292090210995e-08
127 2.6717079757038935e-07
210 5.8271834534496213e-08
216 1.5462702810275875e-07
240 5.3433157929000665e-09
264 2.1075371597249185e-07
270 8.947800234019825e-08
291 6.821834865023059e-08
361 1.403210928972461e-07
367 9.254909467411584e-08
387 8.413661190677894e-07
389 6.845290632597005e-07
395 2.3481160704906137e-09
425 4.292960328014061e-09
430 4.883941725190306e-07
437 2.7335943235983263e-07
522 3.9493704860227764e-07
598 3.053985990951034e-07
599 4.1691448091818487e-07
615 4.361487713436047e-07
618 3.2310446948194765e-07
619 5.371691331119672e-07
622 4.6342533820433615e-07
631 4.529606320016625e-07
642 3.519280183181207e-07
156 2.3686023103956955e-07
180 4.033685733332294e-08
217 1.1206786153938066e-07
267 5.02890594497406e-08
271 6.937425536606826e-08
274 7.808964666006183e-08
279 2.1970565295174525e-07
418 2.4688972468383742e-09
424 6.634864223232457e-09
457 4.989081664010861e-09
531 2.3384752192718585e-07
616 4.7466021405544585e-07
623 5.942623402728841e-07
647 6.773625480209488e-07
213 1.4320384988894445e-07
394 1.585919103312884e-08
626 7.031597462020075e-07
