184 5.0093020213675e-06
211 6.07552576227352e-06
372 7.416201970997371e-05
434 2.1341680034665343e-05
554 1.3824048817811633e-05
707 2.62144353673685e-06
17 8.325945758982904e-06
191 4.77788502561735e-06
292 8.669006473154389e-06
297 2.983508665685826e-05
327 2.2740203231349836e-05
332 1.8204812757884713e-05
360 4.126383269757972e-05
376 6.277351638573662e-05
87 0.00018107706684831887
143 7.012911843965372e-08
407 1.3463498244947253e-05
417 1.6089162772145135e-06
429 3.636873375786279e-06
435 1.042148387989596e-06
504 3.332596630157061e-06
512 4.236879741353744e-05
533 6.753538464005012e-07
539 5.076014485660418e-07
566 2.9237746247746314e-05
588 2.7149604225889975e-06
20 4.3427866156698e-06
80 4.713659759140965e-06
122 3.950945929551332e-06
124 1.7042248267112796e-06
128 2.2516269079079546e-06
162 2.1075578823039055e-06
176 2.926957520372727e-06
219 2.2104852559034425e-05
234 2.638765649975174e-06
276 1.055028251310378e-06
302 1.577691469556831e-06
306 3.3952273618548097e-06
308 0.0001013758024563178
328 1.2081741454373408e-05
343 1.0520062663338688e-05
412 1.270880914306215e-05
423 1.7153697330416276e-06
455 5.205200846101306e-05
472 8.286466302906332e-06
493 1.0470712650638113e-05
497 0.00010880827294414802
509 1.1404323705744079e-05
515 8.490978575609622e-06
523 2.2339813428700185e-05
553 1.906776147279385e-05
565 4.562717819269002e-06
574 0.00011816989907473422
591 2.9135554572199868e-06
679 1.419096294216632e-06
701 1.2882279755734718e-05
4 3.851153781239526e-07
5 4.113982801189462e-05
6 7.812541288454067e-06
10 0.00015367295151536134
12 1.022653651575261e-05
16 4.823748833270047e-07
18 1.2622428712121497e-06
23 6.591142285605358e-07
25 3.583742847676286e-07
26 6.494847944104443e-07
27 1.3546853814350325e-05
28 3.3452590511068745e-05
30 1.7240424616113613e-05
32 7.784736906883413e-06
38 5.206985648032904e-05
45 2.5838312870209032e-08
50 5.5292259393226876e-08
52 1.0876683934258992e-06
53 1.4365070431151506e-07
55 9.487669189913661e-07
57 3.5331001153175385e-06
58 8.693859865519539e-07
60 6.591524597583574e-07
61 1.481459160052001e-07
65 2.615188858518681e-06
68 1.1434601810695106e-07
69 2.202830720185947e-05
70 5.61600070599346e-07
71 5.108390052717627e-07
72 6.358781170391474e-07
74 8.406211975333321e-07
75 7.62691532327392e-07
78 7.829355462916675e-07
81 1.1326365192511819e-06
82 4.2739879369046065e-07
84 1.352652477677576e-06
85 4.3339361694332543e-07
86 5.6769389311760997e-08
88 5.1880758860674194e-05
89 1.7603382164688722e-06
90 1.1600077039479995e-07
91 1.3208928472432404e-07
92 1.5743323887078753e-07
95 8.595495843138183e-08
97 9.334792118955986e-08
98 1.1343789508820562e-07
102 1.4566200479190223e-07
103 8.6712757004107e-08
105 7.022318586406619e-06
106 2.1816260187426786e-06
109 8.67034692136928e-07
110 1.1169047072471234e-06
114 2.907541102011075e-06
116 6.831590095125672e-07
117 1.3734576048774554e-06
125 6.567363822213537e-06
135 1.6768540427608316e-07
139 4.397637296861298e-07
140 2.4459842157043907e-09
144 3.931202135264852e-09
146 5.821182679899971e-11
148 1.1112046821243072e-07
151 5.448482436189095e-07
152 4.382096577332696e-06
153 9.358425977713029e-05
154 1.087064565800916e-06
155 2.9438982449733137e-05
157 1.6989511881865623e-06
159 3.2927568198978424e-06
161 4.104252300541962e-05
163 2.8456402687281262e-05
164 1.633235232668219e-06
166 5.952073802030364e-07
168 3.198738299347958e-06
169 2.646007670329518e-06
172 1.1744567382506193e-05
173 1.0035727295857913e-06
174 6.7164144694798e-07
175 2.6280971374346075e-07
177 1.4320442660900335e-07
181 7.955706489663088e-08
182 3.094678722228186e-08
183 3.142250704197184e-06
185 7.130305180627371e-08
188 3.25707833422387e-05
189 7.997683884938897e-08
190 8.590532080611197e-07
193 1.2474874091593528e-08
195 5.651191031132952e-08
197 2.0180692994563918e-07
199 1.2601332567199667e-06
201 4.750351818586507e-06
202 1.7081762687455893e-05
203 2.9897536547222914e-07
205 3.74554984605812e-07
207 2.7440450664298177e-07
208 2.525137318641421e-07
212 1.8097310387574407e-07
220 4.3163025623450995e-07
226 9.687609695065055e-07
241 5.5941927860274156e-08
242 2.5344837024863852e-08
244 1.9452873013822371e-07
246 2.190802607647188e-07
250 2.1429831604149627e-06
253 2.9036651243880867e-07
256 1.2667342002661583e-06
265 1.0981377571757318e-07
266 7.113078371523066e-08
269 3.0013735368595486e-06
272 9.22256640296468e-08
273 9.983806328652377e-07
278 2.138783956010234e-08
281 2.1355326477121152e-07
285 7.345062853694696e-06
286 3.2128031323115073e-06
289 2.1889074460197536e-05
295 3.170588037036389e-07
298 2.2334888806967718e-07
300 2.746524594789893e-05
307 3.314865186210627e-07
309 1.772917290297388e-06
311 1.810239922712663e-05
313 3.8443087689299775e-05
315 6.120974117782845e-06
316 4.479005958513735e-07
326 2.659040250847382e-06
329 1.7595453295549327e-05
338 2.204703247018629e-07
339 2.951981478492429e-11
340 3.350025495184325e-05
342 7.3342123974350564e-06
349 9.765220677908363e-08
350 5.417038167758385e-07
356 2.9116031382782227e-06
357 4.507553825490027e-06
359 1.32887093596547e-05
362 9.177551387312079e-09
363 2.2826447862273276e-05
364 2.2558105358408765e-05
365 9.352499052639745e-06
369 3.018777712528763e-07
370 3.2839638527713954e-05
371 1.504448766917208e-07
375 3.221067134104213e-06
382 9.45708317821028e-07
383 5.309018217626676e-07
384 7.1268757488811176e-06
388 4.4916408443919847e-07
391 9.871793035955043e-06
393 6.764322811204864e-06
396 4.317821905839283e-06
398 6.417241222518457e-07
399 5.452734310746873e-07
401 1.8040776738682901e-06
402 3.51781933162854e-06
403 1.4529597050609622e-06
405 0.0001144957927740938
406 1.0221477920356228e-05
408 6.197148152981014e-06
409 4.5881492507588725e-05
410 2.2241028120289317e-06
411 5.182562278016875e-06
415 6.632823363959084e-08
419 2.620008499086932e-07
420 8.787054588869748e-09
421 5.113937454121294e-09
427 6.587797158529129e-09
428 1.4937446347805485e-09
431 7.942720565541816e-06
433 8.473192845114948e-07
436 5.90140600038202e-07
438 4.3773545646870595e-06
439 3.199112894954964e-06
443 7.925794417299072e-06
445 9.742232447180878e-07
446 6.987123591377107e-05
449 4.8983778923008486e-06
451 3.389946282591456e-06
453 4.888336390150517e-07
454 7.236821155880511e-07
456 8.13418810664282e-07
458 4.4772277897099014e-07
461 9.47388812118336e-07
462 6.678567133905124e-07
463 4.965456742250738e-07
466 4.162776147034492e-07
470 5.919966202042804e-07
474 4.3168211042881794e-07
476 4.110706365080051e-07
477 1.0057817048458866e-07
479 1.176330131845879e-08
481 0.0001400153584816267
482 1.1480190486276863e-05
488 8.43391294225907e-05
491 8.354150097008011e-05
492 1.3522944194761502e-06
494 8.460971811688966e-06
495 3.110680964776259e-05
499 0.0005336176831080194
506 7.285400357327308e-06
507 9.070863990512671e-07
511 6.076866888156957e-07
513 1.0253996191524417e-06
514 4.482546448709382e-06
516 5.848900142909635e-06
518 1.4660416510834081e-05
519 2.5324367982486113e-07
520 6.517030479017156e-07
525 5.162241768809402e-07
526 2.9478393328192557e-06
527 1.1927872388475534e-06
528 6.6741029605350935e-06
529 6.385450758252761e-07
530 1.7135292757675865e-06
532 8.328617882180681e-07
535 1.914083454849208e-06
536 5.095050776950421e-07
542 3.441659232460983e-07
548 2.1503051125511553e-05
551 8.814227818977325e-07
556 8.289230241418184e-06
559 4.002028648791907e-07
561 1.1877833065794915e-07
568 3.724730883140817e-07
569 1.2912961937924115e-06
573 4.424277303638931e-05
578 6.45950102023735e-05
595 1.2080711536310692e-06
597 1.2299723339533616e-06
600 5.727411869688159e-07
602 5.679852750612053e-07
606 8.11623465620801e-07
607 0.0001394357371341907
609 1.1448701746367547e-05
611 1.443958680385171e-06
612 6.811345050617771e-07
617 6.44993021951911e-07
625 9.38093862101796e-07
627 7.177342457627333e-07
630 7.302784655805655e-07
632 6.250808973294266e-07
641 1.2623153266409054e-05
644 1.3055920499502768e-06
645 6.934792353900316e-07
648 8.659245049075052e-07
655 5.056956901424216e-05
660 5.769632695215287e-05
669 2.5377422142119157e-06
680 3.096603656875131e-06
682 6.964611302412453e-07
687 6.301738806540527e-08
699 7.929877984447637e-08
706 2.9771751234399114e-06
710 2.5542980028560047e-06
711 6.98307517312313e-07
712 4.5247562017773004e-07
714 3.5563452317705493e-06
715 8.368208804855742e-08
