16
0.045944798435258005 -0.011632957542211591
0.023819740201252458 -0.03233954786771823
0.057341540527483054 0.012613345291597092
0.10394942540436868 0.023587003545245004
0.031626632993602855 -0.00702516307057707
0.016912268397186497 -0.0227421710732617
0.032249407629149164 0.01635663372975831
0.0771268182188751 0.021862476576731252
-0.003844603438818237 -0.009318092446752685
-0.0213612134872804 -0.014731892454572211
-0.03318767995071182 0.022066636362445498
0.03928060860870581 0.01797613661520258
-0.020949618404998236 -0.010676042948057483
-0.03530107869652201 -0.013948182191232355
-0.045848942682887577 0.013617639245170593
0.02308815618713863 0.0139481486414846
