16
-0.0188282529367098 0.06153248342898233
-0.03628433718596379 0.0012984068224724337
-0.011415937046172312 -0.017031472731782026
0.01674017582119103 -0.023661677497521166
0.011905131565158069 0.008374658256460553
-0.009096540688607296 -0.0010530003595606216
-0.0025207874816013088 -0.006676169532821026
0.02122523907211225 -0.011469056750355046
0.044933094256613286 0.0013359505574948246
0.02857493514495399 0.009054936814200618
0.01622379894269175 0.003925254796588421
0.033695800597768465 0.006883232561240476
0.06493815292049866 0.0008962449009636905
0.045610079622536236 0.014126044062385065
0.02768827629600948 0.012733896520383809
0.04218179084017447 0.02316588220354903
