16
0.02923754215679707 0.004395464939098097
0.008783259889309336 0.0066639821568665785
0.018137616744970796 -0.005680877184923578
0.022728616540872115 -0.02420478983916839
0.0268094834456736 -0.0017470903312982403
0.0187301335904171 -0.0031356953691054914
0.015711767543359626 -0.008709346734283535
0.020675976013601147 -0.013033304946170486
0.010077668752656317 -0.015658675316262277
0.010107778744322672 9.963083321844032e-05
0.01781763050858815 0.01053769268543309
0.01938489723901989 0.021529379655703063
0.0031623193950211467 -0.0197680217399896
0.005026505038736537 0.0048512743974770045
-0.020053106692872823 0.025364011276063313
0.005891245012383292 0.05443932621026551
