9 2.332104527970966e-05
35 9.223450798405755e-07
46 4.471237388430535e-05
47 5.318103887074752e-06
80 3.792818226215122e-06
191 3.528502323752093e-06
245 2.0415026904935724e-05
292 5.807259147200393e-06
312 1.9901163802312234e-05
332 2.3184387731067315e-05
374 3.377754472092375e-06
429 2.94395069910752e-06
493 9.470828063550884e-06
503 3.439183282740459e-05
505 6.770386740587342e-05
539 3.796153266635872e-07
562 2.3389081204380984e-05
554 8.461508367259842e-06
413 6.034833364870143e-05
32 7.912174893312457e-06
123 1.095365601795717e-06
143 3.454715270427598e-08
184 2.848314871696252e-06
417 7.535460354005803e-07
426 9.200239525468187e-06
504 1.8704665684351896e-06
558 2.577227667082948e-06
591 2.112291902780524e-06
675 3.2061938776466764e-05
702 9.56729260543744e-07
705 4.684896395010013e-07
707 1.6283892590216064e-06
73 5.105335981946081e-05
372 7.063642099886338e-05
41 2.9933350676238024e-05
549 0.00011145810433003307
147 1.1696294576942403e-07
248 1.0565107025074177e-06
314 8.300122328246906e-06
321 7.45313013145337e-06
444 2.457743180895605e-05
469 1.536291974928334e-05
471 1.8979612378345995e-05
478 1.1011448649716823e-05
588 2.1681220209917565e-06
686 4.352086889207655e-06
717 1.5576558974236405e-06
360 4.0792788694502975e-05
376 5.779432673778122e-05
434 2.2397541244585675e-05
141 1.6936993751547111e-06
206 6.885885565398363e-07
231 2.2156967189119673e-06
249 3.507668003899202e-07
258 5.057314615818755e-05
277 3.6872211901662946e-06
341 4.227484280319994e-06
589 1.1276985931124694e-05
608 5.566428056372705e-07
657 1.0298792935604498e-05
672 9.96866150240772e-05
695 1.0574700845224598e-06
96 3.031503915110462e-05
327 1.7522255130001323e-05
211 4.729797549557289e-06
654 6.115958266746982e-05
178 3.4975895079053075e-07
304 1.5768672935429144e-06
318 7.095846452072271e-06
355 8.191197823854467e-06
440 5.105180860436269e-06
508 7.883721689751537e-06
653 2.7027494785876457e-06
696 1.0037523424681403e-05
162 2.0230797723529125e-06
88 4.463609815767154e-05
192 1.0023439417948834e-05
122 4.9891190273522496e-06
701 1.2170198566327572e-05
196 1.3692103994450428e-06
229 1.9114728784643324e-07
299 4.5495599373139497e-07
473 5.8330986750898326e-06
496 4.718305964542342e-06
660 5.493416749927084e-05
683 1.9108609434901776e-06
693 3.0306847238057445e-06
578 7.257127244181917e-05
574 8.166771987220978e-05
87 0.0001670429066095415
284 2.0191154295416973e-06
390 7.2871388446719935e-06
467 4.9997646188883776e-05
509 4.3948578560478765e-06
652 9.464722069743052e-08
708 8.117119550813001e-07
494 1.1510542574807028e-05
357 3.789250642415133e-06
523 1.7307879966193722e-05
655 6.22647570781705e-05
56 1.796026077057112e-07
130 1.6105290816655091e-06
131 3.459378138857478e-07
333 9.308798341933174e-08
129 1.7597035578042008e-06
228 3.2289738738457966e-06
450 2.1223492591389334e-06
475 1.2304880458319392e-05
222 2.2007441304535838e-06
230 2.435072656639203e-06
236 2.9585994105903354e-07
255 7.763333466103851e-07
320 3.590362329969935e-07
658 2.2560693859196077e-06
49 2.1282540461356726e-06
94 1.905192502302132e-06
224 1.0760115500291326e-05
335 4.484082071154076e-06
586 3.5258407434793525e-05
329 2.260592246088449e-05
20 3.4009819248594502e-06
44 3.5851575228504667e-06
237 2.255109276705168e-06
585 2.944604073473065e-06
694 1.748812435906702e-07
704 2.6945063104247947e-06
716 5.812979310473292e-07
219 4.334760954831859e-06
381 1.0117662828971302e-06
432 7.169691755438899e-07
500 3.651010643789108e-06
501 0.00010208094537267835
550 4.1615454101131035e-06
570 7.781490357610053e-07
656 1.1363930989030684e-06
698 2.2702117751232568e-06
5 7.43893723628905e-05
136 5.848286869653767e-07
186 1.5599971096048498e-06
227 1.5494250635702678e-06
441 6.439183115654358e-06
700 2.8090649276328914e-06
179 4.519277563086678e-07
187 4.93110581017329e-07
697 1.7237937499848382e-06
223 5.308098480900251e-06
678 9.250349113509158e-07
688 1.1511488251831217e-07
689 2.291276265771655e-06
446 7.223097148414557e-05
584 2.9259033850936036e-06
594 9.202957081109006e-06
51 2.934058797974193e-06
