11 1.009848959310301e-06
19 2.073039485491671e-06
30 6.273449519793864e-06
31 1.9845353662422037e-07
33 6.170068518385963e-06
36 4.800572111725696e-06
37 1.6980534092485885e-05
39 1.7183877588045561e-06
40 2.4445544665780183e-06
43 1.401703714741802e-06
59 1.1022652092906795e-07
113 7.501587981035837e-07
115 1.0591626650350603e-06
167 1.0697673552336105e-07
170 3.6784892171207875e-06
171 1.0497400658437012e-06
251 5.396594033106625e-06
293 5.492113677478452e-07
296 6.691426950779169e-07
305 1.8632557662117647e-06
317 6.0505479184293935e-06
322 1.937200127889474e-06
323 6.45712218313439e-07
324 7.543262450676143e-06
325 5.651122012397032e-06
330 1.5867284387345038e-06
331 3.993828069031838e-06
334 3.09341803237617e-06
336 4.815176897143175e-07
340 2.206368015931724e-05
353 1.2941003358816875e-06
354 1.38264315669148e-06
358 2.5783898627271236e-06
366 2.01548353944548e-06
373 3.5545729677927457e-07
377 6.505327531731407e-07
378 7.402745067883541e-07
380 2.2612874998804814e-06
414 7.588527674375099e-06
416 2.304058070501964e-06
460 7.969750936241606e-07
464 2.2749493393579616e-06
468 6.300504002960675e-06
490 5.716130396547527e-06
495 2.8880900241502334e-05
498 8.21736415066863e-06
502 4.5967207789067515e-06
521 1.0303437543486076e-06
538 6.613786319332523e-06
543 1.3666270040475603e-05
545 3.729488614687784e-07
546 1.5196614957330575e-06
555 2.497047475377808e-07
557 6.930019421660518e-07
560 1.088937096669558e-06
567 4.597061867164269e-06
571 6.091958800371446e-08
572 1.5118697976401884e-07
576 3.4934098094627623e-06
577 3.674177780397393e-06
579 5.220128129441738e-07
580 2.743926479286446e-06
581 8.640200672737274e-07
582 1.8697342928523676e-05
583 1.1694420364020075e-05
587 1.6948626564142215e-05
590 1.2551825341200329e-05
592 4.899692081588735e-06
596 1.2513019001279967e-06
604 1.467004870888115e-06
613 2.361152338143067e-05
624 5.962865710906054e-07
634 3.8508533935152084e-07
650 8.565917214502548e-07
661 5.894859066721522e-06
662 8.779941470111452e-06
663 1.8020363285580267e-06
664 3.666185120803138e-07
666 4.474916392840912e-06
668 4.574007756187628e-06
670 2.2169508048903993e-05
671 5.150766034839866e-06
673 1.93338315939644e-06
674 6.061410621270391e-06
676 5.773085005627745e-06
677 1.5550812209399963e-06
684 1.4978464896455338e-07
685 1.7215245140648623e-06
690 1.1480588390858313e-06
691 3.5715669054677243e-06
692 7.073981924543054e-07
703 1.8491313885949588e-06
