20 3.814068506770207e-06
31 9.527369219250598e-07
43 1.845299853145501e-06
46 5.259253155253086e-05
49 2.5743458016393334e-06
51 7.315329226611414e-06
56 7.289062750643694e-07
88 4.779367722500864e-05
94 2.368417665560081e-06
96 3.4831417159843486e-05
122 1.0453984147333519e-05
129 4.475740823679869e-06
130 1.3233502214414226e-06
147 5.770824771471447e-07
170 6.299960700395429e-06
171 4.15776304544127e-06
178 5.485857101598972e-07
184 4.542887584412049e-06
186 3.721663833090655e-06
222 1.7756623758717665e-06
227 1.5328902612840793e-06
229 4.6387762213605853e-07
236 6.133807833446821e-07
237 2.24980708210149e-06
248 1.470832224175527e-06
293 4.096075357001489e-06
299 5.825269681992301e-07
314 9.742496147540491e-06
318 1.3609805344085937e-05
320 5.013721950848095e-07
323 1.7808209840081303e-06
327 1.902173094955276e-05
331 5.0253341729369724e-06
333 1.2947211620783487e-07
334 1.0581482124028122e-05
335 6.0530904982175635e-06
336 1.8189012720433467e-06
340 3.459229069289833e-05
343 1.3866243605845249e-05
353 3.876814658249332e-06
355 8.658367859974831e-06
373 1.0359456403948233e-06
378 2.9995533037616204e-06
416 4.595397250763322e-06
440 9.516360134171447e-06
444 3.724974440785468e-05
446 9.618989055253492e-05
464 4.852448519475267e-06
467 6.619239452552841e-05
468 1.8709181807067207e-05
469 2.6525559134226662e-05
473 9.207172172339869e-06
490 1.275511994217864e-05
494 1.1349142474272862e-05
495 4.3706033614229135e-05
505 7.40456251356374e-05
509 1.0776763282353895e-05
521 6.422322400562679e-06
543 2.7021780228716112e-05
546 2.6826075502016273e-06
555 6.230672452577855e-06
560 4.454909093843245e-06
571 1.2806353715338755e-06
576 7.047810464811372e-06
578 8.112713926770191e-05
579 1.750890692600036e-06
580 6.004933960319232e-06
583 1.15114804184883e-05
585 2.7162983223340255e-06
586 4.359603800004707e-05
589 1.1970996437163596e-05
592 1.2024743376669512e-05
594 1.1879759097888845e-05
604 4.607217691081379e-06
634 6.213665111425166e-07
650 7.175982802285514e-06
654 6.921967912356792e-05
656 2.5757481052661137e-06
660 6.221918245202568e-05
671 1.0739635524648627e-05
673 4.517012781348077e-06
677 6.5880566136818875e-06
678 3.4232284026909125e-06
685 2.948723912743807e-06
688 3.6178616241036355e-07
690 6.238878785021516e-06
697 2.1171240191388537e-06
700 2.3925799298168673e-06
703 3.3124330654770983e-06
704 5.838454063976688e-06
716 6.774084352583141e-07
224 1.4401476412835287e-05
587 2.7269187830615623e-05
230 4.480628877131934e-06
115 1.0848663747125503e-05
