372 7.415247398950814e-05
570 2.4988166055751774e-06
30 2.7576704248744175e-05
702 2.8890055017649247e-06
429 3.9725114814684195e-06
655 8.365000715439418e-05
141 4.382235894339996e-06
662 3.1121397114898496e-05
693 5.1109959335600915e-06
5 7.28006782501906e-05
38 5.8449833041629116e-05
322 7.537707340146832e-06
426 9.1590714238556e-06
658 7.6177277919758e-06
9 2.9528314690573244e-05
40 7.013783412912199e-06
80 6.689352785439389e-06
120 1.000807330429906e-05
128 2.91210182021392e-06
276 1.6342785528225485e-06
283 6.765412749837506e-06
297 3.126980122923458e-05
472 7.684066347240284e-06
539 6.428197100899771e-07
701 1.7470956445595928e-05
162 2.7858029356758207e-06
292 8.989461060850262e-06
407 1.7094522398237538e-05
493 1.1152479653122265e-05
518 2.141054135472203e-05
564 3.683079160102609e-05
25 5.178146839625996e-07
32 9.971202638114887e-06
47 8.167860019938738e-06
124 2.888667460254675e-06
143 1.301420727776348e-07
247 5.123501614353074e-05
251 2.1446298423158842e-05
302 1.7576929506554171e-06
304 3.2580691036388856e-06
312 3.244185913307547e-05
332 2.5357340070789093e-05
342 9.352061726702107e-06
370 3.222693129202447e-05
375 4.711093878448075e-06
412 1.2352799693871378e-05
435 1.0184030094956346e-06
485 0.00015247260784237055
486 0.00038267985197039443
488 9.732094491795502e-05
500 6.5382081111183625e-06
502 1.2783662493214187e-05
503 4.549110024021564e-05
515 1.4135344448784991e-05
533 8.312211790799574e-07
549 0.00015303673332143925
565 6.356913375332038e-06
591 3.2837451935795183e-06
593 1.1408590965297585e-05
669 3.137874020014619e-06
675 3.7636598166199444e-05
679 1.8100634980712518e-06
695 2.4620983496299506e-06
65 3.981393371277115e-06
114 3.707100275310717e-06
206 3.2135463983782563e-06
221 8.27421582787628e-05
234 3.4849725111362546e-06
253 5.385357398007314e-07
285 9.295173234609546e-06
306 3.563774639062423e-06
321 1.035080056668465e-05
329 2.9920854656512307e-05
364 2.3055867841311057e-05
390 1.2069687960396207e-05
434 2.6018979488557354e-05
455 6.128116742368857e-05
480 9.859360078581266e-05
482 1.5552491249198163e-05
489 0.0004039969335474005
552 3.5704323865666863e-06
559 8.322276562435659e-07
568 4.541713813766066e-07
588 4.337351639601669e-06
595 1.5436220248298259e-06
608 1.6807812775620307e-06
680 4.96371490879198e-06
0 0.00028384638375681445
3 0.0001873442504392492
34 4.426188008401528e-05
35 1.8348732776023494e-06
42 0.00010549760670102698
48 7.67849966953073e-06
57 1.757113387894656e-06
91 4.2749421211331104e-07
97 3.058923381552648e-07
105 6.0695463869469595e-06
116 9.13611676438634e-07
117 2.046408113658444e-06
123 4.398178785388034e-06
131 1.4065832335465606e-06
135 2.3299094674828488e-07
149 2.0505021490182878e-05
152 4.474434506603279e-06
158 4.602568836961746e-06
165 6.459605507811538e-06
176 3.259398472350888e-06
183 3.824592912078365e-06
191 6.413080415676395e-06
192 1.615967716780428e-05
226 1.2841597015951488e-06
243 5.0798549155027005e-05
252 4.385622067285249e-05
258 6.938154031428059e-05
286 4.290229206149065e-06
300 2.8063598948074845e-05
315 8.013015398312761e-06
328 1.5874693296304102e-05
352 2.019560742929565e-05
356 2.8380790811099896e-06
359 1.4048311348936865e-05
362 1.7413898317581723e-08
379 2.5466707421079384e-05
409 3.950439270645316e-05
420 2.8914668393654183e-08
431 7.61397471931717e-06
497 9.058338187833699e-05
512 1.9450364453140212e-05
544 4.630985251456373e-05
554 1.3935568521571903e-05
562 2.924032073451819e-05
569 2.126232776638048e-06
574 0.00010294917266735408
575 2.3766488596212687e-06
641 1.5919652166259792e-05
659 3.899988388513769e-05
665 1.4050053560796707e-05
682 1.0273255635241448e-06
350 8.961063879407897e-07
357 4.335891777618236e-06
548 2.7565303532861966e-05
6 7.412462772998328e-06
10 0.0001966328690598044
45 1.0594641228438951e-07
60 1.069886759585391e-06
69 2.106446065645177e-05
86 2.2108957531779604e-07
89 1.4693383088384257e-06
125 6.031000911720885e-06
139 5.194026608046422e-07
140 8.248574684953613e-09
146 1.3378119930711487e-09
153 0.00013997781919435146
155 3.164534671134583e-05
163 2.9165193438249108e-05
164 2.179003507805438e-06
168 4.81136898523986e-06
169 4.216264826028062e-06
174 8.208749097316021e-07
175 3.066495681459379e-07
177 4.1620971201018563e-07
181 1.0383169333007436e-07
185 2.308890443409969e-07
189 2.128917568626705e-07
193 7.329091667680932e-08
195 1.0196957745578799e-07
199 2.616392452230131e-06
201 6.0965876045579115e-06
211 7.945861246645973e-06
289 2.731667943418467e-05
308 0.00010174371736778672
313 4.162837470132974e-05
326 2.5204359397518176e-06
445 1.571892093420996e-06
491 0.00011138263881782789
499 0.000551845649210113
504 4.696096196814106e-06
553 1.7700460123747863e-05
561 2.6933063325041826e-07
573 5.579685342570937e-05
609 1.3664163218243413e-05
667 1.4315417463050556e-05
705 6.60402875432342e-06
706 4.565232942953155e-06
13 1.4079321452580217e-08
18 1.949948115359778e-06
36 8.324598425066076e-06
44 5.468421027256556e-06
53 6.254185789935611e-08
54 3.5794137302125515e-09
55 4.5324043691019243e-07
61 8.719411745050172e-08
66 1.518526292954342e-09
83 1.7212454696169597e-09
90 1.1879038716353156e-07
92 2.813694453223319e-07
95 1.2748968960563956e-07
98 1.5124054648345773e-07
100 5.837102806461602e-09
102 2.2037996280605925e-07
103 7.836167746813878e-08
104 5.5906790715479544e-08
106 2.402561276915475e-06
107 7.603501236593761e-10
108 1.0476171959113418e-08
110 1.359661355574875e-06
133 2.2822689812278572e-09
134 1.0554079908702142e-09
144 1.393234906304902e-08
148 1.4204539276211474e-07
154 1.2516126144987178e-06
166 8.000432971182249e-07
202 1.7878047532037324e-05
203 3.392299908724691e-07
205 5.1825938807989947e-08
207 2.072502810319395e-07
208 1.8275440417152532e-07
210 1.0460524191897664e-08
212 2.315240678770175e-08
213 8.142484546799115e-09
217 1.0897251052013668e-08
218 8.123075371384672e-10
220 4.0777623123512936e-07
232 4.5460760651068525e-09
233 2.0814300184640364e-09
235 6.946899903467707e-10
238 2.5158333996101145e-09
239 1.0449169790793347e-08
241 6.292461284390385e-08
242 1.0385232315607788e-08
244 3.847205772858433e-07
246 3.4391951757156854e-07
262 1.4106386119083973e-08
264 1.6687898409562032e-07
265 1.3415351887578307e-07
266 7.311058490937687e-08
267 2.4977885969353716e-08
269 3.6038467474599914e-06
270 5.223244020097583e-08
271 3.260769403686557e-08
272 6.993564913495907e-08
274 3.100673291278102e-08
275 8.388353909730561e-09
278 5.167968713268702e-08
281 1.9748763322039865e-07
282 1.425693212177843e-08
298 3.358220250363971e-07
337 1.5355591832213852e-08
339 7.414793861896608e-10
346 6.438334234343921e-09
348 1.7908396658484024e-09
349 6.032859502306923e-08
351 2.9714231785604367e-10
361 1.261965467202429e-07
363 2.7047102360140584e-05
365 1.2413917062481881e-05
368 1.457059367405002e-10
389 1.2258160437839424e-06
395 3.3144492653060992e-09
405 9.911231780942699e-05
406 1.0998088082631418e-05
413 7.119241110594018e-05
454 1.320601401317587e-07
459 5.701985718235225e-09
481 0.00019298670271548216
484 0.00012925272879864974
506 5.1441642024623895e-06
507 3.6158812143850907e-07
511 3.344683172884719e-07
513 1.1088471593900425e-06
516 2.8617454478773595e-06
519 1.5612832508444095e-07
520 1.8237806953412397e-07
522 3.950408980389683e-08
525 4.704962179938797e-07
526 3.0532856428324016e-06
527 8.328347782890891e-07
528 6.9981264035612255e-06
529 2.40740424103971e-07
530 1.286647493170074e-06
531 3.217935342960304e-08
534 9.911847811986043e-08
536 3.426929654327025e-07
537 3.81574985952933e-08
542 2.927160731901948e-07
566 2.4940446201453314e-05
597 1.950957948544121e-06
598 1.2068246052485255e-07
606 4.5516779652813914e-07
607 0.00017738793026206572
611 1.2689607095146857e-06
627 4.0586026299062293e-07
648 2.910621958592595e-07
666 7.973653814609567e-06
687 1.34455906808461e-07
715 2.0896697427025545e-07
719 2.3693359367781635e-09
1 0.00013578229779759866
2 5.100379035969345e-08
4 3.0023676313945614e-07
7 6.124388132070967e-08
8 8.437650921759418e-08
12 1.2900878726346667e-05
14 1.9497661193115728e-08
15 2.400279867668622e-07
16 3.9148124466197877e-07
22 9.438736864360862e-08
23 6.348915747381541e-08
24 8.679232379451817e-08
26 2.451880938221716e-07
27 1.6537370510274748e-05
28 4.360207326671449e-05
29 0.00022556985978933303
50 2.20796776068166e-08
52 5.48827422991847e-07
58 9.089620840433436e-07
62 1.914929046837996e-07
63 7.384928373023047e-09
64 1.6941804316860309e-07
67 3.457320883719034e-08
68 2.2022231146746405e-07
70 8.424058753675718e-07
71 1.8793011589621288e-07
72 6.766397072297339e-07
74 8.382568300725464e-07
75 1.9955530664970697e-07
76 1.6318184258360213e-08
77 1.6318184258361113e-08
78 1.8017656934479536e-07
79 1.6825777219786405e-08
81 5.84126923325296e-07
82 3.5827167191815795e-07
84 8.675398915816876e-07
85 3.377502903975997e-07
87 0.00019051434715681683
93 6.066596516188388e-08
99 9.445622707842787e-09
101 2.005365452091422e-08
109 8.126573476868226e-07
111 4.110342423013694e-08
112 1.0216334436023727e-08
113 5.462763737694258e-06
118 4.865096669871305e-09
119 2.2761878355894294e-07
121 1.0566349548493818e-08
126 3.937174780229609e-08
127 2.2597045761326913e-07
132 5.6838547960453393e-08
137 1.6025119261847423e-09
138 2.075025990771112e-09
142 2.1002763594923498e-09
145 1.2847368634742802e-05
150 1.7113304926175794e-09
151 4.113309131088772e-07
156 4.122204657407145e-08
157 1.9619470829130114e-06
159 4.08801227647273e-06
160 4.808617687144799e-06
161 5.635414700087353e-05
172 1.3995389516853548e-05
173 1.623299376224681e-06
180 2.010805031118397e-08
182 4.567127746634657e-08
188 3.28144122111389e-05
190 9.883185190738182e-07
194 7.943419770597885e-10
197 1.7818255047247194e-07
198 2.808502681225301e-09
200 1.9571049226560435e-08
204 5.616280638800474e-09
209 5.974791640309204e-09
214 7.216045839581401e-08
215 3.0774174794716866e-09
216 5.53659509696066e-08
225 4.667791972403979e-05
240 4.701024123253766e-09
245 3.8495408874666536e-05
249 1.2302453111004588e-06
250 2.7292193625517803e-06
254 6.0744355092839974e-09
256 1.5495403761375898e-06
257 2.8549095777900076e-06
259 2.423897092237397e-07
260 6.457210823793324e-09
261 1.3540224892923326e-08
263 4.357028423874176e-09
268 1.4536346515975793e-09
273 1.210271985950362e-06
279 9.474178758769067e-08
280 5.943986470659543e-08
287 7.028381141351971e-09
288 2.532180051558317e-09
290 2.808376592525969e-09
291 3.283777704099812e-08
294 2.9598718012571056e-08
295 3.8284195270991376e-07
301 2.9120226693469878e-09
303 2.067154252341409e-09
307 1.6276127359381803e-07
309 1.5005682210283279e-06
310 4.393468502834429e-08
311 1.8248568429152657e-05
316 4.906608613957673e-07
319 4.005151617614667e-08
338 1.7962191351665603e-07
344 9.857236579056301e-10
345 6.924449497890042e-09
347 7.556560175045475e-09
367 7.028723930642565e-08
369 3.257744544743785e-07
371 1.9609198419036287e-07
382 8.095041874346075e-07
383 5.61376802734983e-07
384 7.160888471338077e-06
385 1.6821142259124443e-08
386 1.4630215534886783e-08
387 6.735312386295485e-07
388 3.999584842151748e-07
391 4.965507140022059e-06
392 2.076001287256753e-07
393 3.4241463609030997e-06
394 5.8467921766876574e-09
396 2.2370518607312906e-06
397 3.830776782063173e-09
398 4.917779934255267e-07
399 4.1410062577628185e-07
400 1.47064044385882e-09
401 1.8063418374303794e-06
402 1.6762380621689076e-06
403 1.1932497989638753e-06
404 6.140461917060981e-09
408 6.593544543436132e-06
410 1.1575993866489778e-06
411 9.881717459609607e-06
415 1.7760546738269133e-08
417 1.3640983773697935e-06
418 2.250717312357515e-09
419 3.8851023255748037e-07
421 1.0063618602570451e-08
422 4.691359716843741e-10
423 2.606570864514915e-06
424 3.422206699298678e-09
425 4.271653450389442e-09
427 5.214345620492255e-09
428 1.5888900419054078e-08
430 1.6000885382315258e-07
432 6.182362326766969e-06
433 6.569597491504049e-07
436 2.5317688297084853e-07
437 4.771881948938987e-08
438 1.7966590718442479e-06
439 3.096437034002389e-06
442 7.31725368299843e-08
443 6.7677223694404365e-06
447 3.3796983950461195e-08
448 2.5347144668875953e-08
449 1.6345145939092002e-06
451 3.2121723800975105e-06
452 7.35923677043939e-08
453 2.5035687237678917e-07
456 7.758712301999831e-07
457 8.14035938747387e-09
458 3.4256443971356827e-07
461 9.006868498271349e-07
462 4.716594011750888e-07
463 3.291689090544839e-07
465 2.1405885868111934e-08
466 5.201720679389392e-07
470 1.2425636480339335e-07
474 9.231420652250706e-08
476 6.249803965661126e-08
477 1.8584770745582968e-07
479 3.704705531058426e-08
487 1.0233968416816726e-05
492 4.184118347412616e-07
508 2.65423998649922e-05
510 4.3246521126309833e-07
514 6.007290028936572e-06
517 3.932875902946777e-09
524 3.2565489849471855e-05
532 2.0754677005138373e-07
535 2.5691563420808587e-06
540 4.659346630839364e-08
541 5.179639796046486e-09
545 4.183076161859736e-06
547 1.0218737501568388e-05
551 9.043026221369235e-07
556 9.084894889364835e-06
563 1.6239371087317582e-08
584 5.229922995080673e-06
596 5.655989989484763e-06
599 1.2322530397010234e-07
600 1.8119550515134788e-07
601 9.83116339241292e-08
602 2.3132962034443302e-07
603 1.0710334704431132e-05
605 3.1259514586612873e-08
610 9.933716052741918e-08
612 1.7922117422776614e-07
614 7.025203187971884e-08
615 8.704569703023435e-08
616 1.0652761622661356e-07
617 2.1662656706793362e-07
618 7.574291123697201e-08
619 1.3534949961938664e-07
620 6.076422925417317e-08
621 3.727275828224471e-08
622 1.2555592276612248e-07
623 1.484443612031994e-07
625 1.937674168095568e-07
626 2.5100774500972e-07
628 1.452565221026749e-08
629 2.3766736580341956e-08
630 1.8954539537047424e-07
631 1.0909201319999991e-07
632 3.221440931134031e-07
633 3.7984269637693076e-08
635 2.0318272363013146e-08
636 6.797854332399825e-08
637 7.993804310333486e-08
638 1.4692876690732507e-08
639 7.196802623218219e-08
640 8.525711874587934e-08
642 5.158371951969909e-08
643 3.7067858682421013e-08
644 4.5574108510592194e-07
645 1.5189458935693438e-07
646 6.608829051003926e-08
647 8.535470605578362e-08
649 4.694062708553189e-07
651 8.088100532346902e-08
681 2.9419566771623608e-08
692 2.7472807440057187e-06
699 1.0272606535902132e-07
709 5.898749189249509e-10
710 3.0041520176146616e-06
711 3.401934717054298e-07
712 5.134170322027201e-07
713 2.3228037030522088e-08
714 3.2868985174073405e-06
717 2.6310117537784293e-06
718 6.309016554542809e-10
720 1.1514226073225402e-09
