11 1.3221546841055388e-05
17 9.252913773121643e-06
19 4.937280932883208e-06
33 2.2093546225393885e-05
37 2.447102347169122e-05
39 3.807678754796333e-06
41 2.990356081783542e-05
59 3.2860781132123493e-06
73 5.7253076301769836e-05
136 3.1188784018218204e-07
167 3.755180151771364e-07
179 1.1426865136107323e-06
187 4.5044979655846996e-07
196 5.398464987278323e-06
219 1.3372118007986837e-05
223 8.791604037244457e-06
228 6.5933752861055985e-06
231 3.4624056207766154e-06
255 4.6781406631611175e-06
277 1.5122967168548923e-05
284 3.2495588628130803e-06
296 2.9194013313581283e-06
305 4.823336140960476e-06
317 2.135971578662321e-05
324 1.4289383296217951e-05
325 1.2179682491565305e-05
330 3.2851025881960917e-06
341 5.1751513158092075e-06
354 2.5432814877027508e-06
358 1.4811709186632745e-05
360 5.0584344769449686e-05
366 7.190657784603125e-06
374 4.125621210911584e-06
376 5.924960336684573e-05
377 1.6270923535258912e-06
380 3.6636198184850374e-06
381 1.5066541281053967e-06
414 1.716856260802106e-05
441 7.2965385748436566e-06
450 3.468259665627358e-06
460 3.1094355720013007e-06
471 2.2578950294221568e-05
475 1.4640796095043313e-05
478 1.6272012690024093e-05
483 2.178892889943193e-05
496 7.637685355115096e-06
498 1.5380041436781966e-05
501 0.00010242414176665777
523 3.031426954050637e-05
538 1.5859328087947535e-05
550 1.5210753399894336e-05
557 1.198549589684679e-06
558 3.627199441942713e-06
567 1.0249726968293107e-05
572 1.3278799185498265e-07
577 3.990226966725289e-06
581 2.107493685888186e-06
582 2.4406791656071992e-05
613 2.331362798460634e-05
624 2.915480344631551e-06
652 3.7409177225699435e-07
653 4.000473927305341e-06
657 1.2461513359966116e-05
661 1.1663865332944224e-05
663 7.672782928640241e-06
664 2.5201733567924264e-06
668 1.662569757444519e-05
670 2.7089169828037166e-05
672 0.0001104702434219204
674 7.976630398125393e-06
676 1.511986539445367e-05
683 2.737621999988652e-06
684 2.397608526480657e-06
686 3.879000080586374e-06
689 1.0970987031402292e-06
691 9.382895405170542e-06
694 7.779386162659187e-07
696 1.0527838669235987e-05
698 3.5006836342211166e-06
707 2.6260603683999185e-06
708 8.953237643783343e-07
590 1.2315209640426815e-05
21 1.1579169901000865e-05
