0 0.00019448777564112844
1 0.00010605731894437206
3 0.00015154203543919358
9 1.6661143856717932e-05
21 4.044967084776949e-06
29 0.00017366129507282772
34 4.069407486998468e-05
42 9.210770330900307e-05
48 5.499466090162636e-06
149 1.4484438600251994e-05
158 3.5619955905486993e-06
160 4.024354729320075e-06
165 4.972254165928189e-06
243 3.658354639452546e-05
252 3.733593509589674e-05
379 2.1781324766110774e-05
480 8.281266292191066e-05
484 0.00010142996108946147
485 0.00011338373827949667
486 0.00037547333043350296
524 2.9307339000232195e-05
544 4.265999180126799e-05
564 2.9140888566294324e-05
665 1.1793486527083895e-05
35 8.357618444696956e-07
46 4.238177059913236e-05
47 5.498845493316909e-06
114 2.2613431741338197e-06
117 7.251411813417309e-07
125 5.2148998763037534e-06
145 9.563877431034735e-06
221 7.601955483777293e-05
245 2.0622921616255154e-05
247 3.5318029916159864e-05
283 5.573225810799016e-06
328 1.6256673719615207e-05
370 3.4786867165662406e-05
412 9.53692415769799e-06
503 3.418215012968307e-05
562 2.6251974537523172e-05
593 6.974275053479926e-06
675 3.413938314385546e-05
116 4.696403104871593e-07
189 1.0622703124737639e-07
356 2.4213513359330246e-06
364 2.4867518142646496e-05
514 3.819029365610156e-06
135 1.7318075016911152e-07
352 1.8808763703608715e-05
120 5.199831265075901e-06
257 1.6608254459852104e-06
568 3.2597682030047146e-07
226 7.970122022527303e-07
375 2.9530691067984566e-06
561 1.180999193757524e-07
250 2.003320350767148e-06
659 2.7101813199667716e-05
285 7.003247426760217e-06
413 7.168780586967959e-05
300 3.202180795068458e-05
497 8.362406550091151e-05
124 1.1649848311086131e-06
312 2.1660112214504252e-05
505 8.592623329816637e-05
65 2.2818908499041275e-06
225 5.021530209605656e-05
163 2.7115047075196674e-05
682 5.97130340654063e-07
308 0.00011098814129845173
706 3.383234806265698e-06
559 3.36508857041872e-07
302 1.1681481220417068e-06
667 1.80462933328136e-05
