170 3.966443474850436e-06
43 1.18134567862746e-06
305 1.9330141197447546e-06
322 2.1006391235690143e-06
373 3.737657570161038e-07
377 6.573085114456632e-07
498 6.6606028657997125e-06
579 4.902671282551775e-07
583 9.441444942465506e-06
587 1.529822102311434e-05
596 1.0555246682974172e-06
624 5.086299906078235e-07
661 4.737182867036068e-06
671 5.613808808763012e-06
684 1.551739767362843e-07
31 1.7616535522626554e-07
36 4.00930855534002e-06
39 1.5528528379181264e-06
59 1.350795228956348e-07
293 3.0532948466877113e-07
296 5.862971506780133e-07
317 5.105056848328768e-06
325 5.658069865918195e-06
330 1.682469708217844e-06
334 2.922470279223134e-06
336 4.357792893935067e-07
353 1.3014702160401213e-06
378 7.198904383479054e-07
416 1.7984058721818537e-06
490 5.986309401835021e-06
502 5.340518040486713e-06
521 1.021820904178448e-06
543 1.3595467199580073e-05
555 3.883539695611456e-07
560 1.0473097000836936e-06
567 5.162046244344399e-06
571 4.374239149927182e-08
576 2.5164800393966847e-06
580 2.6118988574262112e-06
582 1.7857676396084656e-05
590 1.0145312588802868e-05
592 4.822049766558153e-06
604 1.3334920987009271e-06
634 3.9875938047044764e-07
662 7.75231738107385e-06
664 3.899309842808194e-07
668 3.5557459234104725e-06
670 1.8294633171741764e-05
674 4.582295035225728e-06
677 1.0159793652608276e-06
685 1.7254437050087093e-06
690 1.0460575135054269e-06
692 7.209734794593078e-07
11 9.133780109130419e-07
33 7.154967224528359e-06
40 2.113588406958954e-06
324 6.4539425056935485e-06
354 1.218869304195457e-06
358 3.276260519539887e-06
366 2.2569328226118845e-06
380 1.9491732086223106e-06
468 6.347424013460635e-06
495 2.7199807986498727e-05
545 3.4852093889383497e-07
557 6.66286279463867e-07
577 3.129083078207265e-06
581 7.342615967378986e-07
650 8.8657385442021e-07
663 1.4126581009215933e-06
673 2.474470994174297e-06
691 3.9035906497890235e-06
30 7.015750666152587e-06
340 2.274357401679763e-05
