277 4.387427606927345e-06
318 6.203367730955326e-06
444 2.242804410501407e-05
471 1.9841113795223304e-05
653 2.5154491895924103e-06
657 1.019880286024483e-05
314 8.810384915192822e-06
441 5.954963167017471e-06
467 5.210076595086961e-05
475 1.1793915739714244e-05
550 1.7433538266412562e-06
586 3.480894777852399e-05
660 5.9900605525820165e-05
672 0.00010118749913912559
196 1.2812435054952249e-06
501 0.00011938102673492448
589 1.2411343723973668e-05
654 6.244553522773601e-05
141 1.7540538817255394e-06
255 3.7321634843455156e-07
299 4.757496714741797e-07
440 4.9017948952811235e-06
450 1.575105032220365e-06
693 2.940384301682367e-06
130 1.192174275720534e-06
206 7.297812863128215e-07
249 4.2860117996926303e-07
321 7.710081059994455e-06
355 8.233468842089696e-06
608 5.853944272766894e-07
222 1.6938843472072095e-06
231 2.2212732807108634e-06
508 8.417451812072843e-06
500 4.195492735303931e-06
56 1.5400678539058256e-07
129 1.6573027113891396e-06
178 4.3314748214074507e-07
229 2.064754291906958e-07
237 2.0799495769496167e-06
335 2.983399536112272e-06
432 3.4744229606619574e-07
94 1.676083812316498e-06
186 7.961385112470573e-07
228 3.051996146853432e-06
236 2.5273887705734797e-07
509 4.208036281019126e-06
652 1.0088045336080175e-07
658 1.6187440897120608e-06
683 1.945570001278755e-06
694 1.0242188623905811e-07
698 1.8991899005599345e-06
131 3.404218973642498e-07
284 1.996244878252097e-06
320 3.4892972196349647e-07
333 6.886682779920351e-08
473 5.848060137566513e-06
585 2.3291323938331327e-06
708 8.063381046653333e-07
49 1.9750379472843276e-06
187 2.3611279402950243e-07
570 6.564893447091504e-07
666 4.221532119308246e-06
689 8.115936084780634e-07
697 6.539015790545044e-07
51 2.5866537291214873e-06
136 2.2056396636277555e-07
179 2.681791961083754e-07
223 4.428673126574744e-06
381 8.920929475680771e-07
656 9.58673445289859e-07
688 3.091051206831614e-08
227 9.245908496426749e-07
594 8.491879258850075e-06
678 3.36017027909177e-07
700 2.0617626570575426e-06
704 2.172811798139739e-06
716 5.249613727461204e-07
230 2.2428535114241375e-06
224 9.353783314944418e-06
44 3.224870354073632e-06
390 6.5536708885874765e-06
538 3.861358969889865e-06
331 2.716737589054534e-06
113 3.8130499417443057e-07
167 5.247581854460403e-08
572 5.786625232813371e-08
219 4.2171195816591784e-06
171 8.887639554105431e-07
251 5.350282054875496e-06
584 2.9625810267843896e-06
703 1.5478144977832804e-06
20 3.3064077120446507e-06
414 7.3166476444239485e-06
37 2.1848256424696274e-05
613 2.249193991771483e-05
676 7.71932469543252e-06
323 6.352822146072308e-07
115 1.0752935104298312e-06
464 2.273592331772124e-06
546 1.6262973781087247e-06
19 1.948471344874681e-06
460 8.704281621732658e-07
