177 1.3838690804317556e-07
86 1.0847203064880968e-07
17 6.481043352330372e-06
202 1.3376732427556307e-05
420 1.2848827177921429e-08
91 1.5024623841275261e-07
92 1.264067753518658e-07
97 9.856933380774995e-08
102 8.591590084967226e-08
175 5.275867373115749e-08
185 1.0014104621898877e-07
193 1.9776069571869394e-08
195 5.158356048992801e-08
203 2.1816276688143092e-07
244 1.5598518219623493e-07
295 3.121802579916482e-07
383 3.159943722897063e-09
449 1.3611550306600885e-06
516 3.0308077959278275e-06
603 1.0698312272537542e-05
715 5.018294187419618e-08
173 1.0236312135012126e-06
2 8.216455323934245e-08
8 7.576503240709525e-08
14 1.8494503184979877e-08
50 2.352385036023344e-09
63 1.8922245039219234e-08
71 5.323513417363717e-08
78 1.3401981304826387e-07
95 2.866076420243962e-08
100 3.112957285253564e-10
108 2.710887266937413e-10
112 3.4633018364812355e-09
118 9.674949586738352e-10
133 1.361281605946872e-10
137 1.384384850420844e-10
146 3.5346159724059256e-10
166 5.781320002650242e-07
172 1.1130225966430716e-05
182 6.859251263645156e-09
198 9.274710773680406e-09
209 1.3665555133526335e-08
213 3.052041596064039e-09
218 1.9427863958527973e-10
233 3.6619127303511393e-10
241 4.864081647102294e-08
259 4.5430193232595305e-07
263 9.457153640690264e-09
271 6.983649451297263e-09
281 1.2298910910619733e-07
286 4.031809806310399e-06
290 5.851235828492099e-09
294 4.571028268171527e-09
326 1.9330544451830667e-06
347 8.244566607366549e-09
351 1.039344608601713e-09
368 2.754877035319006e-11
385 2.2368498388958967e-08
394 3.1083507393618797e-09
404 1.1345301829787537e-08
422 1.410781830193039e-10
459 6.035508333749337e-09
465 2.2661317754021052e-08
510 4.205215646406379e-07
519 1.2608954279072439e-07
530 1.0657642939277084e-06
537 5.7955259687616e-08
541 2.2238808405229423e-08
605 6.583121796702842e-08
614 7.759783076282401e-08
620 3.083369085022101e-08
633 5.784683471433488e-08
638 4.892689770531654e-08
646 1.0446645107644675e-07
713 4.7144579020178917e-08
718 8.427598531032789e-11
157 1.3237517493400707e-06
6 3.688162534590873e-06
12 9.777925816587027e-06
16 1.2281382376472863e-07
23 4.895469617695153e-08
26 1.3472957778721976e-07
27 1.4467160968862053e-05
28 3.486918207466394e-05
52 3.956214253482229e-07
55 3.2488209803596033e-07
57 1.5247476752746438e-08
58 4.156611997704632e-07
61 3.217420095796183e-08
68 3.235547553077006e-08
69 2.0120809080001825e-05
70 2.0296355404590965e-07
72 1.453718359076113e-07
74 5.019101074543592e-07
75 1.599592243124957e-07
81 3.465343113660552e-07
82 1.021795706871273e-07
84 3.190660714001656e-07
85 5.867943533175676e-08
89 5.88593189050448e-07
90 3.754162696852482e-08
103 1.779696639355245e-08
105 5.452799636005671e-06
106 2.0788970382250094e-06
126 2.8498484738294375e-08
148 4.279603403741465e-08
151 1.5668580628169e-07
152 3.3610837312962373e-06
153 0.00010684226890287211
154 7.223277460835083e-07
155 2.081539102597807e-05
169 3.475206570366877e-06
190 7.53664596108533e-07
199 1.0026800064251367e-06
201 5.059734680807108e-06
205 6.545141844375436e-08
207 1.1647149203489079e-07
208 1.2964243778168336e-07
220 3.050650736263672e-07
246 1.577451862196615e-07
265 5.1981054632539e-08
266 1.2109944739900348e-08
269 2.988673524313731e-06
270 3.5337142830885514e-08
272 1.7230004879446847e-08
273 9.872400434760197e-07
309 1.3945478422329055e-06
311 1.6072152056970786e-05
313 3.280031079008793e-05
316 2.4448208417904515e-07
382 1.8274752431698088e-08
384 6.070119190591923e-08
387 5.171081403201882e-08
388 2.436831257506302e-07
389 1.070904610354381e-08
391 1.198426031048368e-07
393 1.6334742347610275e-07
396 1.0277013140633821e-07
398 1.0127321176152176e-07
399 1.5696562310095443e-07
401 4.1273194804547274e-08
402 3.534290037087663e-08
403 6.893808311268719e-08
405 0.00010648870818669516
406 8.950850678519814e-06
408 1.0765819847799906e-06
409 3.693751729149418e-05
410 5.391804459273522e-08
411 6.29527330054507e-08
430 1.5867190050325532e-07
431 5.969034806646911e-06
433 3.326185105654854e-07
436 8.335871575207064e-08
438 1.6594512481682738e-06
439 2.434098467687624e-06
451 2.4148103001111403e-06
453 6.504444687645828e-08
455 4.447300467744508e-05
456 2.6089166930847386e-07
458 8.86430060283678e-08
461 5.83281075220905e-07
463 7.564506076271309e-08
466 1.2867502523889205e-07
470 5.463475800227907e-08
474 5.7117201658410485e-08
476 3.6496149208926846e-08
477 7.189025094709768e-08
487 2.251929233543516e-07
489 0.0003908013346001054
506 4.195861248343352e-06
511 1.8805945053301374e-07
512 1.712735060050228e-05
513 6.097057947453514e-07
515 4.975281020912325e-06
520 1.228648164165586e-07
522 4.634823564016938e-08
525 2.0238120823504815e-07
527 7.132874194890263e-07
528 4.700764747637858e-06
529 4.927634648147153e-08
532 2.1997597571037265e-07
535 1.693072786596912e-06
536 8.214761686033876e-08
542 9.836692003920617e-08
551 7.317351238281779e-07
553 1.3804540246089567e-05
556 6.905580028519543e-06
566 2.3821162739592846e-05
597 1.227348454205085e-06
599 8.468401381950525e-08
600 1.9221240522801832e-08
601 6.737249452400066e-08
606 2.806158270450996e-07
607 0.00014589859118792537
609 1.1113116808675634e-05
611 8.828886096420438e-07
612 8.209521612719388e-08
617 7.694088822596612e-08
619 1.3329593898496865e-07
625 1.2306146178598307e-07
627 1.9534985364904432e-07
630 1.1315528158751452e-07
631 6.859874601483444e-08
632 9.219655843015123e-08
637 6.999255908693245e-08
640 5.888631678724448e-08
641 1.0294925919889496e-05
644 3.5340807164441237e-07
645 6.327802194870828e-08
647 6.721925461853785e-08
648 2.3618477301973734e-07
651 5.5961273484106314e-08
687 2.4872947156421958e-08
699 3.726528002771344e-08
710 1.980964783375534e-06
711 2.1125968958190778e-07
712 1.0363464168094813e-07
214 6.370385987703952e-09
4 2.735989113412861e-07
7 6.037131668335973e-08
10 0.00015961042279340676
13 2.0623620223588248e-08
15 7.725012050322925e-08
22 9.619313921961449e-08
54 8.749532475539421e-09
62 2.0105239791639063e-07
64 1.4232476541907566e-07
67 5.938300915157316e-08
77 2.8926038085287823e-09
79 3.0853866275280596e-08
83 2.2739614692496825e-10
99 1.059134279706366e-08
101 2.2790072855677343e-08
107 7.236776917923124e-10
109 7.163212430962149e-07
111 2.4091058064962787e-08
119 1.0383791323665613e-08
132 4.812000243456451e-08
134 5.424561760731845e-10
138 4.0774752362119906e-10
140 1.8614454826889983e-09
142 1.0800554949228965e-10
144 2.518163907065444e-09
150 2.6933697955845266e-09
174 6.475665140175396e-07
181 6.872025578572148e-08
194 1.5942137862199359e-10
197 1.6544397210257435e-07
200 1.7133736781446807e-08
210 1.0629945937883544e-08
212 8.6088522292605e-09
215 1.661831817418833e-10
217 8.545130457822317e-09
232 5.208361582044661e-09
238 1.5405351544788286e-09
240 4.049673524027841e-10
242 4.612529892227127e-09
254 1.4074438834824062e-08
256 1.1400234190766519e-06
260 1.2866174718423017e-08
262 1.067429258813151e-08
264 1.4595578983948113e-07
268 6.084917322165384e-09
274 5.496204883669775e-09
278 1.2563277048316958e-08
280 5.5742610067440114e-08
282 7.3313849441384765e-09
287 1.721448852752333e-08
289 2.068142628299484e-05
291 6.117148287014543e-09
298 2.2264852203253068e-07
301 8.4706760960757e-09
307 6.560650303794988e-08
310 1.9972257826851095e-08
319 7.948333671070843e-08
338 1.0578140910715016e-07
344 3.204946428529135e-09
346 3.465879034118641e-09
348 7.437365289698407e-11
359 1.2290191346515341e-05
361 8.698470971077683e-08
365 9.62199972578755e-06
367 4.2558881288872867e-08
369 3.009200766446193e-07
386 1.1722729502391017e-08
392 9.686370314915442e-09
395 1.8361782909367339e-10
400 1.7196205531684884e-10
418 5.912219759952489e-10
421 5.017577247663355e-09
425 2.338104837844718e-09
427 1.7865893257031268e-09
437 4.296775817588752e-08
443 6.0048336720962905e-06
445 8.914844810772621e-07
448 5.8370118068116004e-08
452 9.970793283423102e-08
457 4.065988810358674e-09
479 6.551266601151409e-09
492 4.0377380850147116e-07
507 2.964924651969285e-07
526 1.2307395191131854e-06
531 1.356728525368683e-08
534 8.581032722128013e-08
540 8.905358433406058e-08
548 2.384541411581091e-05
563 2.7741553844577648e-08
569 1.3955862680981681e-06
598 8.47702394501854e-08
615 4.831732027225604e-08
618 3.14078329491592e-08
621 2.6907591996220692e-08
623 8.429107105861487e-08
626 1.3810717558165706e-07
629 4.860995500850753e-08
636 9.53384522807807e-08
639 6.128002896875556e-08
643 5.047374277706813e-08
649 2.9412387735984387e-07
681 1.2567970663826921e-08
709 7.206247391315577e-11
714 2.243328320044863e-06
719 4.533986607169198e-09
482 1.0927883787062053e-05
18 1.2823286228709255e-06
24 1.2132330060583376e-07
45 4.317221203190474e-08
53 1.844516654074095e-08
60 5.639900123525623e-07
66 1.5494815926046084e-10
76 2.892603808528787e-09
93 9.347478098955036e-08
98 5.1656293022978945e-08
104 4.218610190711871e-08
110 1.0720225361360353e-06
121 2.6459892867974472e-09
127 2.0231469886011716e-07
156 4.129975050796256e-08
180 3.1863173006789314e-09
204 9.012025141825479e-09
216 5.077546883863269e-08
235 9.681093940449271e-10
239 8.997120396157072e-09
261 1.2395921476202525e-08
267 1.0797354306060962e-08
275 5.945898219531617e-09
279 8.222379309793585e-08
288 1.4713802024900338e-10
303 7.460023405772938e-09
315 6.215188280891993e-06
337 5.142471763047844e-09
345 7.602703632117155e-09
349 1.954308975688788e-08
371 1.1854690800174137e-07
397 2.877037568373029e-09
415 2.7933541092965234e-09
424 1.9418013070941917e-09
428 7.918638962650941e-09
442 7.916622432490245e-08
447 5.3041444463193225e-08
454 9.655422217276742e-08
462 2.822790585537377e-07
481 0.00014823042472977168
517 4.560387888030713e-09
602 4.8834540743273065e-08
610 8.919300735916644e-08
616 3.870290120107485e-08
622 1.1210884664737317e-07
628 3.455651151712053e-08
635 5.052417323810963e-08
642 4.386133065429171e-08
669 2.3621021564079963e-06
720 3.8845502879806086e-09
339 1.5685967347082278e-10
159 2.8495476602062844e-06
188 2.7234140227222697e-05
363 2.2704416378198428e-05
499 0.0004878298052418952
139 3.923929502820645e-07
362 1.0590349966920655e-08
161 5.0211262538958466e-05
680 3.4723445307480404e-06
350 5.657995881214765e-07
419 2.5456759796729167e-07
552 2.864864448641598e-06
164 1.5774089976222654e-06
168 3.691803541932295e-06
183 2.496899075867562e-06
483 1.2061534844189257e-05
491 8.0004501332929e-05
