426 8.292749575478457e-06
41 2.8985101265733955e-05
478 1.1281613012467565e-05
32 7.372790364102343e-06
496 5.091836636744658e-06
341 3.7714260957400962e-06
558 3.166780186313818e-06
248 1.3632714593318464e-06
695 1.1286041824854352e-06
469 1.5064979448205605e-05
304 1.482964642283835e-06
705 9.57457970426278e-07
717 1.595891994244418e-06
686 3.0205420877280045e-06
73 5.139644811016639e-05
549 0.00012105792119261014
407 7.91553486712062e-06
446 6.233559993466418e-05
147 1.3164519415780272e-07
123 1.1505969486167857e-06
554 8.103217277833104e-06
417 8.332819183887624e-07
702 1.0001995714635538e-06
372 6.610585897666907e-05
376 5.3564224005217666e-05
297 2.5647913560452066e-05
588 2.1666817232038302e-06
360 3.856622704061755e-05
184 2.4077241024559238e-06
292 4.843642987980195e-06
591 2.0857292279837123e-06
707 1.610567957942477e-06
143 1.0191474767344181e-08
87 0.00016825430329734354
573 5.269698766810478e-05
494 1.0451889264036494e-05
306 3.2877195114025173e-06
565 2.5740294772325922e-06
234 2.4349207207076045e-06
434 1.577051686027445e-05
679 7.924837252795809e-07
176 1.5382262536368184e-06
343 9.457815030141925e-06
38 5.658629070141613e-05
329 2.2494502939313458e-05
655 5.493062078490287e-05
493 8.368975914096255e-06
504 1.8120946596691024e-06
547 5.235525343195198e-06
575 1.9007260471623733e-06
25 3.273266744166014e-07
96 2.896035412457224e-05
258 4.700014727745151e-05
332 2.3097233257622194e-05
342 6.767463490883902e-06
374 3.1886699639432847e-06
518 1.3229423584836658e-05
578 7.683215274341302e-05
595 6.802799937563047e-07
80 3.5665385880357633e-06
435 4.206363438222732e-07
539 2.1091305814366965e-07
192 9.19745706479856e-06
488 7.093188903476352e-05
88 4.329276562410863e-05
122 2.410894033525864e-06
128 1.2745360973726553e-06
162 1.803646714946452e-06
191 3.0207830804403394e-06
276 5.355983087057946e-07
327 1.6622638036520652e-05
357 3.201164019349684e-06
423 1.3357095432787636e-06
429 2.7318705453096115e-06
472 6.196111851877066e-06
574 7.805564582342242e-05
696 9.131094763619441e-06
701 1.1833588864379198e-05
5 6.365280940359533e-05
211 3.6573149644673265e-06
253 3.4983907872131325e-07
523 1.4453635928222506e-05
533 6.796998041332106e-08
