16
0.016434850006430406 -0.0015240467237587223
0.016319259310465514 -0.0016296047135542116
0.015088280343868369 -0.0008361158411786321
0.01401727681751145 0.0008941453417776261
0.01623292524565181 -0.0004969367084180363
0.016198988645838158 -0.0006581161439373337
0.01539556333874761 -0.00011065220340510482
0.014411499564125125 0.0016725915360589656
0.01593328986260112 0.0012206727474830309
0.01588727138703343 0.0012608975404348978
0.015805657140314542 0.0010725656973572608
0.014931722105257625 0.0033245873438122638
0.015736936833014796 0.002222509176420625
0.015689092383509604 0.0021849545653592176
0.015985619192026207 0.0016658921408370204
0.015077565030986477 0.004600849395740535
