16
0.0020018609182231337 0.0019868280048796864
0.005451082042341611 -0.00020960390028608626
0.00799669036102309 -0.0032564729063910953
0.007698814086267073 -0.005707459847630515
0.0035887874299244944 0.00289429614231953
0.006600808098895641 0.0007453892260383449
0.008698776899488878 -0.002573739172566822
0.008403346040243544 -0.004961308700978088
0.0055527734598427945 0.004825151064804629
0.007972208192488337 0.002797951783686138
0.010213218850601082 -0.0015001544034227115
0.009824189629528822 -0.004233914031656214
0.006350723063201533 0.006199749816192792
0.008688985773680429 0.0038530759596980806
0.011102915986515341 -0.0010108465847134668
0.010767910677802988 -0.004051342986647159
