16
0.022109152513073924 0.004411742686526415
0.02607597666256155 0.0013706300272488781
0.02982784235416956 -0.0018195923654379046
0.030516722307575066 -0.003015037778039278
0.022732546278743486 0.00468704452740442
0.02625157415860415 0.0018201384273009323
0.029889368424885415 -0.001510673701529612
0.030542745010620993 -0.00270714872815973
0.02345760098152971 0.005469307112440108
0.026533178557801858 0.0029133597940078364
0.03034934387644865 -0.0011942115863567578
0.03101987632378874 -0.0026706693937048
0.02348996493678732 0.006244257784348574
0.026656603348354943 0.003466388258215787
0.03068903116526492 -0.0011097635966295742
0.03149013347279195 -0.0028860210836601416
