16
-0.004473068158599424 0.0008566910157547419
-0.0009153344490671401 -0.0012104878524222134
0.004458239972079874 -0.0015108345637441943
0.007224268549948231 -0.0018602763797244835
-0.003154345986807922 0.0014356622246048277
-0.0001041364450995562 -0.00035210026264134665
0.0048645662666966715 -0.0010834465013155594
0.007405482967099164 -0.0014832404305052903
-0.0016402591700172642 0.0024715091524716106
0.0013048570982269404 0.001106845676057943
0.005916351498098843 -0.00043608276449411755
0.008302446036911949 -0.0009902645282832486
-0.0011737013242479543 0.0032387672624054685
0.0018598036896151826 0.001781713068969821
0.006585797205391559 -0.00011904994030424894
0.009164837056827715 -0.000779075735827883
