16
0.002513811377372627 -0.014972477708976197
0.008436071342836447 -0.005505016270150273
0.011393105036039367 0.007363952466589629
0.013196832352659782 0.013815340334611983
-0.0012228395863648352 -0.011925486649700265
0.004132341704245378 -0.0031901166639334766
0.00829031696079818 0.008606990673579994
0.01032396617557554 0.014472030219616815
-0.00743206079073351 -0.008542083774314719
-0.0029247691604965447 -0.0003067984684735126
0.003506371835166386 0.011284720290145904
0.006340935012268162 0.016911219711036023
-0.011481809581474382 -0.007630286719282168
-0.006351237098912075 0.0009093488586222133
0.001117706784993238 0.012959382906675528
0.004347233448339131 0.01913165810981781
