440 9.076817256349291e-06
591 2.472348397646959e-06
702 3.0348439901615727e-06
122 9.96838365814942e-06
141 3.724169087136289e-06
480 0.00011120112709086598
128 3.0867447315629514e-06
251 1.9657899998349302e-05
297 3.429306380266348e-05
472 7.004969336599146e-06
500 5.3077539309838785e-06
662 3.296913190640023e-05
669 2.5688391380891614e-06
701 1.6622488636796357e-05
426 8.7864086373664e-06
429 3.917214084608155e-06
523 2.8719747089786543e-05
564 3.770520105816994e-05
0 0.0003065969693798664
32 9.251161774252318e-06
47 6.267410916351814e-06
48 6.574809731967547e-06
80 5.84125844582904e-06
120 9.595948457058875e-06
258 5.225445997907095e-05
283 6.882367602924266e-06
302 1.747083632232809e-06
332 1.8114183730097752e-05
515 1.303465975477964e-05
539 6.006368255163588e-07
574 9.108696453364275e-05
675 4.1784547842920224e-05
115 1.0545888582250804e-05
221 7.716016662001932e-05
292 9.275517212882806e-06
306 3.2819608160873162e-06
321 7.763317086512388e-06
322 6.868311214081597e-06
372 7.366829899451156e-05
489 0.0004126577863895526
249 9.465543051402402e-07
588 2.8992184942637606e-06
36 7.276537750187856e-06
40 6.063423609229273e-06
123 4.447202331142199e-06
124 2.933832167613332e-06
192 1.4407808770449513e-05
247 6.400440185490469e-05
312 3.703117486993393e-05
342 8.415294281118318e-06
356 2.7751583312082963e-06
370 3.413603439915626e-05
379 2.407671677707021e-05
412 1.2230723512380739e-05
435 8.384179804875589e-07
485 0.00016581032520296857
486 0.0003673575333123791
488 9.086377421589676e-05
533 7.731294327023345e-07
545 3.2697439159567648e-06
547 6.126503862554095e-06
562 3.099957219104068e-05
565 6.343352850953953e-06
658 7.285897994553369e-06
679 2.4184244750222977e-06
682 7.487880618827845e-07
693 3.258275015465877e-06
5 6.479681923292674e-05
34 4.6350893354493e-05
42 0.00010418453917434013
6 7.892705432260112e-06
21 7.284913190224118e-06
100 4.0230866295387845e-09
101 2.2976641529552885e-08
131 1.3396470430114296e-06
132 7.28162823206064e-08
160 5.175779049312773e-06
182 6.041922263990834e-08
201 5.854777894141078e-06
234 3.510871514461242e-06
285 8.531317600539833e-06
294 4.608955881967455e-08
390 1.0774851171328836e-05
407 1.6340266712395607e-05
474 1.601893920625061e-07
476 1.1468187915588766e-07
479 4.207124609871903e-08
482 9.831242815717677e-06
493 8.64489791545869e-06
552 2.901126979049083e-06
575 1.8052025341803996e-06
590 9.852911933027532e-06
616 1.8249948027277877e-07
641 1.2509695011317274e-05
559 4.7043962787146936e-07
561 2.0940308943337498e-07
1 0.0001324635600034843
3 0.00014582258316094527
25 4.1057805403706573e-07
29 0.0002155945995891701
44 4.445158917726839e-06
102 2.348038526575131e-07
113 5.059890002645748e-06
116 6.473285984053402e-07
143 1.1461774789787494e-07
149 2.173035584426879e-05
152 3.955842345640076e-06
176 3.318716948913697e-06
183 3.4119061888887623e-06
226 1.0736868298423586e-06
242 1.4490467089703578e-08
243 5.957040601123347e-05
246 3.367495235423333e-07
252 4.323308784827868e-05
269 3.235239068409417e-06
270 7.223091047582334e-08
276 1.560067878785287e-06
300 2.8553317609478705e-05
315 8.000765219389721e-06
326 2.3317880362924695e-06
350 6.461705401041292e-07
352 1.9466352256858878e-05
357 3.598140879208084e-06
375 3.7655250810236767e-06
406 9.100558162746094e-06
409 3.6924703873748696e-05
420 2.1293721152554137e-08
431 7.376418168919651e-06
432 5.7188951196316945e-06
497 8.984231036138177e-05
503 4.116125500711849e-05
504 2.5568826139914203e-06
512 1.9260786485771114e-05
516 2.953698449545155e-06
520 3.2555736193922276e-07
544 4.481403362188738e-05
548 2.5986750976769677e-05
549 0.0001342068094131968
551 7.311011980302359e-07
563 2.975027524457204e-08
569 1.910771756895321e-06
593 8.263248971901815e-06
659 4.548184142564444e-05
665 1.4972229532337908e-05
666 6.267403203098409e-06
692 2.492811209724512e-06
715 2.154663762222517e-07
168 4.470435542055878e-06
169 3.754437726558211e-06
91 3.4008438389517277e-07
145 1.1576215445518895e-05
10 0.0001751385436567078
24 1.0786249577807732e-07
45 9.31644256389682e-08
58 8.221559223071609e-07
60 9.704750823773632e-07
65 3.6591444105011494e-06
70 7.404958237983511e-07
72 6.094822687101403e-07
81 6.937320442406339e-07
82 4.902778074553709e-07
86 2.3302963538144262e-07
92 3.017131141595583e-07
114 3.2348993198605667e-06
117 1.6927458908047757e-06
137 3.791240958326386e-09
139 4.836206026359716e-07
140 1.017188855648495e-08
142 3.311545404160655e-09
158 4.916244436736566e-06
162 2.5191326400620333e-06
175 2.9353254172351883e-07
181 1.1046373143643181e-07
185 1.9549335898146133e-07
189 2.1132386233795487e-07
191 5.787860166487507e-06
193 8.580854198160639e-08
209 2.1824442906113247e-08
245 3.327065181093075e-05
253 3.573427969903787e-07
266 7.73188195854324e-08
275 8.558023781054861e-09
289 2.312580160573274e-05
307 1.690867139920036e-07
339 8.48031411932173e-10
345 1.4352335303400109e-08
364 2.2767405774979648e-05
367 8.469821289076803e-08
385 3.668733224372615e-08
413 7.068485644713579e-05
433 7.558208922850339e-07
436 3.764541764118201e-07
454 1.5229634843847068e-07
455 5.2866565483196976e-05
477 1.5379211963634627e-07
491 8.076587942669499e-05
499 0.0004714022451194834
518 1.9335724864509393e-05
534 9.990376411195181e-08
553 1.6944086553896865e-05
568 4.0591848296399266e-07
584 7.021346683565875e-06
595 1.010669128444749e-06
596 3.963432242802096e-06
609 1.3357402559568773e-05
614 1.6515826276329702e-07
615 1.650792932959752e-07
617 2.6640407074245577e-07
618 1.3762549416326045e-07
642 1.0151911182070502e-07
644 4.708064493450848e-07
655 7.21376950162741e-05
667 1.3970987040152496e-05
680 3.0505505841987744e-06
699 1.1721424356074968e-07
710 2.625354110240975e-06
712 5.141696011865833e-07
7 6.847194228005172e-08
8 1.34060350592116e-07
14 3.403188121270862e-08
18 1.3492200106677598e-06
35 1.2585176631752506e-06
54 1.5904945648601419e-09
57 3.520335621361329e-06
63 3.190286082460263e-08
66 7.318438946257546e-11
67 4.669564220140623e-08
76 5.9678617154398e-09
77 6.703938249435932e-09
83 2.4056883459652707e-09
87 0.00018937284470281864
90 1.0597603452626714e-07
97 3.16241184325794e-07
98 2.471034702058221e-07
99 2.9693941016552948e-08
103 4.080925666369397e-08
105 5.682777827722026e-06
106 2.412947397199085e-06
110 1.1383706403850485e-06
127 2.0586246385993888e-07
133 3.6205262963994707e-09
135 2.2794618909189079e-07
148 1.097826373282446e-07
154 1.1395629835785666e-06
156 3.2921435124105875e-08
163 2.665014027032557e-05
166 6.439976690965721e-07
172 1.147147182203324e-05
194 8.597748013547455e-10
202 1.4847029259170972e-05
203 3.529746093788839e-07
207 1.8085724039717606e-07
208 1.762887567243703e-07
211 7.25141402720236e-06
212 4.756548010045123e-08
213 1.728851531873824e-08
216 5.434952572212386e-08
217 4.519500952997468e-08
220 4.994769417649814e-07
235 1.7214818841630146e-09
238 3.0022115762619407e-08
244 4.024190150807915e-07
257 1.997554027339265e-06
260 7.401205292269009e-09
271 4.514457090904234e-08
272 3.043272383952697e-08
274 2.3379136541009616e-08
286 3.2859151708796885e-06
290 5.181388059234207e-08
298 2.297119355493831e-07
303 3.740726222148421e-09
304 2.1670657680589292e-06
313 3.4285258374425636e-05
319 5.454012225468099e-08
328 1.16552851982765e-05
348 6.755905988276116e-09
349 2.8475372384875196e-08
359 1.2252485340312577e-05
362 1.3451308165461538e-08
363 2.981496873660949e-05
365 9.45982161422717e-06
368 1.0016275806311973e-10
371 1.9651368019099895e-07
400 5.559711526586482e-10
403 1.1586544806557994e-06
404 5.120106208189477e-09
423 1.791876207720303e-06
446 8.346723360662164e-05
447 3.4965143629436786e-08
459 1.319857421138571e-08
462 4.2481126244695406e-07
484 0.00013322494097531097
492 4.0030313635382435e-07
502 1.2981893568146246e-05
506 5.217291358605348e-06
508 2.835858466115532e-05
511 3.725950402040133e-07
513 1.0570508331247712e-06
517 4.966295218247095e-09
519 1.7273964117711392e-07
524 3.243199965469331e-05
525 4.637240010326666e-07
526 1.932837685602031e-06
527 7.541931892157698e-07
528 7.311021121290422e-06
536 2.429078031124382e-07
542 2.735936203704961e-07
566 2.424903800511076e-05
597 1.2623495007483487e-06
598 2.44536652365181e-07
599 1.9949933715262725e-07
600 2.567129596934875e-07
601 1.040537042469322e-07
602 2.3563945766426343e-07
603 1.0468449046171463e-05
605 5.1793669780943967e-08
607 0.00012772952866321193
608 2.5357151619744974e-06
636 5.1860011368328614e-08
681 1.4300254971756325e-07
717 2.3027703502497024e-06
719 7.740750213373283e-09
2 6.297975490675936e-08
4 2.935148279655576e-07
12 1.150396834411277e-05
13 6.961852825048219e-08
15 2.3661906965116536e-07
16 3.798432201890857e-07
22 9.089134509505726e-08
23 7.941702899790177e-08
26 3.2456180573028055e-07
27 1.361267859089499e-05
28 3.681135445033825e-05
38 5.351217074455235e-05
50 2.317042939939226e-08
52 4.938626112207573e-07
53 7.64161738247239e-08
55 2.992850050269523e-07
61 7.12883181467253e-08
62 1.8718109910497004e-07
64 1.3239684215166464e-07
68 2.3506919110074668e-07
69 2.0302410073851225e-05
71 2.1042790643682306e-07
74 6.224017910875855e-07
75 1.6479967517328812e-07
78 1.7436189222387307e-07
79 8.65822081682792e-08
84 8.817594016818682e-07
85 3.544542151270233e-07
89 1.2268789289198654e-06
93 7.803660819927421e-08
95 2.055710556916817e-07
104 3.849407640117325e-08
107 1.0362020880815415e-09
108 1.1929126177061664e-08
109 7.756216981564449e-07
111 3.9976199737388933e-08
112 1.0627054904839345e-08
118 2.959842756497784e-09
119 2.2633481725012287e-07
121 2.4602951627671858e-08
125 5.651804577213158e-06
126 2.7995490690918877e-08
134 2.78267638447916e-09
138 8.193475168451588e-10
144 1.3889921273505333e-08
146 1.2706894629068582e-09
150 4.525853166538377e-09
151 5.844005401839117e-07
153 0.00012200153094055678
155 2.7165105198934777e-05
157 1.9070610150793262e-06
159 3.715404753174194e-06
161 4.515890473490136e-05
164 1.762333780293884e-06
165 6.479895597414302e-06
173 9.647246058157292e-07
174 7.784567600201775e-07
177 3.8139451451238804e-07
180 2.213347665813722e-08
188 2.7655171747724287e-05
190 7.912004393216495e-07
195 9.78925714236946e-08
197 1.9043434148340969e-07
198 1.1786255061016514e-08
199 2.671426647826923e-06
200 2.0994420957747017e-08
204 6.875160737855925e-09
205 7.185136151625807e-08
210 1.0718582014275188e-08
214 7.764042741816309e-08
215 3.497908161800073e-09
218 2.5996889826399607e-09
225 4.5918087322107156e-05
230 4.4996148838122326e-06
232 5.9573385721220236e-09
233 3.55121518733371e-10
239 1.5081275337192464e-08
240 5.047937702687455e-09
241 5.675126172847491e-08
250 2.2206720216535145e-06
254 1.2179272084543288e-08
256 1.2091409634833827e-06
259 2.430964009715191e-07
261 1.502176352449602e-08
262 1.5416177739168345e-08
263 7.555739787153422e-09
264 1.7379629846570695e-07
265 1.269613237442331e-07
267 2.2393673642839132e-08
268 1.7701669614184985e-09
273 1.0611209374840174e-06
278 8.642993973019851e-08
279 1.2705375573884747e-07
280 7.712278745559005e-08
281 2.621502278963362e-07
282 2.084932735633737e-08
287 1.2691698056538293e-08
288 2.43014541621601e-09
291 7.878332867419655e-08
295 3.5472908340425585e-07
301 2.1584518356313773e-08
308 9.237622631322913e-05
309 1.5111220627394695e-06
310 8.39157647793839e-08
311 2.0180071161667535e-05
316 4.980678724179334e-07
329 2.7797385660315296e-05
337 2.0277486814582278e-08
338 1.7404416161045548e-07
344 8.127013864175508e-09
346 1.4343700044844528e-08
347 4.400032903937828e-09
351 1.7191036649195487e-09
361 1.0059328283230466e-07
369 3.130538898479721e-07
382 7.765825603584278e-07
383 5.623662270572577e-07
384 3.602480512009695e-06
386 3.239514311154125e-08
387 6.750909115261419e-07
388 4.855859117871873e-07
389 6.494023574194658e-07
391 4.959280175514127e-06
392 2.0974227227331663e-07
393 3.2764331213476315e-06
394 5.2857062091790255e-09
395 8.371573438238323e-09
396 2.2787842884866097e-06
397 3.6835209064822513e-09
398 4.6385393562038387e-07
399 3.93527057222659e-07
401 1.760004192034195e-06
402 1.6537391099559015e-06
405 9.515967405784874e-05
408 3.7647049155952044e-06
410 1.1133862749480823e-06
411 4.961545158105197e-06
415 1.6647087499323105e-08
417 1.2578977290725195e-06
418 7.018732580707387e-09
419 3.276900226534213e-07
421 1.3863553143125987e-08
422 1.3852264374835e-09
424 2.3940422462086508e-09
425 3.8341600289857656e-09
427 6.400132112093485e-09
428 1.4262125126770595e-08
430 1.9412872748624564e-07
434 2.8922928890381377e-05
437 7.4788264135274e-08
438 1.7988748348149107e-06
439 2.5575546823959595e-06
442 5.267265038998797e-08
443 6.320293892195848e-06
445 1.151934011534116e-06
448 4.117653965363082e-08
449 1.912946121440596e-06
451 3.4348492855109016e-06
452 1.419722505997384e-07
453 3.3405304218858593e-07
456 5.670883781412864e-07
457 7.681516713903459e-09
458 2.905821389013569e-07
461 9.194735827002982e-07
463 2.1793888879045111e-07
465 2.4324032962100355e-08
466 5.180018579819306e-07
470 1.1166567673622778e-07
481 0.00018564441413491085
487 3.486544106933973e-06
507 3.475053769844485e-07
510 4.5453017478192944e-07
514 5.023483930195881e-06
522 4.342395481630306e-08
529 2.3176450601522644e-07
530 1.2912239875919033e-06
531 2.1072967302435862e-08
532 2.1879155150284717e-07
535 2.283173857901663e-06
537 4.76651681063404e-08
540 1.1301920799030695e-07
541 2.6889347926800076e-08
554 1.4814313548730832e-05
556 7.608560515331664e-06
573 5.20428165555056e-05
587 2.8181402178192933e-05
606 6.108058080235235e-07
610 1.988416273055877e-07
611 1.3420210795706234e-06
612 2.711978133047282e-07
619 1.633210065578395e-07
620 7.578717438931721e-08
621 4.312864288497033e-08
622 1.2703483418622938e-07
623 1.1416415551528688e-07
625 1.5990711150359868e-07
626 2.1081924027764874e-07
627 3.5940183185466966e-07
628 7.828558956030123e-09
629 1.1285702796118343e-08
630 1.0828614697652963e-07
631 7.420899196035949e-08
632 1.6909834861658658e-07
633 1.4601514732980498e-08
635 1.062007889794839e-08
637 8.951404363485621e-08
638 1.7623272607263747e-08
639 8.282188043334683e-08
640 1.1743310906547909e-07
643 5.585651330569172e-08
645 1.6793314525007033e-07
646 7.237173035205477e-08
647 8.462233960248068e-08
648 3.804256367895345e-07
649 2.865525718801323e-07
651 1.147068942227622e-07
687 2.2362098244758441e-07
705 6.242664908121479e-06
706 4.232038266570177e-06
709 6.528870867283086e-10
711 5.535610189625324e-07
713 2.8377819069436465e-08
714 2.2114051439797374e-06
718 9.020917462053723e-10
720 2.0769323907880023e-09
