9 3.636310290999315e-05
20 3.847376732491355e-06
30 1.7146665508195967e-05
31 7.545288178267753e-07
43 1.932970913158008e-06
46 4.542793453208132e-05
49 2.7848598049575077e-06
51 4.369031595248833e-06
56 6.783363239180311e-07
88 4.54660967149862e-05
94 2.080448875981018e-06
96 3.392680421661381e-05
129 3.473554121967613e-06
130 1.659370144258539e-06
147 5.042346058520763e-07
171 3.723340223553196e-06
178 6.890209195668908e-07
184 4.771983936668586e-06
222 1.769694068638668e-06
224 1.3994650013606246e-05
227 1.2601748689167799e-06
229 3.317083932435438e-07
236 5.341340772884739e-07
237 2.2473430950036132e-06
248 1.472451404305226e-06
293 3.928061100345181e-06
299 6.144429435778245e-07
314 9.381956086841217e-06
318 1.3803015393926026e-05
320 4.6211339325599133e-07
323 1.6227923310918476e-06
327 1.8944605434829685e-05
331 4.304386152217488e-06
333 7.618738660791617e-08
334 9.060472042152358e-06
335 4.46629292194751e-06
336 1.560977982157096e-06
340 3.4411726709865135e-05
343 1.4451848508340775e-05
353 3.4611431781382408e-06
355 8.183986377216343e-06
373 7.98771242895802e-07
378 2.6814253944948784e-06
416 4.38501736409659e-06
444 3.958331675388908e-05
464 4.513055844299016e-06
467 5.1214176434026725e-05
468 1.9492509973472423e-05
473 5.533376529659449e-06
490 1.2084808827300556e-05
494 1.1074607097045037e-05
495 4.403518517187386e-05
505 8.471996339225281e-05
509 7.944993768257996e-06
521 6.098175776239103e-06
543 2.628292772908903e-05
546 1.955118831140418e-06
555 6.320395097176165e-06
560 4.3776884842353834e-06
571 1.2842956887544192e-06
576 6.182176728584015e-06
578 7.985017809949746e-05
579 1.2840273435656186e-06
580 3.231970448799411e-06
583 1.223122727251649e-05
585 3.026387504944261e-06
586 3.595988424201101e-05
589 1.454530884103432e-05
592 1.216046558194186e-05
594 8.694304105621219e-06
604 4.320807924106103e-06
634 5.412247102160416e-07
650 6.301451651368597e-06
654 7.549703520969544e-05
656 1.4296625925260416e-06
671 9.918415515987512e-06
673 5.472121081929332e-06
677 7.585103700315145e-06
678 2.969320964642797e-06
685 3.3079887716152965e-06
688 4.1849189044201627e-07
690 4.918098449349183e-06
695 1.7728401395412962e-06
697 2.6035525401559093e-06
700 2.1488742341386125e-06
703 2.543222997680565e-06
704 6.785866237438729e-06
716 5.625076018108783e-07
170 5.3346185544520165e-06
186 4.987754132284428e-06
206 2.4164769985566165e-06
660 6.567739748434728e-05
469 1.6810031452376138e-05
