0 0.00025962465609669457
1 0.00014361944499660637
2 8.780043346645928e-08
3 0.0001442457661795512
4 4.337933747802454e-07
7 1.7286461164858657e-07
8 1.8516651815581198e-07
12 1.7449325288857443e-05
13 4.730251602746307e-08
14 5.0120885122033985e-08
15 3.895980290231252e-07
16 6.307347002623196e-07
21 6.751372227921182e-06
22 2.233659732366365e-07
23 1.4451337594551554e-07
24 2.1762255187842598e-07
26 2.765845062371059e-07
29 0.00019710839307715593
34 2.6178286286963217e-05
35 1.2964374020040667e-06
41 2.6189211861726597e-05
42 6.64224603513372e-05
45 4.6601709992200676e-08
46 3.627355735287027e-05
47 6.2757439870748924e-06
48 4.807851963181294e-06
50 4.742281976708005e-09
52 8.306315436994221e-07
53 3.915267980027307e-08
54 2.8613343291019814e-08
55 4.798868154403931e-07
57 3.5037736857346066e-06
58 9.399997101997308e-07
61 5.703232492257843e-08
62 2.364092881384061e-07
63 4.787692166742776e-08
64 1.7209975970131775e-07
66 6.513163924704539e-10
67 1.4258294067172454e-07
68 1.6560399991733163e-07
70 8.758386099127558e-07
71 9.515087366144143e-08
72 5.993930877254676e-07
74 1.0020346889997256e-06
75 4.3116522884430885e-07
76 7.75205712500584e-09
77 7.752057125005857e-09
78 2.408230815585954e-07
79 8.818404245549256e-08
81 4.979321835698012e-07
82 1.8606955486228046e-07
83 9.521924191923655e-10
85 5.602325577128317e-07
86 9.078359711409446e-08
90 7.725623209314388e-08
91 1.7511722644492565e-07
92 1.6825668676247976e-07
93 1.0397915115682042e-07
95 3.973273431627508e-08
97 1.4580193008904056e-07
98 5.7352576320995816e-08
99 3.4397317748294904e-08
100 4.195412975153172e-10
101 3.0394783578731405e-08
102 1.280705253541203e-07
103 2.489654376367411e-08
104 6.560532325292685e-08
106 2.461823066357822e-06
107 2.5862083194226187e-09
108 1.3776797380977293e-09
109 8.748244918191063e-07
110 1.1387828716070336e-06
111 2.7978067955753238e-08
112 2.271551700284683e-09
118 4.58592479332835e-09
119 2.415944345212908e-07
120 8.21786726048701e-06
121 1.1475372722686682e-08
126 4.27207644001198e-08
127 2.0909256265828987e-07
132 6.28096173017516e-08
133 2.8364743542840066e-10
134 2.5107973875972937e-09
135 2.2408868598260198e-07
137 8.234452818255949e-10
138 2.127106578229675e-09
140 1.467067287192238e-09
142 4.50532606845856e-10
144 1.550480882758503e-09
145 1.0049794733733356e-05
146 3.471850279455568e-10
148 1.2774981211258444e-07
149 1.2242052900533926e-05
150 8.13625349090408e-09
151 5.847701412578056e-07
156 7.923048671470175e-08
157 1.7111373663665133e-06
158 2.6242990418885916e-06
160 3.056026765479838e-06
165 3.5389703349482026e-06
166 7.80617261996692e-07
170 5.657260247906878e-06
172 1.2637436359602554e-05
173 1.0167280799169272e-06
174 8.966138187192419e-07
175 2.8508734164535214e-07
177 2.716990728897438e-07
180 1.1254094540527696e-08
181 7.966327951891247e-08
182 5.7927083277628645e-09
185 1.0377809212554178e-07
189 1.372512330867554e-07
190 8.117074833046962e-07
193 1.8127210484948943e-08
194 7.817902956639238e-10
195 5.6649159015207094e-08
197 1.7472769762920888e-07
198 2.8786677480913333e-08
200 2.691119113052161e-08
202 1.4786326431221631e-05
203 2.0950983622143317e-07
204 2.7191302126919535e-08
205 1.230934135941583e-07
207 1.9874858057108236e-07
208 1.80624022385115e-07
209 4.2089613466391714e-08
210 2.3337929005264747e-08
212 3.117611602396085e-08
213 1.9572120170744412e-08
214 7.505035935105587e-08
215 4.062962641895799e-10
216 6.886862083307206e-08
217 1.945619299409894e-08
218 1.107197849869261e-09
220 4.1405335045970866e-07
232 1.0658844639707434e-08
233 2.506357132814139e-09
235 4.629002111228273e-09
238 7.300198314525407e-09
239 1.3517132072194034e-08
240 3.4824346055914316e-10
241 5.1603355335164915e-08
242 6.4933913958402804e-09
244 3.331546079611498e-07
246 3.081717902800753e-07
247 4.395995653683461e-05
254 3.615306455301848e-08
256 1.254080012148818e-06
259 2.681655198596033e-07
260 3.4998080279507465e-08
261 1.7403479022649397e-08
262 2.737032925820014e-08
263 2.909837786006731e-08
264 1.6103972512752436e-07
265 9.554654675898419e-08
266 4.715060297162449e-08
267 1.7049984706913877e-08
268 1.935437782345692e-08
269 3.959580130911631e-06
270 4.633602085433436e-08
271 1.5351520601745325e-08
272 4.953290753947255e-08
273 1.5110406337891835e-06
274 1.5993990751983583e-08
275 2.0557637465025553e-08
278 1.2218355049244457e-08
279 1.2146809627447453e-07
280 9.025520717799497e-08
281 1.355482146447887e-07
282 2.3132021126301584e-08
283 5.653826258848937e-06
286 3.905109277371105e-06
287 4.5681352194183816e-08
288 6.776211458871526e-10
290 1.839595688949562e-08
291 1.5994790257488475e-08
294 1.7757881627462024e-08
295 3.0827719415451235e-07
298 2.568783551714752e-07
301 2.7481966203456063e-08
303 2.448655535510159e-08
307 1.8917122709442726e-07
309 1.837497796865821e-06
310 5.649433996500814e-08
311 1.912234872361018e-05
316 3.023290959757971e-07
319 1.808518694986939e-07
328 1.2780329029225298e-05
337 1.8884674587140007e-08
338 1.5078097366778144e-07
339 2.0814672019201663e-10
344 1.0284861226555778e-08
345 1.6763764824195587e-08
346 1.0410222221914026e-08
347 2.5338341441769936e-08
348 3.3428048177969473e-10
349 3.0271449537155096e-08
351 3.715528963252961e-09
352 2.1080770229850062e-05
361 8.690423282810666e-08
362 1.67981036966311e-08
365 1.1292435571693942e-05
367 5.386333266507425e-08
368 1.249413077554963e-12
369 3.6322193476128406e-07
371 1.0251553611486769e-07
379 1.998493996180216e-05
382 7.900170252451618e-07
383 5.551843780101198e-07
384 7.410715123209026e-06
385 7.015381342030651e-08
386 3.5509871006013365e-08
387 7.509781105722948e-07
388 6.169431332585561e-07
389 6.171793019516145e-07
391 9.817475061206542e-06
392 2.2533480382420022e-07
393 6.318154921965464e-06
394 3.6867481004660693e-09
395 1.0455393596435043e-10
396 4.11971424989161e-06
397 8.191905484403808e-09
398 4.791759780040334e-07
399 5.171875798847615e-07
400 6.828178220838419e-10
401 1.7584121093929474e-06
402 3.228041958475141e-06
403 1.2582220699348143e-06
404 3.5389086098673026e-08
408 6.062173389864914e-06
410 2.0771546517257786e-06
411 4.934846686954384e-06
415 4.474094435276654e-09
418 3.014269538463276e-10
419 3.473350852962317e-07
420 1.246462779963273e-08
421 5.519493301843751e-09
422 1.2240178674844618e-09
424 3.0909986839846226e-09
425 1.136142744691139e-09
427 9.989402307315722e-10
428 8.285896622680812e-09
430 2.0816348196206487e-07
433 6.5384432782832e-07
436 2.2137793083539175e-07
437 1.1233779238913475e-07
438 2.2795842685217535e-06
439 2.638537158878193e-06
442 1.8490505580314694e-07
443 6.6279162386472995e-06
447 1.376476667407462e-07
448 1.4620448302965776e-07
449 2.1264741065037544e-06
451 3.20487615184444e-06
452 1.7534171445540857e-07
453 2.4214958555774336e-07
454 2.2376881982694964e-07
456 4.56323825096842e-07
457 3.1841757751967548e-09
458 3.001842456773277e-07
459 1.7286197092960106e-08
461 8.711700537021082e-07
462 3.384408905943105e-07
463 2.6916337114798916e-07
465 5.2163637315225134e-08
466 3.2090637631078874e-07
470 1.557390224162178e-07
474 1.0670226170090743e-07
476 1.3142752612346085e-07
477 8.203302456945538e-08
479 6.9197483119075694e-09
480 7.877549696097436e-05
484 0.00011229477404042004
487 6.931284887844163e-06
492 1.1320917238994692e-06
500 5.161900799584502e-06
502 9.540826997318479e-06
503 3.506260091671002e-05
506 6.408998601088299e-06
507 5.236456819993212e-07
510 4.784744960108068e-07
511 5.415632304949116e-07
516 3.021798617628543e-06
517 1.1056740567597517e-08
519 1.3147271487797485e-07
520 2.2811808390572395e-07
522 1.3197392701461046e-07
524 2.07343193844736e-05
525 4.793158243100757e-07
526 2.2849338893006445e-06
527 8.914745707362e-07
528 6.531586968715335e-06
529 2.9779058228540353e-07
530 1.1757214993694071e-06
531 3.790691023935522e-08
532 4.410738910514926e-07
534 1.2435321374121445e-07
536 6.198949723560378e-07
537 1.3846416092851393e-07
540 1.7371441626956203e-07
541 6.14922801197333e-08
542 2.915476384798269e-07
544 4.281561446432023e-05
551 1.1850926348435284e-06
563 6.43148803834926e-08
564 2.1197713815647914e-05
575 2.535382867543677e-06
593 1.157546456141919e-05
597 2.0092000681062904e-06
598 1.5326662814849323e-07
599 1.773388203993529e-07
600 1.0916561480496331e-07
601 1.3546960322779672e-07
602 1.8094800390365834e-07
603 7.579996038027813e-06
605 1.5819618441369584e-07
606 3.77241990500281e-07
607 0.0001567731058759813
610 2.0756346461887444e-07
611 1.2343207687975467e-06
612 1.9561937050218349e-07
614 1.4667574368933487e-07
615 1.493906402192751e-07
616 1.0897700009932067e-07
617 2.0945474369415402e-07
618 1.0772383256446927e-07
619 2.249984233897189e-07
620 9.942513557571467e-08
621 9.822109440207856e-08
622 1.8409791995470768e-07
623 1.6258358341738953e-07
625 4.3481514014576264e-07
626 1.9525485437917296e-07
627 2.9552745723682505e-07
628 9.80363114901785e-08
629 1.427602452337415e-07
630 3.048134764526272e-07
631 1.579867758980942e-07
632 3.20884986332542e-07
633 1.538112050159288e-07
635 1.4926682773419293e-07
636 2.116887387243834e-07
637 1.448611017987535e-07
638 1.507602245872796e-07
639 1.5458795282533664e-07
640 1.316292870946612e-07
642 1.4149329764252224e-07
643 9.746878409485302e-08
644 6.432287950765402e-07
645 1.538376959658913e-07
646 2.579634907497658e-07
647 2.097092488464222e-07
648 4.4045433884025956e-07
649 3.5341194608791424e-07
651 1.1347280181717631e-07
665 1.2484383001406887e-05
667 1.4069310666002689e-05
675 3.554846625831283e-05
681 4.227416988630029e-08
687 4.9289496832172355e-08
699 5.639362706309037e-08
709 1.7310200974385683e-11
710 2.2685501700815393e-06
711 2.998104359564691e-07
712 2.3303405762979392e-07
713 1.3861545701577908e-07
714 2.876255561959412e-06
715 7.029082208121121e-08
718 1.17082283509915e-10
719 1.4562124517581754e-08
720 1.1864444934146094e-08
9 2.3395963041559414e-05
37 1.9186576998582037e-05
69 2.5551507921791543e-05
84 5.829862018714064e-07
89 8.233906529096801e-07
105 6.887509231263982e-06
114 2.9187116086310182e-06
117 1.114688107039689e-06
125 5.687545938049676e-06
139 5.758582627703082e-07
152 4.996088917356087e-06
154 1.3995440883195732e-06
159 5.8580082102406425e-06
225 4.014072700463814e-05
243 3.190545030644307e-05
250 2.1993154343171123e-06
252 3.4684419602592034e-05
257 2.4125202202705e-06
300 2.7345794764585886e-05
359 1.405193506432174e-05
406 1.1794006619419964e-05
412 1.0449046514266757e-05
445 1.3777577070487158e-06
485 0.00013841319518197973
513 2.477398095171181e-06
514 4.929819209598264e-06
535 3.2721091304596605e-06
552 2.9718156783842675e-06
566 1.930847783198074e-05
594 1.1003754211090968e-05
609 1.1893713641811348e-05
641 1.2486575189688106e-05
18 1.7488127753515917e-06
25 3.6707239861587134e-07
568 4.159605572578486e-07
6 5.291667923571622e-06
28 5.115217746628765e-05
60 1.0394332374077298e-06
65 2.5986880726174092e-06
116 7.179382511590331e-07
124 1.5466166038811027e-06
188 3.4733203082150794e-05
199 1.6373270701550995e-06
201 5.693628208590687e-06
221 6.767362406392651e-05
226 1.1563543679454978e-06
234 2.590852876844475e-06
285 7.338038100929883e-06
302 1.453183847491038e-06
308 9.299652371490418e-05
312 2.3145630053213282e-05
313 4.9143775121303446e-05
315 7.901012234022031e-06
342 7.057704242802005e-06
356 3.0292116064037583e-06
363 2.8029170562520957e-05
370 3.394376180492362e-05
375 4.383800052827121e-06
409 4.2967011507517016e-05
431 6.309323473377628e-06
497 9.482617090170665e-05
505 8.739963092001303e-05
512 1.8852816417276074e-05
556 1.2157369100802257e-05
561 1.9053745420113945e-07
562 2.878418943451069e-05
659 2.982753449084685e-05
32 8.326813650317115e-06
17 8.755089188480886e-06
27 1.6517106989649936e-05
176 2.9718015560585755e-06
183 4.1449914357107535e-06
253 3.889137785828315e-07
289 2.5461144454321767e-05
292 6.0349294424491505e-06
297 2.8722629210029464e-05
306 3.470179139597299e-06
326 3.5635330347398613e-06
364 2.5844194933797835e-05
405 0.0001271153068818325
407 9.8231236533066e-06
413 6.891032859670802e-05
455 5.110463405315607e-05
486 0.00037861014130689943
515 9.349504675139637e-06
547 9.909480869024568e-06
549 0.00013100885909835672
553 2.5017737399608962e-05
559 6.031788725428364e-07
565 3.5727164435709597e-06
569 2.6423510082490756e-06
595 1.828663807524954e-06
679 1.5312769962017686e-06
706 3.4665488836551225e-06
73 6.38884633039676e-05
128 2.909239016336515e-06
276 1.2762697493457862e-06
350 9.52556766546438e-07
372 7.193797626959824e-05
423 1.9603664148121867e-06
444 2.725866981706484e-05
471 2.460721283086485e-05
472 9.441069787172872e-06
489 0.00046622308692406846
499 0.0005668087889917293
539 4.914510213597082e-07
554 1.0126983147737298e-05
589 1.5881260583143455e-05
682 7.603556321211838e-07
123 2.436410388689405e-06
163 3.387413040180108e-05
184 4.107866698096489e-06
332 1.8574874901285824e-05
360 4.339949218001774e-05
591 3.003504123705765e-06
654 7.282891989943194e-05
669 3.291909395794421e-06
657 1.5178968514844658e-05
