147 1.11554502460596e-06
51 5.920635587741431e-06
5 5.419112199961597e-05
10 0.00023201333929366482
11 8.16710694465241e-06
19 2.4202784126333663e-06
20 3.975833616599985e-06
30 1.634352187879528e-05
31 7.825980509025525e-07
33 1.2361304286582844e-05
36 5.193974261199222e-06
38 5.4419514166878455e-05
39 4.749755229246822e-06
40 4.285421734307584e-06
43 3.1053510026352907e-06
44 2.8047188562992112e-06
49 1.6375760364959057e-06
56 1.4140591149235487e-06
59 2.176227607581477e-06
80 5.365255261830232e-06
87 0.00017502144907145708
88 5.361734559476052e-05
94 2.4074078580069253e-06
96 3.720384641661925e-05
113 1.501450736621143e-06
115 3.243904097937377e-06
122 1.0262613735173135e-05
129 1.6215755954924223e-06
130 1.0130947815151266e-06
131 3.438982774415147e-07
136 4.3161768781070934e-07
141 1.7229245762706495e-06
143 8.024258767853722e-08
153 0.00012652393336914323
155 3.8233585451404476e-05
161 7.002321505594502e-05
162 1.8317359306692976e-06
164 2.570088302940084e-06
167 1.6132327140988975e-07
168 4.995829408708562e-06
169 4.04209436863072e-06
171 2.366629529578039e-06
178 5.405587289675799e-07
179 5.198208386924436e-07
186 1.957042346703468e-06
187 4.3113845749685184e-07
191 4.396414965318045e-06
192 1.3469345704210146e-05
196 1.9221761463400105e-06
206 1.5255047286118126e-06
211 5.26724164743964e-06
219 1.3771268792218642e-05
222 1.919787644729816e-06
223 5.728482017873328e-06
224 9.50927055055305e-06
227 1.599122166784826e-06
228 3.120421731873746e-06
229 2.0730125084672515e-07
230 1.939894872541147e-06
231 2.463010502425657e-06
236 3.994332191448675e-07
237 2.251567092870521e-06
245 3.0515318883075292e-05
248 1.7896009808021327e-06
249 4.566907554400576e-07
251 8.980232381417159e-06
255 4.1698358206521856e-07
258 5.8778046506877626e-05
277 9.108371805911886e-06
284 2.3179123279520047e-06
293 3.383743657643468e-06
296 2.3276683662514964e-06
299 7.062067018389095e-07
304 1.7016765934879965e-06
305 3.435281878978666e-06
314 1.1136530855639223e-05
317 9.607747163477775e-06
318 1.0946838820683032e-05
320 3.958471250181683e-07
321 7.759320947898303e-06
322 2.803858491185442e-06
323 9.372390187900226e-07
324 8.40492116063238e-06
325 9.88551263179273e-06
327 2.3580139574154766e-05
329 2.2946439357283614e-05
330 2.6637195311328023e-06
331 3.20696136879562e-06
333 1.0403749213766824e-07
334 6.808921120099396e-06
335 4.167385156019746e-06
336 1.8628688378878501e-06
340 3.560426167005192e-05
341 4.390434269487032e-06
343 1.1284806222092066e-05
353 3.1207136632088395e-06
354 2.765034216058804e-06
355 8.800881338424823e-06
357 5.1416159473911755e-06
358 6.018440083005792e-06
366 2.8032077206092472e-06
373 8.914031964089817e-07
374 4.089285796093112e-06
376 6.340773641279477e-05
377 1.3085857551905339e-06
378 3.0022338021627674e-06
380 3.031962723478571e-06
381 1.2727819903786407e-06
390 7.640512846149262e-06
414 8.00986914316679e-06
416 4.690055798702702e-06
417 1.5274648741833452e-06
426 7.876150675635401e-06
429 3.863788934336034e-06
432 1.5267435946161568e-06
434 2.2511480899697795e-05
435 1.0139710434081372e-06
440 8.584362275075547e-06
441 9.206277063250472e-06
446 0.00011335841325706658
450 5.2460191973600656e-06
460 3.1484826580767365e-06
464 3.877142089564914e-06
467 5.8585729702421855e-05
468 1.2951753047794158e-05
469 1.5386587416881946e-05
473 6.742539190476739e-06
475 1.565948521053245e-05
478 1.4469107568975733e-05
481 0.00021831858707797947
482 1.2444892719773228e-05
483 2.8226440667408678e-05
488 9.094534854182561e-05
490 1.16685527962842e-05
491 0.00010133432970042732
493 1.2159503952505784e-05
494 9.080929117626277e-06
495 3.150663102774898e-05
496 5.9831270884027535e-06
498 1.3530147851374528e-05
501 0.00011850313130097523
504 4.405585277670625e-06
508 1.0767087630190282e-05
509 1.1110476741288545e-05
518 1.449919637510787e-05
521 1.5332429824877088e-05
523 2.3061819573870706e-05
533 7.048764333676807e-07
538 1.7834825760935662e-05
543 1.9716148061539255e-05
545 1.1955798305308884e-06
546 1.9221800839216416e-06
548 2.6608434489707186e-05
550 4.204893633259425e-06
555 1.9402728587121394e-06
557 1.6329664709564505e-06
558 4.906641911263197e-06
560 2.96001799366874e-06
567 8.243210601446847e-06
570 9.032540990834259e-07
571 7.66286997647441e-07
572 1.5315226837119711e-07
573 6.0752765608034574e-05
574 0.00011876112936985556
576 6.105326644436156e-06
577 3.874983328488862e-06
578 6.576767738458848e-05
579 1.2612900280318062e-06
580 3.6892267594305222e-06
581 2.478367180917149e-06
582 2.4566172267714e-05
583 1.5012999357618385e-05
584 4.0819659945327136e-06
585 3.203764898986014e-06
586 4.043589911509366e-05
587 1.9203015458812425e-05
588 3.2185652789352294e-06
590 1.4018166983193061e-05
592 1.0002925863170797e-05
596 3.1629617710366697e-06
604 4.2009097533179965e-06
608 9.931416536076929e-07
613 2.5102985379199756e-05
624 2.335047077716315e-06
634 6.736950138128271e-07
650 3.5705412637955277e-06
652 3.9886617068288103e-07
653 4.956761336089095e-06
655 5.5545497270472024e-05
656 1.055880883041135e-06
658 1.7757964350944362e-06
660 5.272667698611814e-05
661 1.0017561949769011e-05
662 1.1910349802852279e-05
663 5.814887693612564e-06
664 1.280594988125974e-06
666 4.48627492827213e-06
668 9.916124773831395e-06
670 2.4834965296577364e-05
671 1.1314324348353169e-05
672 0.00012438863997191597
673 4.143981029478894e-06
674 6.9266354399005885e-06
676 8.527048365819647e-06
677 5.161468151669082e-06
678 5.795317453059834e-07
680 3.2730926906613053e-06
683 2.5409903004916923e-06
684 1.0211168908953891e-06
685 3.351006759834942e-06
686 4.545340126876736e-06
688 8.573851145622849e-08
689 1.6307032358097515e-06
690 3.0320800770690533e-06
691 6.255577347621752e-06
692 1.0189411632115463e-06
693 2.475884917125637e-06
694 1.6639936327463587e-07
695 1.3377581973305739e-06
696 9.706015644803614e-06
697 1.2254357560358283e-06
698 2.3240886379761518e-06
700 2.4176411854835713e-06
701 1.3159277173028863e-05
702 1.5933330810578567e-06
703 1.7817707193158698e-06
704 3.051700720632172e-06
705 2.130488246484811e-06
707 1.981498425537902e-06
708 7.121518791439463e-07
716 5.905282791727828e-07
717 2.806800097021166e-06
