9 2.8674540385195752e-05
20 3.6620812824975655e-06
31 1.0074366919218009e-06
43 1.7556356259330664e-06
46 4.8895146979848463e-05
49 2.3288490528135875e-06
51 7.398852556284022e-06
56 7.196653104536929e-07
88 4.6864693871398534e-05
94 2.3913306389932264e-06
96 3.4378548182475475e-05
122 9.630585102836498e-06
129 3.866664184161876e-06
130 1.6196961565462164e-06
141 4.12405767296092e-06
147 5.171490590401744e-07
170 6.111348800591737e-06
171 3.5356987283176402e-06
178 6.052141912439389e-07
184 4.566943907650671e-06
186 4.615439833704916e-06
222 1.960276371756415e-06
227 1.2951105043243148e-06
229 3.9438988620884903e-07
236 7.108680893205161e-07
237 2.2245138246757957e-06
248 1.4276168328152452e-06
293 3.8130274282098322e-06
299 5.202451864993683e-07
314 9.003048829847345e-06
318 1.651269367559637e-05
320 4.7385635739889535e-07
323 1.5443709087407817e-06
327 1.8987094034763947e-05
331 5.34973039952463e-06
333 1.8157880099351687e-07
334 9.297436226285984e-06
335 6.232366126894255e-06
336 1.6973103834483452e-06
340 3.407836930660343e-05
343 1.3387194222113928e-05
353 3.41029402354288e-06
355 7.953877875879454e-06
373 8.675125615032278e-07
378 2.8749371400448223e-06
416 4.453605179248002e-06
440 8.616061884887816e-06
444 3.234891693044056e-05
464 4.408455304878418e-06
467 6.495911002977004e-05
468 1.9547111778728242e-05
469 2.628109256396711e-05
473 9.127001883934785e-06
490 1.2404111477427428e-05
494 1.1097037054770962e-05
495 4.178712972059348e-05
505 6.957180801290103e-05
509 1.0485445294092126e-05
521 5.907733544813538e-06
543 2.4393953748374753e-05
546 2.8148780644963338e-06
555 5.135309060586105e-06
560 3.898623580616032e-06
571 1.068247607469656e-06
576 6.320696046619234e-06
578 7.798455792958628e-05
579 1.8162316544580683e-06
580 5.84378388468167e-06
583 1.0720173319904021e-05
585 2.398321173181663e-06
586 4.1562937084856455e-05
589 1.2664644281878529e-05
592 1.059751060096126e-05
594 1.1140038379164069e-05
604 4.151612780739097e-06
634 5.594443184632031e-07
650 7.964756115079814e-06
654 7.165978101250883e-05
656 2.21048552094761e-06
660 6.199783539770405e-05
662 2.9189758145395253e-05
671 1.0363607247002228e-05
673 4.17148240298344e-06
677 5.956629001186981e-06
678 4.137929138226705e-06
685 2.9870777487008113e-06
688 4.439731634890885e-07
690 6.73484605747061e-06
693 4.893985121859976e-06
697 1.5114017782856256e-06
700 2.2322669470574672e-06
702 2.7361216580187444e-06
703 2.5610264724320732e-06
704 5.160493622319509e-06
716 5.887701758441225e-07
