224 1.4628001899750025e-05
297 3.192458618424134e-05
446 9.483145711610083e-05
30 2.6304179624483603e-05
283 6.577129571904546e-06
539 7.174121119354596e-07
5 6.811280689379696e-05
40 6.736312534337406e-06
80 6.536169801273615e-06
120 1.0114747063289856e-05
128 3.296625542634053e-06
276 1.929636890221568e-06
472 7.873880432183956e-06
515 1.960608368390539e-05
565 7.459377222032081e-06
36 7.9422380737223e-06
124 3.7612564437241386e-06
143 1.4601073296358124e-07
251 2.2748203880603148e-05
302 1.8350456053616265e-06
304 3.154170788963537e-06
312 3.8012623654296094e-05
342 9.464570104550017e-06
412 1.2798978158550036e-05
435 1.056561740511336e-06
488 9.380745869786853e-05
502 1.2976301536625727e-05
533 9.010688908056784e-07
591 3.1469520949197704e-06
593 1.1014064101007048e-05
669 3.0392536515463498e-06
675 3.766195330245129e-05
701 1.65899525939936e-05
25 5.386733265049439e-07
32 9.62858761189891e-06
44 5.216546252199532e-06
47 8.065179185924362e-06
116 9.97164984398029e-07
117 2.156924574829981e-06
123 4.845502141282788e-06
176 3.544369879081173e-06
183 3.725312786722989e-06
192 1.5677338688127415e-05
247 5.039466419250883e-05
258 6.661868019263459e-05
300 2.743335663557795e-05
315 9.153885963730346e-06
332 2.455484640460804e-05
356 2.8653466319747013e-06
370 3.173217667934912e-05
375 4.719752481129703e-06
431 9.204327174889833e-06
485 0.0001517906610069056
486 0.00037042366595112767
500 6.416726487528523e-06
503 4.4953529370693224e-05
512 2.333207444380999e-05
549 0.0001540904550297417
574 9.829713274490265e-05
665 1.3773859062170553e-05
666 7.652691795270094e-06
679 1.8608429624768025e-06
682 1.000053126753699e-06
695 2.3473883258985902e-06
35 1.794340866716113e-06
48 7.559757259554311e-06
57 1.751237925808288e-06
91 7.16666371701788e-07
92 4.795654428217517e-07
97 5.398054503054858e-07
105 6.149298913358663e-06
131 1.315758243449462e-06
135 2.762317976216949e-07
149 2.1043370830638625e-05
152 5.755640730670223e-06
166 7.762579129736537e-07
191 5.9649803285833815e-06
203 6.220496056181811e-07
226 1.3537145924751256e-06
230 4.2167488461713575e-06
244 6.230914904854181e-07
246 5.675420578795786e-07
252 4.316903879402336e-05
269 3.586408481743097e-06
278 1.2725496369941785e-07
286 4.258183850609237e-06
298 4.5275471677929465e-07
328 1.5359002528826676e-05
352 1.944287732922822e-05
357 4.12418654008472e-06
359 1.3878517384933751e-05
362 2.1946094037443906e-08
379 2.495645530606017e-05
405 9.441546650134203e-05
409 3.8539897532195875e-05
413 6.756398836105422e-05
420 3.9862625918343097e-08
481 0.00018222621254485914
497 8.93338270210809e-05
513 2.050381151277377e-06
525 1.26579147698515e-06
528 7.670423746803513e-06
542 9.078829501972197e-07
548 2.62088535085921e-05
554 1.4984564032139583e-05
562 2.9630971284385344e-05
566 2.4680186286155637e-05
569 2.064081757810584e-06
575 2.2807532358019154e-06
607 0.00017053606141480724
641 1.55006540509691e-05
659 4.363259697316262e-05
715 4.056916900835731e-07
3 0.0001823410225367654
13 1.364107779765164e-07
18 1.872191874660443e-06
53 1.3203434072510421e-07
54 7.637484444309704e-08
55 6.940678077789013e-07
61 2.2890668344022855e-07
66 1.0178577417025591e-08
83 8.260930570369287e-09
87 0.0001822430680884252
90 2.667381068975093e-07
95 3.157093031106103e-07
98 3.192322540555455e-07
100 2.1489777268476206e-08
102 3.645195588986447e-07
103 1.9711376916507323e-07
104 1.2493837656130972e-07
106 2.4849815784843315e-06
107 7.0287365838778686e-09
108 3.667437595808818e-08
110 1.3308510261097372e-06
133 9.586309640237996e-09
134 9.855545179490998e-09
144 2.1651630853455795e-08
148 2.281296610372248e-07
154 1.5705490118756634e-06
165 6.459724130345968e-06
202 1.748116005922929e-05
205 1.820376965765117e-07
207 4.5900630519463787e-07
208 3.392311004270558e-07
210 7.294565633063179e-08
212 1.8344216639056237e-07
213 1.0951843686767401e-07
217 1.1045597928233377e-07
218 6.435093472988132e-09
220 7.043318815618601e-07
232 3.531364378064689e-08
233 2.9903868808139145e-08
235 2.4399249432894312e-08
238 3.5515128549847955e-08
239 3.846447556870324e-08
241 6.893479366706323e-08
242 3.2485627226943116e-08
243 5.2783044522106595e-05
262 7.188599606740499e-08
264 2.1774132850979452e-07
265 2.6421492379968357e-07
266 2.1681504660587627e-07
267 7.079818228616875e-08
270 1.4060213955862697e-07
271 1.2979087460421972e-07
272 2.096751122913469e-07
274 1.1908770920724162e-07
275 8.004129553276541e-08
281 3.603893297355949e-07
282 8.07742038642785e-08
337 9.579985680189433e-08
339 8.786684613715406e-10
346 3.7144392798790766e-08
348 1.0413977836759019e-08
349 1.1590467763698121e-07
350 8.445201087346392e-07
351 1.4691195778307792e-08
361 2.240039450698669e-07
363 2.5932792523253192e-05
365 1.1971866992556074e-05
368 9.924017611274408e-10
389 1.325684969230027e-06
395 1.0232493170888758e-08
406 1.0863215986852538e-05
454 3.5108219651221974e-07
459 5.548522140049747e-08
506 5.7585564314239945e-06
507 8.021167156888972e-07
511 1.0202988497966745e-06
516 3.3390758034686946e-06
519 2.711296444169516e-07
520 7.023416465172825e-07
522 3.8279834371091114e-07
526 3.232664355793555e-06
527 1.235397956624984e-06
529 5.759908126796811e-07
530 1.805919977477785e-06
531 2.6162422075301863e-07
534 2.524312558447293e-07
536 1.0301497992300599e-06
537 2.998494394571819e-07
540 2.9378481379884177e-07
597 1.9600601469836125e-06
598 2.739927782913247e-07
606 6.880667872272989e-07
611 1.6628489987291468e-06
614 3.11715275352743e-07
626 4.696222079421028e-07
627 6.647709432122607e-07
648 5.648715631183341e-07
687 1.86732141682714e-07
719 4.1603504163541165e-08
0 0.0002754250308373612
1 0.00013160361637167442
2 1.0077029565819024e-07
4 2.9858860107656176e-07
6 4.7298484259607325e-06
7 2.8737604579610215e-07
8 3.130914248389494e-07
10 0.0001836715368319357
11 1.4947236996923704e-05
12 1.2062516223858604e-05
14 1.2074392365294898e-07
15 4.071224458980374e-07
16 2.8471432669133933e-07
17 8.964328068885656e-06
19 5.000072900693901e-06
21 1.1085977099014468e-05
22 2.729896878426098e-07
23 1.1633396783000417e-07
24 2.74272522797281e-07
26 1.6532632097530876e-07
27 1.5207147559850495e-05
28 4.033276253377159e-05
29 0.00021870708741839864
33 3.1487633600818925e-05
34 4.4377138326481765e-05
37 3.296302214147955e-05
38 5.379025843212202e-05
39 6.4529509579044454e-06
41 3.193548148418745e-05
42 0.00010392674950419084
45 3.446634697470441e-08
50 8.61331921327647e-09
52 5.305545911436088e-07
58 4.885066429643649e-07
59 3.983176984255206e-06
60 7.994443892441426e-07
62 2.4923951167724133e-07
63 6.659880044276477e-08
64 2.1484985382207956e-07
65 2.7814910006768225e-06
67 1.998405993658779e-07
68 4.091197793597417e-08
69 1.914209079412316e-05
70 3.132743417184434e-07
71 1.2127300589968205e-07
72 2.4534943248602953e-07
73 5.650635286187577e-05
74 4.2750909805636073e-07
75 2.117848687130414e-07
76 2.1750868125588088e-08
77 2.175086812558783e-08
78 2.135681216082631e-07
79 1.4849297131867696e-07
81 2.603890952164433e-07
82 1.1908573095794417e-07
84 3.1050268417246515e-07
85 9.684180121753852e-08
86 9.319312463036815e-08
89 5.75270143658898e-07
93 1.1720448313970993e-07
99 7.306296814643938e-08
101 3.395320805601471e-08
109 7.897834516714362e-07
111 4.256294338126165e-08
112 1.715402443955422e-08
113 5.334241109896161e-06
114 3.254428390795818e-06
115 1.0246954287791082e-05
118 1.5401608674010525e-08
119 2.2037439849553794e-07
121 2.1029847763467573e-08
125 5.4822949047731795e-06
126 3.6911697561926864e-08
127 2.251687141564934e-07
132 7.056498872975947e-08
136 3.6391485484771124e-06
137 5.128262145822437e-09
138 8.148669985158824e-09
139 4.5952675796218313e-07
140 3.283514570922878e-09
142 1.5827453162793147e-09
145 1.2463598446047035e-05
146 5.892026660848878e-10
150 1.4332792296317334e-08
151 6.882266975350824e-07
153 0.00012843428686240218
155 2.9617763897638743e-05
156 9.607587000600553e-08
157 1.8870812843578729e-06
158 4.567840379910003e-06
159 3.8901588441596494e-06
160 4.7397375798790124e-06
161 5.337511184004612e-05
162 2.5317980090328733e-06
163 2.769696534316564e-05
164 2.0347247446652382e-06
167 7.532442990307708e-07
168 4.45638822784867e-06
169 3.922356280063882e-06
172 1.344128020051787e-05
173 1.5520703341406148e-06
174 7.169489685875128e-07
175 2.632337310026162e-07
177 2.789254103764129e-07
179 1.8733240757077722e-06
180 1.6703058121816532e-08
181 8.183218694975034e-08
182 4.753064308183725e-08
185 1.5315214826441227e-07
187 2.5723749025282232e-06
188 3.123474072721263e-05
189 1.1076018683403022e-07
190 9.373648028585314e-07
193 4.360205781792449e-08
194 2.7205155510258105e-09
195 4.9238675961249676e-08
196 7.602175055114037e-06
197 1.7234513694212956e-07
198 4.3964505010001085e-08
199 1.6437226072286773e-06
200 2.7297029259551927e-08
201 5.140921592861265e-06
204 4.545208712753133e-08
206 3.0297255292970516e-06
209 6.583432813034265e-08
211 7.4275620919878315e-06
214 7.114486510028323e-08
215 1.5774017881447868e-09
216 1.1498577419613883e-07
219 1.4457131778780715e-05
221 7.776303892350722e-05
223 1.0441086025007847e-05
225 4.470552739335584e-05
228 8.322983765695041e-06
231 4.644682536833909e-06
234 2.9467536971321155e-06
240 6.364401600060642e-10
245 3.68728086873942e-05
249 1.155158471428018e-06
250 2.565706174017454e-06
253 4.707021811682623e-07
254 6.020521744036198e-08
255 6.101724186819766e-06
256 1.4914736378648365e-06
257 2.7209943965912983e-06
259 2.789238715902795e-07
260 5.6941714506799846e-08
261 2.3087252696888705e-08
263 4.199352950888243e-08
268 3.301477770831822e-08
273 1.1629288884662972e-06
277 1.794379407904943e-05
279 1.1902283609709574e-07
280 9.610338363568369e-08
284 3.5724570265757735e-06
285 7.935132053742039e-06
287 6.53351426405281e-08
288 2.8103002106419083e-09
289 2.5056035771527967e-05
290 2.8761186856616534e-08
291 6.938749659553237e-08
292 7.611629807120877e-06
294 5.0758535479816105e-08
295 3.030603136750841e-07
296 7.042464949993386e-06
301 4.170942507962141e-08
303 3.956332847646926e-08
305 6.918371112530733e-06
306 3.3031649248152944e-06
307 1.9534667527783514e-07
308 9.623526447548951e-05
309 1.4015232323833225e-06
310 1.3892825518894336e-07
311 1.7367890528387866e-05
313 3.9476998085321374e-05
316 3.76300051361411e-07
317 2.4159927345177157e-05
319 2.3062789984235849e-07
321 9.778608082827505e-06
322 7.0318627302193075e-06
324 2.783861858263386e-05
325 2.2859695942340715e-05
326 2.3673127630717365e-06
329 2.6406488700359464e-05
330 5.073370646041594e-06
338 1.7970251880749898e-07
341 6.5466170697989445e-06
344 2.505812912532483e-08
345 3.2838654459291356e-08
347 4.533532445140971e-08
354 5.261126492818771e-06
358 2.2416224955567798e-05
360 5.31107319427536e-05
364 2.1381449148369675e-05
366 9.492715661851839e-06
367 9.503751915136085e-08
369 3.038996824964954e-07
371 2.1309610352080797e-07
372 6.89289667746734e-05
374 4.262315928602038e-06
376 5.649151412407583e-05
377 3.1962859829828576e-06
380 8.676808797934603e-06
381 2.2424360084544163e-06
382 8.100655314028012e-07
383 5.27367600564418e-07
384 7.002018147866302e-06
385 1.0301463997610716e-07
386 5.917409338870968e-08
387 7.264531976283715e-07
388 3.522631938126665e-07
390 1.1093262798009623e-05
391 4.696152561922474e-06
392 2.3230922999704998e-07
393 3.230340726032271e-06
394 5.661988556039614e-09
396 2.1436510040305428e-06
397 2.381152783910048e-08
398 5.7634928639922e-07
399 3.8291731556415427e-07
400 3.334501423582723e-09
401 1.7201684787069609e-06
402 1.6567101069081176e-06
403 1.188510412148559e-06
404 5.30874794403523e-08
407 1.227139380180008e-05
408 5.846068488927777e-06
410 1.105096350146218e-06
411 9.203328806077387e-06
414 2.5616247098135142e-05
415 1.2432518804210591e-08
417 1.2852834480627926e-06
418 2.1172903659908086e-09
419 3.6636943501043225e-07
421 1.3426733573180849e-08
422 4.7336359263009654e-09
423 2.466101982412883e-06
424 7.359335449213023e-09
425 1.0154991978226682e-08
426 8.504734768552205e-06
427 8.2385883185609e-09
428 1.5419151652537426e-08
429 3.5897402996644595e-06
430 1.9475774851694653e-07
432 6.043334092254373e-06
433 4.391538817316453e-07
434 2.3491552542823954e-05
436 2.946875541680828e-07
437 1.1887172216575092e-07
438 1.7770756539954411e-06
439 2.994962141381555e-06
441 1.3993724017343406e-05
442 2.270146324425732e-07
443 6.458479779718844e-06
445 1.3656101633870392e-06
447 2.5959254026096965e-07
448 2.0467035336469213e-07
449 1.6840060597394839e-06
450 1.0569725571480232e-05
451 2.7756999816407734e-06
452 2.3402969075266297e-07
453 1.4692214001051285e-07
455 5.252248492306595e-05
456 2.849068726183736e-07
457 3.2600615367740575e-09
458 1.4631446445862126e-07
460 5.749481143132356e-06
461 6.592119103383626e-07
462 4.890871751880362e-07
463 3.097803064168604e-07
465 1.0961151149194362e-07
466 1.497366632828812e-07
470 1.0997463051959934e-07
471 3.0240636881957395e-05
474 9.650317019612668e-08
475 1.6364148215799007e-05
476 9.368588887139695e-08
477 1.1866395092126621e-07
478 1.8085814469210676e-05
479 5.88713294857501e-09
480 9.536110075390682e-05
482 1.4786488775350374e-05
483 2.1384115215396825e-05
484 0.00012642904911535467
487 9.885718572014026e-06
489 0.00038147409100861083
491 0.00010592354649012467
492 6.570164331557646e-07
493 1.052831536038638e-05
496 9.888714919491136e-06
498 2.614555209676751e-05
499 0.0005239112906770188
501 0.00011941247036314603
504 4.472041666503218e-06
508 2.5310055363274705e-05
510 6.318832131906111e-07
514 5.761179163424054e-06
517 1.7658055679204614e-08
518 1.9554166259342583e-05
523 2.677867769779113e-05
524 3.2757228859599584e-05
532 3.5355480878226887e-07
535 2.247488022584018e-06
538 2.9894314486052694e-05
541 1.2897467583410674e-07
544 4.4963298525889145e-05
545 4.0323631465760125e-06
547 9.779445777961982e-06
550 2.2012823347262387e-05
551 9.077937043381975e-07
552 3.386394208215089e-06
553 1.5070273344465265e-05
556 8.109704555312495e-06
557 2.661091545811956e-06
558 5.5781214022149375e-06
559 6.785868594595663e-07
561 1.925108788505557e-07
563 9.301844443238151e-08
564 3.529511183834988e-05
567 2.3271372907256467e-05
568 4.113798621481656e-07
570 2.259875469631364e-06
572 1.1740708704009019e-06
573 5.210582981824321e-05
577 6.087180014077011e-06
581 4.49083332816537e-06
582 3.788086759263254e-05
584 5.027867517617097e-06
587 2.6467800821506967e-05
588 4.08217766513955e-06
590 1.2061881265185913e-05
595 1.4637557638334641e-06
596 5.458545033689013e-06
599 2.6989817912381717e-07
600 3.745775768983776e-07
601 2.4907993012302853e-07
602 3.4744801042935485e-07
603 1.069275662707242e-05
605 2.1519975657443065e-07
608 1.5834712908834892e-06
609 1.1845385439953012e-05
610 3.084523287356448e-07
612 2.451747879554841e-07
613 3.329571089999933e-05
615 3.1428785509243506e-07
616 2.6183134893979457e-07
617 4.1902809838599884e-07
618 2.6013487997697003e-07
619 3.5933818910006803e-07
620 2.9245993614181337e-07
621 2.0865371190892707e-07
622 2.1495170604421692e-07
623 3.507013860710712e-07
624 5.766058044734213e-06
625 3.3659121864406034e-07
628 1.4304384059495154e-07
629 2.2355884866594326e-07
630 3.6800956656398115e-07
631 2.3859828123758707e-07
632 4.845517191565669e-07
633 2.4796428961119134e-07
635 2.3356085198365642e-07
636 2.897917581792074e-07
637 2.855787202456709e-07
638 2.2803579724666308e-07
639 2.3517243196413926e-07
640 2.870747607506605e-07
642 1.742135168613162e-07
643 1.3669544563923196e-07
644 4.7645239425076687e-07
645 3.09702546578175e-07
646 2.638701933316796e-07
647 2.667235368119313e-07
649 6.124088264293318e-07
651 2.527296886875827e-07
652 6.545208986177601e-07
653 9.809971463056964e-06
655 7.321403751447507e-05
657 2.7873627188823194e-05
658 6.7537084169350145e-06
661 2.2969283130843237e-05
663 1.8046539169958402e-05
664 4.373971950147509e-06
667 1.3698652118215388e-05
668 2.4814852117705783e-05
670 3.779977129136726e-05
672 0.00010938550397622854
674 1.1471568747422098e-05
676 1.8107249862683103e-05
680 4.703046424146059e-06
681 1.218317406807337e-07
683 3.247139166469441e-06
684 2.9984774067742476e-06
686 4.320601686082874e-06
689 1.1122439303515797e-05
691 1.2269840270843557e-05
692 2.6195367917238466e-06
694 1.2327798781664957e-06
696 1.9393835537030225e-05
698 4.327559896292953e-06
699 4.249325807940671e-08
705 6.058819690518533e-06
706 4.246377403903848e-06
707 2.8104800717254133e-06
708 1.5209566554320062e-06
709 8.691442071609622e-11
710 2.4083916219817367e-06
711 1.7316911070455037e-07
712 1.48565445710978e-07
713 2.17447689009356e-07
714 3.1109050937865204e-06
717 2.507694591667459e-06
718 6.23849711193523e-10
720 2.43812543026465e-08
