141 3.792116945624958e-06
505 7.478765335923138e-05
323 1.3952318893557527e-06
592 9.182831417143802e-06
353 2.9959057877786184e-06
555 3.1313891894845696e-06
444 2.9830360215483937e-05
171 2.8650111646418603e-06
656 2.135118729415759e-06
334 7.968529173746953e-06
440 8.315574141456358e-06
229 3.9771946181535137e-07
314 1.0675226411349638e-05
355 8.878267627268496e-06
373 6.839567639451185e-07
521 5.909347336753169e-06
571 7.583746296841191e-07
543 1.914306899342622e-05
51 7.71276473442592e-06
56 8.919139434867328e-07
248 2.4198308270057977e-06
299 6.342118264426313e-07
320 5.122459843133731e-07
560 3.0070550255412212e-06
585 2.6611715306817043e-06
604 3.514804890459477e-06
634 4.880426694977838e-07
716 5.692605082937527e-07
576 5.375361974538701e-06
697 9.645610756934428e-07
703 1.2983034284903663e-06
178 8.365027233267799e-07
333 2.8455337850428876e-07
673 3.78509828896256e-06
227 1.3143349386285238e-06
583 1.0207550689052358e-05
677 4.599251408847237e-06
700 2.3668814987444413e-06
94 2.7556916339937528e-06
378 2.6475358465486515e-06
685 3.0748547457099708e-06
293 2.743995045943654e-06
336 1.3768825860864785e-06
671 9.767061252618156e-06
130 1.711797583828832e-06
186 3.546368527395763e-06
327 2.6109234560061092e-05
416 3.935502438798295e-06
464 3.6260680412752462e-06
578 7.584408821314565e-05
586 4.546394143431844e-05
650 6.384363951695302e-06
31 9.381077521641908e-07
43 1.6654761097808952e-06
49 2.2791517877032485e-06
236 7.973893928681402e-07
340 3.291009707279807e-05
467 6.947577915499597e-05
546 2.5679477328562838e-06
579 1.758571354291857e-06
20 3.7839407894589376e-06
222 2.3132348135695967e-06
237 2.4368241551223367e-06
490 1.2772220109407022e-05
509 1.1534697940022889e-05
589 1.3340337497188533e-05
690 5.903847140376668e-06
495 3.718933068316631e-05
704 4.028522515436575e-06
88 5.096333326305313e-05
654 7.305379296152685e-05
129 3.2786771643232153e-06
662 1.8786667547245955e-05
693 4.971505006922023e-06
