688 4.313553227708769e-07
331 4.7360976934604025e-06
335 5.8376603889709334e-06
473 9.346952081265431e-06
678 2.134553605627593e-06
318 9.414039515653645e-06
660 5.6517986961525474e-05
224 9.673915612196598e-06
580 5.825155367456079e-06
655 5.8418713232640986e-05
695 1.667399313218727e-06
230 2.409618591523879e-06
587 2.2385536450175524e-05
468 1.3410201948650025e-05
390 9.024215016339975e-06
485 0.0001586853164640364
504 4.5039495446947e-06
131 5.345831160280653e-07
206 2.286475798287244e-06
680 4.93067621302967e-06
39 5.087662002151722e-06
582 2.9635868001593206e-05
374 4.612483990882366e-06
321 9.678309327341039e-06
322 3.371793811633085e-06
73 5.87395412481689e-05
455 7.539444609197989e-05
652 3.899471997112101e-07
372 7.097614063023647e-05
380 5.067925253923039e-06
658 2.127648797567228e-06
676 8.371219737649327e-06
686 3.924179266821434e-06
115 4.107605901512463e-06
162 2.028558026810793e-06
219 1.031331890370006e-05
223 4.969220034898164e-06
228 3.4169307415084907e-06
306 3.451491109908361e-06
317 1.0853767256276487e-05
377 2.1216697337362344e-06
381 1.3657172435116378e-06
475 1.3595183483443682e-05
489 0.0004134423041299347
496 8.487525979372663e-06
501 0.00011138869062948592
523 1.9089567144150118e-05
550 4.518602123109693e-06
552 3.608042237663581e-06
570 8.61560752599053e-07
624 3.176672707339605e-06
672 9.512163033124485e-05
684 1.0455166807122314e-06
691 5.420560413510908e-06
694 2.961272499743858e-07
707 2.343277310107998e-06
59 2.3439552031840435e-06
179 6.279282426621875e-07
292 6.875593500860703e-06
330 2.946584647498412e-06
376 5.708787943186133e-05
426 6.992819520457955e-06
538 1.3653384173907323e-05
664 1.6470624385112653e-06
683 2.255538143045116e-06
407 1.8211612603078846e-05
413 7.174382331896222e-05
191 4.676993967689016e-06
469 2.6772813713368012e-05
