487 1.0672709913724056e-05
239 1.695657310548061e-08
425 9.249878778694191e-09
44 4.977751161763229e-06
40 6.245939803007656e-06
494 1.094174306834904e-05
429 3.904989251209124e-06
343 1.4263203722887239e-05
96 3.5462745315237546e-05
533 8.384839715419349e-07
702 2.9387259104466634e-06
300 2.9071751636832273e-05
184 6.1701211571157115e-06
297 3.344731040405168e-05
342 9.49238532071011e-06
412 1.3015056154305874e-05
370 3.3385039282831816e-05
276 1.4787401950823904e-06
669 3.1819129751429518e-06
472 7.5248944527826884e-06
176 3.475977382406319e-06
329 2.4486934175893294e-05
30 2.6673279768163518e-05
701 1.5198633792922295e-05
5 6.0203354358685617e-05
518 2.055803552438357e-05
234 3.861470043301576e-06
493 1.1381963129997046e-05
128 2.7080052347316707e-06
488 9.744214964297616e-05
80 6.795138130271318e-06
679 1.6707046943812856e-06
169 3.7246161065469585e-06
164 1.9746520113071964e-06
168 4.154327655078682e-06
87 0.00017924425800288813
595 1.5801426819554257e-06
114 4.123065229960049e-06
253 5.224142806184326e-07
285 1.0867249399721926e-05
6 1.3335739751483941e-05
65 5.341646443298296e-06
38 5.351743568708736e-05
364 2.4146894195805717e-05
139 5.149526937532845e-07
483 2.1994756712754445e-05
117 2.1187984608005138e-06
122 7.085934104765911e-06
326 2.566623520963203e-06
574 0.00010195141475284885
183 3.2364036304793024e-06
350 8.115457183875451e-07
362 1.589241639146356e-08
339 5.557683955849815e-10
569 1.6368614291802966e-06
375 4.6248239684568064e-06
682 1.0232286975161014e-06
155 2.8326578254177593e-05
481 0.0001777474372333856
591 3.32142945011039e-06
548 2.7322914937863262e-05
357 4.221354349502671e-06
258 6.839359171255568e-05
423 2.717001414967513e-06
559 9.008759719516227e-07
568 4.6823432015776905e-07
491 0.0001130222000681263
146 1.0073331293121798e-09
27 1.7757859733684644e-05
561 2.8093481905933114e-07
60 1.0394443316370233e-06
86 2.854187459195515e-07
89 3.3077524830135864e-06
189 2.3780058862865127e-07
445 1.5713687182658495e-06
10 0.00018151931843175858
28 4.271982311929247e-05
177 3.749605861128092e-07
185 2.3239629084354188e-07
405 9.824419544258439e-05
125 6.933176556009755e-06
267 1.9210472955749636e-08
361 1.1465117407653196e-07
118 1.1877345196868032e-09
137 5.42966309328416e-10
142 9.772544503489775e-10
194 1.460889576171173e-10
601 4.8830277335395494e-08
609 1.7914085709368522e-05
625 2.2304350299443732e-07
681 1.4172498316827776e-08
83 6.007801925266032e-10
111 3.679487575585033e-08
138 6.089158207953845e-10
180 1.018563500151784e-08
182 3.4386487125498626e-08
269 3.412094613343719e-06
280 4.811844968020714e-08
288 9.76922557497016e-10
291 1.8055314574821505e-08
294 1.7452564937511747e-08
338 1.7294824895067605e-07
367 5.6941189249468757e-08
371 1.8982183810749813e-07
436 2.837788329824016e-07
463 3.468313888869104e-07
602 2.933232238380551e-07
612 1.91154337708521e-07
616 9.277347973754986e-08
618 6.729526326222333e-08
620 2.976281232744904e-08
626 2.183270430835602e-07
630 1.4506530369658875e-07
639 5.0202218749592744e-08
645 1.807042104260123e-07
649 4.7136400356177964e-07
53 4.000595775677933e-08
197 1.7740244692828243e-07
310 1.8560178704625956e-08
462 5.226054893976819e-07
623 1.7791668719718963e-07
631 7.39427897556952e-08
640 3.7053348296973245e-08
119 2.2826926594795743e-07
286 4.317096146475901e-06
108 4.9936630603791075e-09
124 2.427716690198824e-06
278 4.331886467822401e-08
395 1.904398873659046e-09
102 1.7735589181913736e-07
144 1.0314171050695472e-08
264 1.6080112425169876e-07
687 1.0046094214472111e-07
100 4.740186560410016e-09
133 1.7613610994782494e-09
112 7.86612395370576e-09
349 4.21027363147006e-08
289 2.864955049466725e-05
554 1.5710189063483233e-05
566 2.782363005779101e-05
706 4.841838547778575e-06
175 2.786758577636454e-07
140 5.832569970999507e-09
457 7.460359769909481e-09
199 4.028950252182061e-06
250 2.8464429074270277e-06
74 1.2638819323131472e-06
110 1.3849597643667939e-06
161 5.291025390045142e-05
295 4.220367190159043e-07
479 3.308576720852585e-08
699 1.0240938627576195e-07
188 3.36561341973797e-05
18 1.941474742935791e-06
68 2.9434882810338833e-07
70 1.2148127661998385e-06
82 5.713224953891551e-07
174 7.672874796286275e-07
195 1.1621554102379884e-07
456 1.5075788993546667e-06
477 2.5309463873232673e-07
710 3.670652903517083e-06
712 9.53548548633108e-07
45 1.1462367646834512e-07
81 1.2996408730853421e-06
173 1.6553139269108403e-06
433 9.089839751635072e-07
466 8.498036002981605e-07
711 5.714606723673215e-07
181 9.408943181742857e-08
193 6.497152459121976e-08
226 1.318980861210923e-06
203 4.597325234063196e-07
220 4.7264353679807417e-07
274 2.135642322978603e-08
507 5.2996860134411e-07
529 2.5710764308027435e-07
50 2.61135368572994e-08
63 2.855036095306204e-09
104 4.7611642805257946e-08
150 1.536073453898007e-10
200 1.650181278950587e-08
213 2.4049001927975422e-08
217 2.719688281351494e-08
235 2.5091620823412034e-09
242 1.5483782588096926e-08
259 2.49465490654191e-07
263 1.1893450943338671e-09
282 7.57125556298389e-09
290 1.1266653414090166e-10
307 1.1251243707293556e-07
346 2.9421919491453416e-09
351 9.941463551442354e-10
385 2.573147308681635e-09
400 1.3090077039380263e-09
404 8.151909312061483e-09
424 4.220364064900179e-09
437 3.233236792641979e-08
449 3.7771464402528424e-06
459 1.933403206755542e-09
474 1.374121585847158e-07
492 4.25465429989583e-07
522 5.07849073572591e-08
527 8.242834350216248e-07
536 4.879423455991839e-07
541 3.727832012374902e-09
597 2.0047674943185148e-06
617 1.6789099054806475e-07
621 1.680802504868032e-08
629 1.8020023043043637e-09
633 9.951463986039231e-09
638 3.1384162402893823e-09
642 1.366712129236758e-08
646 3.6639877149501646e-08
709 5.198126343667934e-10
713 1.763099168034983e-09
719 6.917616447887902e-09
428 2.1655084011048236e-08
66 1.0955344899413243e-09
207 2.2188271675622543e-07
218 5.622085228339681e-10
233 4.623062981681775e-09
246 4.0309357082109365e-07
270 5.0573447524271095e-08
272 5.426894977436359e-08
520 3.407615835921521e-07
530 1.3378941544261636e-06
542 4.468181255967051e-07
7 3.7366567936231106e-08
13 2.986930535368126e-09
15 2.273478561653522e-07
22 7.550156954974426e-08
24 7.550530054487573e-08
54 3.661943186490015e-09
62 1.9089470591435047e-07
64 1.6966660388701494e-07
77 1.2766258332702742e-08
79 9.288892597350431e-10
99 1.762788504344213e-09
106 2.5541373666809997e-06
127 2.5665182561034713e-07
134 6.097066972473612e-10
148 1.7523461455713774e-07
156 6.105308830310758e-08
190 1.0387284476564436e-06
198 2.529086376700936e-10
201 7.243244537084151e-06
205 1.1987095521095284e-07
208 2.5013766763915655e-07
210 1.6912694772341598e-08
216 8.978785019495687e-08
232 6.616796410348818e-09
240 4.117479948171385e-09
260 2.4349164398073918e-09
262 9.696056805622381e-09
275 7.727582142079555e-09
301 2.480526416947643e-10
319 1.5279678169208273e-08
345 4.492012590432127e-09
347 2.1660863261794656e-09
386 6.0240968193180084e-09
394 5.361645605703784e-09
397 3.6824472109403096e-09
403 1.2609111430681787e-06
415 3.1121560141304866e-08
418 3.1269790819201715e-09
422 1.3599230348593005e-09
427 9.081403317428982e-09
438 3.044302667626826e-06
442 4.3974483143164284e-08
448 1.0004585285616004e-08
465 6.6588558516853315e-09
510 5.430608091047202e-07
517 2.6564572086794474e-09
534 8.674074002936465e-08
537 2.781582278054027e-08
540 4.510711020859253e-08
598 8.656619096458755e-08
600 2.091529723128251e-07
610 8.52106489590043e-08
614 3.7691812674903124e-08
622 1.2887083864656496e-07
628 2.6978153574432113e-09
635 1.9176403636664536e-09
637 6.637391366333361e-08
643 2.2889355211876025e-08
647 2.229614161361692e-08
651 3.4156027423724775e-08
718 6.986992584380366e-10
720 1.5938716027085143e-09
212 4.84422751341109e-08
238 3.0226792650181976e-09
271 2.924344903152962e-08
348 1.4020561406288638e-09
389 1.3221440871420785e-06
519 1.5386835770040054e-07
531 3.002396435083843e-08
2 5.0468747681912764e-08
8 6.594236752449795e-08
14 3.2801209692053317e-09
67 1.310438636168566e-08
76 1.2766258332711054e-08
93 5.6870080195292616e-08
101 1.9546805197550305e-08
107 1.8655230679168204e-10
121 4.295473942410544e-09
126 4.003332832536342e-08
132 5.075217405365258e-08
152 5.5718642004582335e-06
204 7.160090239030921e-10
209 8.450498911222935e-10
215 2.0783383088979764e-09
254 4.037751197427304e-09
261 1.4245801589385511e-08
268 4.734742012309412e-10
279 8.163332373421035e-08
287 2.508293321491676e-09
303 5.384746273736704e-10
316 5.505388034587845e-07
337 1.0266673911015027e-08
344 8.19864642279568e-10
363 2.7242364657731062e-05
387 6.82352726343975e-07
392 2.188232808166001e-07
421 1.4282883224360054e-08
439 3.2626612547122878e-06
447 1.355989438324449e-08
452 6.790402888534285e-08
470 1.632386526389255e-07
476 3.0572659449449683e-08
525 6.206796870142099e-07
532 2.6528082563832353e-07
563 9.9523498332683e-09
599 1.1638529110441878e-07
605 2.4166008896515304e-08
615 5.757865431700031e-08
619 9.063873729923576e-08
636 5.651251487458985e-08
644 6.589003552065613e-07
105 6.5663957108270525e-06
154 1.5569672162912838e-06
192 1.396351555512959e-05
304 3.177639820766581e-06
308 0.00011732302515918439
383 5.87193150218552e-07
514 7.067353973932336e-06
12 1.1580770198413537e-05
16 8.609391775095912e-07
23 8.186164560752064e-08
78 1.4245057950650936e-07
430 1.9293325748575386e-07
443 8.019716572252751e-06
551 8.307231895402156e-07
419 4.0215687638509e-07
553 1.9460544822381027e-05
356 2.945827457079301e-06
4 2.6180456721393413e-07
52 5.358218454604563e-07
58 1.1470819203284534e-06
75 2.4607960724480385e-07
85 4.4544219360103776e-07
109 8.261102672868402e-07
159 3.6674638767407264e-06
166 8.006221520918933e-07
214 7.351513218419732e-08
256 1.5517579454134342e-06
309 1.539334363808925e-06
399 4.6530939778386966e-07
453 2.7961642797381517e-07
458 4.893626277396365e-07
26 3.4722542925330955e-07
71 2.1173714114827653e-07
157 2.0103980526155833e-06
369 3.324498931938226e-07
61 7.35442524655775e-08
95 9.829638142207739e-08
241 6.289158032953775e-08
607 0.00018298168819420814
55 4.255179701228264e-07
69 2.102644376249567e-05
84 2.1195329835811536e-06
91 3.448484235218183e-07
97 2.3153379762349314e-07
273 1.1299087824912114e-06
313 4.235181664129494e-05
365 1.2658012579762772e-05
396 2.488330134712611e-06
409 3.9798388440793996e-05
454 9.247956140091611e-08
497 9.846213731635925e-05
511 6.050143073404279e-07
202 1.9088583240743652e-05
163 2.977606029802454e-05
359 1.4507509786280264e-05
393 3.6269405507174453e-06
408 7.190814367635511e-06
411 1.0368730290305145e-05
512 2.7739431025862158e-05
535 3.228451417452435e-06
556 8.909026102628365e-06
98 1.2158871818128255e-07
103 6.186405442503576e-08
266 5.2130678281496506e-08
298 3.0116709785090997e-07
516 4.1260675807587635e-06
72 1.2296288482848624e-06
90 8.170240451768366e-08
92 2.3677424333753623e-07
151 7.824275319909029e-07
153 0.00011878128804676966
244 4.2106462905102786e-07
311 1.8968522344771015e-05
315 7.1994000747086414e-06
384 7.331132938523006e-06
388 4.5228388045264103e-07
391 5.189694088958338e-06
401 1.9183791081261594e-06
410 1.312652825748129e-06
431 8.772114705315758e-06
446 7.798840031061189e-05
451 3.6270220580303762e-06
461 9.065635833980649e-07
506 5.486723527750754e-06
513 1.3050940476966839e-06
526 3.2565752973790214e-06
528 6.798084106842666e-06
565 5.48969088436534e-06
606 4.911340933515547e-07
632 3.9427147704822186e-07
641 1.563807688400242e-05
714 3.550941504819369e-06
265 1.039134804484697e-07
281 1.856739884295084e-07
382 9.074387109475042e-07
398 5.859724216601548e-07
402 1.900788193058346e-06
406 1.1011385431770937e-05
499 0.000556028981422587
515 1.1192654644454975e-05
573 5.23904520216021e-05
611 1.0866191924185356e-06
627 3.515654801770079e-07
648 2.1773316669175452e-07
715 1.6411727556364124e-07
