0 0.00019255981855717343
1 0.00010569254285984123
3 0.00012494260033271562
9 2.756811755914228e-05
25 5.06968408679579e-07
29 0.00015531433191233844
32 1.0059078888362112e-05
34 9.714062930899031e-06
35 1.3489613415916506e-06
42 4.08065508847369e-05
46 2.880084550726215e-05
47 4.242756043392805e-06
48 4.136050733458258e-06
116 8.817018118921871e-07
120 8.942141471599799e-06
143 1.2238101498587273e-07
145 7.864533690239013e-06
147 5.386350541115451e-07
149 6.280249564378807e-06
158 1.4575456474399213e-06
160 1.717080187087495e-06
165 1.8796584257433994e-06
170 4.6128398359112e-06
243 4.638641203897475e-05
247 4.632667360304495e-05
252 3.824401702163446e-05
283 6.323890092684912e-06
302 1.5666931012905605e-06
328 1.5255433201654413e-05
332 2.5305740873245344e-05
352 1.881449517075085e-05
379 1.779196262223449e-05
435 9.494920096616783e-07
480 7.104129593447072e-05
484 8.285314761653702e-05
486 0.00038886405998028246
500 4.368296270220834e-06
502 8.642012486276427e-06
503 3.5380911666462533e-05
524 2.4748078637361712e-05
539 6.086727265574695e-07
544 3.35852020663768e-05
547 1.02757937695924e-05
564 2.1144019590397087e-05
593 1.0977887999556218e-05
594 1.1381860751809326e-05
665 1.2155331397261058e-05
675 3.317105116272368e-05
225 4.2643568193162955e-05
667 1.3404870563284793e-05
135 2.3409688236427047e-07
21 9.104876830382777e-06
57 1.6960052993203623e-06
420 1.7987004996016602e-08
257 2.9729293928626762e-06
603 8.78008265897836e-06
172 1.4046496198963536e-05
575 2.4468476766811104e-06
368 2.062032243559566e-10
