41 2.8782979973317907e-05
562 2.9687590714374e-05
123 4.5947077831755546e-06
251 1.373297028222363e-05
37 2.073048150095877e-05
245 3.689869996616412e-05
249 6.446466768891094e-07
312 2.4830753691774584e-05
11 9.405452669726729e-06
17 9.11730294277973e-06
19 3.383253501618248e-06
33 1.0474718066218126e-05
113 3.140933662103981e-06
136 1.1308235280005896e-06
167 1.2307266028240252e-07
196 1.3781356436115614e-06
211 6.442007576486899e-06
231 3.0375622463557555e-06
255 8.121426912236501e-07
277 7.350819518045336e-06
284 2.8161341450118124e-06
296 2.6949642371057176e-06
305 3.014289140570715e-06
325 9.681289087315773e-06
341 5.657650259030958e-06
358 5.228981860234265e-06
366 3.452000159455602e-06
414 7.5227585297828406e-06
417 1.1998780799829145e-06
432 2.9513271856502946e-06
434 2.1429242423362625e-05
441 8.63642946460691e-06
450 5.064785868616931e-06
460 3.1383566969326298e-06
478 1.6524947132315647e-05
482 1.5657469845868574e-05
508 1.2209188438240251e-05
545 2.5924756486953225e-06
549 0.00015091661311718963
567 1.1019654164614336e-05
572 3.378455245455665e-07
577 4.761741931302672e-06
581 2.70149552450434e-06
584 4.8921390765890996e-06
588 3.81730945186732e-06
590 1.0289282688453864e-05
596 4.13617908954233e-06
608 1.1829072565925004e-06
653 4.0651222878855995e-06
657 1.4877841421346732e-05
659 3.716742936120178e-05
661 9.526687896213357e-06
663 6.532540008951608e-06
666 7.5325954719129625e-06
668 1.0846431441113681e-05
670 2.3657536482254285e-05
674 8.540123234539612e-06
689 2.344082267965713e-06
692 1.6363783164553349e-06
698 2.2688506974036444e-06
705 2.0408643112237806e-06
708 1.1026196375836756e-06
717 2.4539377281721383e-06
498 1.861258812835422e-05
36 7.658860687187384e-06
324 1.4478244644310826e-05
360 5.19769950020372e-05
354 3.667332225792992e-06
557 1.8451693391264478e-06
613 2.760836359487916e-05
187 1.5027651502607227e-06
696 1.4757150030445681e-05
471 2.6031769256604995e-05
221 9.457445587176275e-05
558 5.029260160953595e-06
