487 1.081073104526115e-05
603 7.758007087720938e-06
716 2.9074087772767967e-06
323 6.139146143270486e-06
501 1.0484494960841564e-05
429 7.627634851742493e-06
512 3.0876950963920374e-06
56 3.445344206585081e-07
253 1.0075022269529978e-05
435 2.1560764833596315e-06
682 2.469366036872596e-06
696 2.8466149980257633e-06
308 2.769070548197765e-06
561 2.512459183691718e-06
30 7.891452378748322e-06
225 1.330065844413963e-05
231 2.4897562982806004e-06
680 3.1948097813630554e-06
367 1.0780075653701802e-05
31 8.385372438486749e-07
94 2.164771350624943e-06
113 1.8800963752212421e-06
178 4.6852355940797983e-07
237 4.3852522335348377e-07
250 1.263220617631323e-06
324 3.0945281144462766e-06
334 1.7616410314960674e-05
335 2.0646153621583553e-07
380 1.4806001076307403e-06
419 1.993956716906077e-06
470 2.0053309812022065e-05
477 6.16470466890072e-06
497 2.6231985544351164e-06
513 1.2541985947151339e-05
554 2.4605178604125453e-06
555 1.6872181814760536e-06
589 1.485377128390691e-06
660 1.9210223132196245e-06
699 2.2353950996785653e-07
701 2.873960068468039e-06
689 1.1731441967592029e-06
18 1.281044017068475e-06
20 3.6901616262882938e-06
191 3.6152060069236044e-06
333 4.636036398982154e-06
337 3.5327577146605946e-06
557 2.286609661439926e-05
697 3.0450425063456766e-06
291 2.0755174334203168e-05
665 1.6829348512383514e-05
359 3.379703180056581e-06
517 4.507029014124233e-06
707 6.649821878179907e-06
80 5.042484944321815e-06
114 2.5421563593383687e-06
186 2.5660332927685817e-06
223 1.0970808482664918e-06
471 4.3488301818071376e-06
595 1.5131624694866023e-06
711 2.042641904915287e-06
585 1.6264204403107254e-06
664 1.260529572872269e-05
130 1.1357456664893932e-06
211 4.656679702072025e-06
238 2.8433106698189106e-06
298 3.6622888331083034e-06
437 1.7975005263169003e-05
472 1.731333644168481e-05
596 4.011852261756103e-06
728 2.4260480992996767e-06
244 5.920127427444918e-06
343 3.4719455379178683e-06
432 3.0706584421949797e-06
673 1.2829841144630484e-05
706 1.154892654858573e-06
19 2.863885718116441e-06
426 2.186495184503486e-06
590 2.9133315008494945e-06
601 2.8318519064899287e-06
717 3.210995575331279e-06
670 8.211800832326493e-06
17 6.686628156236761e-06
25 4.6450250745021e-07
143 6.806150471187749e-08
344 7.30036083571476e-06
548 3.14202332173136e-07
228 1.4746560916865055e-06
301 6.362208994271689e-07
322 5.835601911626441e-07
375 1.0276063724142094e-06
582 2.2997666104348097e-06
604 8.542674068543867e-06
644 7.514042654849799e-07
672 4.252930121075721e-06
40 4.223727262736678e-06
44 4.030564242638075e-06
59 5.312368688637699e-07
88 9.620068178556882e-06
139 4.0584460416569956e-07
171 1.056732764167707e-06
206 7.485726547725039e-07
260 6.010741138042972e-05
295 1.4589877638609587e-06
357 6.87216310198329e-06
382 3.1243741960052657e-06
443 5.014093836346412e-06
503 4.5234685487790465e-06
508 8.804295880338672e-06
527 1.3119744904704532e-05
564 2.3702857349531278e-06
569 1.8775359248356987e-06
579 1.0140815396596235e-06
587 3.197800187187285e-06
591 2.7263819619536104e-06
593 6.34586321708573e-06
602 2.8463731817584638e-06
634 2.2203719878609926e-06
662 2.3636294771711265e-07
668 2.3329445598811863e-06
675 1.5156817078735772e-06
684 3.6458800284746583e-06
687 5.874318727164611e-06
694 1.9662508464266237e-06
700 1.8373805254520547e-06
704 3.6190895326963165e-06
708 6.949946867063069e-07
713 1.44880241535247e-06
715 2.558905664238174e-06
129 2.314442661367557e-06
141 2.1577340102119006e-06
230 3.1640576690594743e-07
306 1.7834464263294746e-06
316 7.669468217395806e-06
325 1.1052652630153907e-06
355 2.8528137071754357e-06
516 1.3273637026670236e-05
542 1.5715489571950157e-07
556 7.378088742748628e-06
727 8.000761063846807e-07
36 6.185308689703696e-06
39 2.9637948156045857e-06
43 1.909882274624989e-06
49 2.06017588802978e-06
87 0.00016369851664204776
115 1.2661636201735228e-06
131 5.004707120535388e-07
136 1.4377697314209366e-06
157 1.4678318754536076e-06
179 8.498092780261764e-07
187 9.536257624461483e-07
192 1.0780248226456151e-05
224 6.74471408594899e-06
229 3.841687220077955e-06
319 2.7853541208373e-06
326 3.286120236786243e-06
332 2.594670945631315e-06
336 4.071697046871183e-06
338 1.796299103095411e-06
342 4.094534350905291e-06
356 2.7346233898178176e-06
376 2.748570195040275e-06
379 1.5042860615830364e-06
383 1.344918167697216e-06
453 2.622843511392263e-06
467 8.130062515472525e-07
495 4.707935906080848e-10
500 7.526720864649727e-06
502 2.8993139225069487e-05
505 5.709873252592288e-06
530 1.4449639615758193e-06
547 4.263778149622113e-06
552 6.237966475761454e-06
559 4.463775935527651e-06
566 1.6231332372755334e-06
580 9.745861255154197e-07
586 4.962136248064892e-06
592 1.135558601181946e-05
597 1.4883807317892635e-05
605 6.938214932611661e-07
614 1.8881793488745916e-06
623 1.2518247673521755e-05
666 1.4338985481222207e-06
674 3.2102189418237232e-06
677 6.667865589599654e-06
685 6.50958757857575e-06
688 1.7311650645813047e-06
695 1.1358157983429655e-06
702 4.85591783933387e-06
705 4.383876833398849e-07
714 9.626683815459757e-07
718 1.6934167865218427e-06
