136 3.3685918523885284e-06
544 4.917161658065613e-05
498 2.8275681923025324e-05
689 5.658891633320829e-06
11 1.7187410010353516e-05
320 4.571793228125268e-07
333 2.3223951518510384e-07
478 1.6815527210890132e-05
480 0.00010472331482231554
546 2.6380990242336117e-06
567 1.0839226345257792e-05
670 3.486034814724064e-05
113 4.442561598297322e-06
353 4.380897090045955e-06
435 1.1283090524773463e-06
502 9.844058699057778e-06
584 7.011413350688654e-06
19 2.2216168966267327e-06
32 8.867236584668941e-06
33 1.9080159122581333e-05
37 2.7246177509820837e-05
40 5.0047018942634035e-06
44 3.838527584065746e-06
49 2.4697974539546104e-06
87 0.00022561462030010554
128 2.138093505282399e-06
129 2.9422864511951846e-06
145 8.423018572489652e-06
153 0.00011021263772065289
167 4.445517653043191e-07
192 8.695666161543594e-06
196 2.7214855197311552e-06
229 3.665594250714174e-07
243 3.995567292136527e-05
249 6.248609118332678e-07
255 3.3042149851544887e-06
277 1.8650654635811944e-05
302 1.8528331935955765e-06
304 1.771222371123831e-06
305 5.33252527154471e-06
312 3.544674295337297e-05
314 1.0763949750977147e-05
323 1.3973408883088393e-06
336 3.4544936033700284e-06
355 1.0739209336673603e-05
357 3.871451756121961e-06
358 1.232962610684503e-05
366 4.985977121467078e-06
414 2.083101996385842e-05
432 2.9904441938507513e-06
434 2.4604838777545386e-05
440 8.422805090342063e-06
503 3.646873839094331e-05
508 1.845332775564747e-05
549 0.0001497037243236126
555 5.851495422910267e-06
560 6.168938915923328e-06
571 1.6946367539142023e-06
576 1.2535065007805624e-05
583 1.736102131669554e-05
588 3.1531586540949735e-06
593 1.2558796975701927e-05
656 1.6036180035505923e-06
659 4.072783423061606e-05
662 3.887486323813038e-05
666 6.450854716354225e-06
668 2.8121074673115602e-05
673 9.751134902849557e-06
677 1.1108037673919586e-05
693 3.4393867850207407e-06
697 3.171423236727202e-06
698 2.10706066977384e-06
705 2.97884003722746e-06
717 1.669202173289789e-06
211 4.896492555700768e-06
245 4.709418944610592e-05
258 6.579180995380634e-05
483 3.0016097022435867e-05
545 2.006876072823485e-06
608 2.140249101074612e-06
692 1.0472301798183067e-06
17 9.118287808576589e-06
31 6.778302994824483e-07
43 1.8308461046221439e-06
46 3.555149499133761e-05
222 3.359282467732796e-06
231 2.8179017898347694e-06
325 2.2210147836008676e-05
634 1.6313933227768934e-06
580 4.867039799050406e-06
579 1.336628871294176e-06
573 5.501366480968283e-05
473 7.838738581516725e-06
