142 5.195430761625881e-09
332 2.115863502458711e-05
348 2.2213271811584272e-09
681 4.1882392830995725e-08
9 3.398068707890594e-05
94 2.085304980600348e-06
35 1.5031136070079536e-06
226 1.3373756519686406e-06
217 8.683836234136494e-09
598 1.5405293016274345e-07
297 3.685517659447971e-05
554 1.644806974504713e-05
283 6.178480312669835e-06
400 1.8437217677597203e-08
445 1.2298114111806773e-06
625 2.3572997123814885e-07
65 4.324703217909122e-06
21 1.2045702157893461e-05
20 4.261317961796889e-06
493 1.0600444570493664e-05
680 3.2048806425555887e-06
186 6.136344732352385e-06
328 1.4631605690246226e-05
444 5.561469175395446e-05
42 6.518771467945734e-05
60 1.0208297898548625e-06
74 6.716993129688849e-07
184 5.4771549114810515e-06
313 3.667344220480474e-05
349 1.1804023942023166e-07
364 2.4892704825689415e-05
667 1.5433689851352843e-05
23 1.7663346950514988e-07
104 9.124586781365223e-07
311 2.0542986596206794e-05
352 2.4373466298500845e-05
399 4.3084784860095113e-07
599 3.875317164922098e-07
629 6.268490004664331e-08
206 2.0052317511849335e-06
36 7.09145584929593e-06
22 4.5927032734315087e-07
146 2.1367160654375783e-09
174 7.652190135850698e-07
177 3.768563378371751e-07
289 2.642814214626407e-05
396 2.6685871938103088e-06
415 1.8098042481282547e-08
504 2.9170793536880503e-06
514 5.846949588463963e-06
569 2.3535265464156606e-06
574 0.00010984298664935515
600 2.1830234376078725e-07
63 2.4570273400502577e-09
195 1.3066566800742988e-07
284 3.433395999912031e-06
501 0.0001460107168217401
669 3.105902399547747e-06
419 3.301522323934388e-07
510 6.614736858980483e-07
682 7.56474940548599e-07
716 1.4973748618009804e-06
4 3.293552791330571e-07
8 4.626940158380005e-08
14 2.7691648362247617e-07
34 2.3181843574979676e-05
55 4.277313629854123e-06
62 2.0845615183994097e-07
68 7.23857293809283e-08
76 7.452282327570126e-08
78 9.245329745993197e-07
83 9.750979238633213e-08
90 1.4217039351203844e-07
97 2.2909126374999606e-07
109 8.476664479620644e-07
127 2.2748561076861394e-07
133 6.666209070362238e-09
139 4.370664528760276e-07
161 5.5462442001343626e-05
194 1.0011665598090558e-09
199 2.456138767295833e-06
208 2.2436411479500922e-07
225 5.7871915941933216e-05
237 3.041732113427915e-06
244 2.73766162816389e-07
260 4.012050717387429e-09
268 2.5731971052565057e-08
270 4.192511164967565e-08
318 2.0760005678480216e-05
326 2.225189783313458e-06
347 3.5449376715693106e-08
371 1.6022581290049272e-07
398 5.055159825212074e-07
402 2.1565972013896374e-06
404 5.753094018651546e-09
406 9.29091308677019e-06
410 2.4892853019427904e-06
447 1.518340830972735e-08
457 2.285134994323706e-08
459 4.865093094508229e-07
476 3.721471404412686e-07
488 9.909268605234328e-05
492 4.409306509363011e-07
512 2.793042317947265e-05
516 3.5767341379606536e-06
526 2.241774393567762e-06
530 2.274219766314533e-06
591 3.036384842194333e-06
602 2.652776661634935e-07
605 1.3076755961121029e-06
622 1.1635769960603563e-07
627 3.0972060948837636e-07
637 3.360414119593339e-07
649 2.7886311526714865e-07
652 4.537014994154879e-07
661 2.038768272863852e-05
672 0.00014278655370911225
688 7.59825434595075e-07
695 2.6583390569702523e-06
708 1.1073755544655838e-06
499 0.0005784370350740559
122 9.446221093043051e-06
149 1.932469827219388e-05
491 9.309970547434527e-05
595 1.2199721051384148e-06
3 0.00015217410313821483
5 6.725993370357652e-05
7 5.263848236358407e-08
10 0.00020763439308130432
15 6.094182061051622e-07
28 4.56781059820337e-05
54 2.1342214611889485e-09
67 1.9396595686794103e-07
77 3.012630920907793e-08
96 2.963239937025885e-05
102 1.4339261166230442e-07
110 1.1862510797320655e-06
118 1.8091325051567337e-07
124 2.547207343905405e-06
126 9.582361738595112e-08
144 3.40895416182949e-09
151 3.2072800483194724e-07
156 2.2346314985259637e-07
170 4.964513191390198e-06
173 9.968212246621011e-07
183 4.10245512437002e-06
187 9.99426831094317e-07
207 1.8094646603551388e-07
216 1.3966381163288288e-07
235 3.051581717462799e-11
238 1.0181189340249531e-09
242 1.5456492062140093e-07
246 2.675061277841147e-06
252 4.4397322723506246e-05
259 4.1687533426412957e-07
269 3.4221047143600167e-06
271 2.8684821457253013e-08
273 1.1204274993672655e-06
290 5.065645471278017e-09
295 3.376752273839944e-07
303 1.987985460614297e-08
317 2.647357390395218e-05
319 1.6189632104058715e-07
327 2.5045718889309645e-05
350 6.412441428336248e-07
356 2.9103578010194075e-06
363 2.7505158316691257e-05
365 1.0913024162686509e-05
370 3.746410460432207e-05
375 3.816363503996835e-06
386 4.296810101318367e-08
397 1.6241116326289357e-08
401 3.830323003246378e-06
409 3.94657468978923e-05
413 8.299030046299546e-05
420 1.4790363756545118e-08
443 6.350663331329651e-06
446 8.138475458030608e-05
448 3.989151646724443e-06
456 8.829980168284893e-07
462 4.683614947000207e-07
468 2.2419483663363002e-05
470 1.9031548766461822e-07
472 7.185127152315539e-06
474 7.415852968544092e-07
481 0.00017949249804769836
484 0.0001216371704724142
489 0.00047216002271141533
497 0.00010352907825241477
509 1.1289244250271218e-05
511 1.9207747979526602e-07
513 7.984094069710798e-07
515 1.2087621319259293e-05
517 7.10814178948096e-09
525 4.681620059181175e-07
529 4.787438347109916e-07
548 2.6550638525336837e-05
551 1.0191253906485692e-06
557 1.8088063412300967e-06
563 1.75223154273958e-07
565 4.432871367441022e-06
568 6.156400133356283e-07
581 4.306205702192766e-06
586 6.0056799978488295e-05
589 1.7996536211223523e-05
597 1.5281074557583463e-06
601 7.412950355030541e-08
603 1.2131066193806216e-05
623 1.5448469180507616e-07
626 2.687952282668017e-07
628 2.5311493702672413e-08
636 1.656341858508716e-07
642 5.498413452329863e-07
654 0.00010036608899130661
657 1.6969636223430547e-05
660 7.479416707087103e-05
663 1.1283895689171185e-05
674 7.946968383113567e-06
694 7.003363650038489e-07
715 1.3327084408411034e-07
719 2.145518307241989e-08
