1 0.00013392088618844122
379 1.799465247655154e-05
88 4.687010868971594e-05
155 3.137096066016459e-05
426 8.784904599121156e-06
47 4.244473097300931e-06
48 4.528226909840767e-06
56 1.045581803635798e-06
179 1.0486733165001507e-06
236 8.871642133249358e-07
293 4.087091563584721e-06
324 2.5403320329938062e-05
330 2.9140577563180133e-06
378 3.048189323087656e-06
380 6.168815387247419e-06
381 1.3469515140211238e-06
416 5.430712243761071e-06
467 8.059905759238716e-05
475 1.7090254092071193e-05
494 1.1328100620416818e-05
547 6.041042861023434e-06
585 4.389608817079596e-06
594 9.340977249396801e-06
604 6.037759185648308e-06
51 6.4814325808489535e-06
59 5.653080238025919e-06
115 7.079437157928127e-06
147 6.646568044242119e-07
171 2.7469105097963908e-06
191 5.639638019363646e-06
251 1.743260772252828e-05
334 8.161922185147081e-06
340 3.12145248211255e-05
373 4.802905696798519e-07
390 6.7500928272070465e-06
464 5.83967477312884e-06
490 1.6717859703567378e-05
495 4.470655593805816e-05
500 5.844717833252771e-06
521 9.388096925575356e-06
523 2.6716277688002702e-05
543 2.4765870172672366e-05
578 6.352872348244377e-05
590 1.4435842725363701e-05
592 1.0735733216427755e-05
596 4.046427257410152e-06
650 7.400751661628145e-06
675 4.817540489290972e-05
676 1.568018882736905e-05
691 8.471505919232572e-06
227 1.8152554923284774e-06
562 2.8020063433006223e-05
702 2.132347506933588e-06
703 5.432973309829534e-06
158 2.3075294877737035e-06
160 2.332786852394563e-06
685 3.4971180051560327e-06
700 3.69402506094143e-06
123 3.8680743438451255e-06
505 9.25987840387655e-05
248 2.14004648541191e-06
671 2.488535500829307e-05
178 6.937677077190359e-07
130 5.809009529697872e-06
