2 1.6363891031220728e-07
6 6.665582734383796e-06
12 1.4282498112555056e-05
16 3.551036622502383e-07
18 2.0202840982159117e-06
24 8.598612065984633e-08
27 1.50262667135929e-05
29 0.00024042973461495
39 6.347114780035436e-06
45 1.1806906589074863e-07
50 6.124767814075487e-09
53 9.251618472761193e-08
66 4.098816480602631e-08
70 4.924999032956698e-07
72 2.2989792593226853e-07
81 1.7950377428075695e-07
85 6.243896625025934e-07
95 6.841340856060865e-08
101 3.283646941182707e-08
103 1.605071290739107e-07
105 7.150130503447038e-06
107 2.875877308919169e-11
111 4.787392806193659e-08
114 3.452164752538267e-06
117 1.4096647500576947e-06
121 9.802020554040264e-09
135 2.3221484433693034e-07
137 4.686170469485878e-10
150 2.7432064528849227e-07
152 9.22191322641845e-06
157 1.9547658563518453e-06
159 3.736902596348476e-06
164 1.283797833358437e-06
166 6.520896265586898e-07
180 5.463276082543296e-08
182 1.791983656966517e-08
190 8.140730985921437e-07
197 1.774038031304231e-07
203 4.3826142007658996e-07
210 9.789073290684117e-08
215 2.9035274717358178e-08
219 1.2489462276822655e-05
223 8.77812033914344e-06
230 3.981115207811726e-06
234 3.242563760711109e-06
239 4.745940576148701e-08
247 7.015194851142507e-05
250 2.3215495936273036e-06
256 1.6329171352772024e-06
266 7.077049728803809e-08
272 7.171235481133521e-07
276 2.019863287113619e-06
279 1.7758754764791497e-07
281 1.663153956394505e-07
287 1.504611644356664e-07
291 1.9413386334072412e-08
298 4.553774485111226e-07
301 2.1491155957202003e-08
308 0.00010888931991874851
310 9.619474685540727e-07
316 9.888488436498663e-07
329 2.925593144725937e-05
343 1.637230738768955e-05
345 5.6878354868906285e-08
351 3.5411663327885363e-09
354 4.66207096052411e-06
362 2.6940750765190013e-08
369 5.821606985190899e-07
374 4.007450463012816e-06
376 6.780998165307263e-05
383 5.798290664566227e-07
387 8.205944366149161e-07
389 6.792085322821564e-07
392 2.800586950104083e-07
408 3.637022231066608e-06
412 1.3617784318845476e-05
421 8.423784550239328e-09
424 6.813982137824518e-09
430 3.3541243086901047e-07
433 7.540460012531739e-07
437 2.532447609565047e-07
439 2.5973797087660456e-06
442 7.303649962457313e-08
449 1.6540616931720057e-06
451 3.271625578924672e-06
453 1.0939503289211849e-07
455 7.115630186556474e-05
461 2.331017136002679e-06
463 2.6786365829170597e-06
466 2.2480995691594515e-07
469 2.298150799167352e-05
471 3.062489485049486e-05
482 1.3929312978835131e-05
485 0.00019824434078497647
496 7.106970123320168e-06
507 7.880037439568222e-07
518 2.549827822897736e-05
520 3.8001333529239546e-07
524 4.129069417702798e-05
532 4.830162279963103e-07
535 2.6138672053027707e-06
537 6.137166688548477e-08
540 2.1737406333962785e-07
542 4.626085048131679e-07
550 1.6819096678274174e-05
552 3.710392519674448e-06
556 8.461590622574617e-06
558 7.096816799188368e-06
561 2.813588416707618e-07
564 3.92813400342953e-05
572 1.1161907958754977e-06
577 6.422792787630467e-06
582 4.718660477432293e-05
587 2.8711137733476107e-05
607 0.00016008636071982495
610 2.71545784933481e-07
612 2.2857978779670304e-07
614 3.0280873588891584e-08
616 7.274301056524039e-08
620 1.4657763060190959e-08
631 3.0102431383978754e-07
633 2.041071149919853e-07
635 6.237058275978152e-07
639 2.9180213886300813e-07
645 4.5020267949448076e-07
655 7.897393963108971e-05
658 2.9720489612145582e-06
664 2.939414276749834e-06
678 3.209466313343565e-06
686 4.501450578488677e-06
690 8.235909962647662e-06
699 1.246907627703884e-07
701 1.3765928741228259e-05
710 2.234506326846723e-06
712 2.451708510490103e-07
714 2.9757276173073216e-06
718 1.831317080124096e-09
342 1.0563219678851489e-05
57 5.520657458548347e-06
143 1.2682857109554432e-07
163 3.2944340839557256e-05
359 1.3056453766708573e-05
539 6.370495229071124e-07
653 1.1189719661582701e-05
706 5.022889976481577e-06
26 2.0147486709423013e-07
38 6.404652215285504e-05
41 3.131252719779921e-05
52 5.298331570762196e-07
58 5.468198868769948e-07
61 5.392187867350098e-07
69 2.073067071192623e-05
71 3.108243836404028e-07
73 7.508360311443009e-05
75 2.226704100020927e-06
84 1.0721372581316271e-06
86 5.315325108927e-08
91 1.9051455636566935e-07
93 6.360564493250295e-08
108 1.0783416417229757e-08
112 5.794990298911631e-09
134 9.563760052878691e-08
138 1.967629898355188e-08
140 3.2484975992900054e-09
148 2.1456515869562552e-07
154 5.603039373801706e-06
162 1.1536672099080594e-06
168 3.466507562835841e-06
181 1.367492180341264e-07
189 1.5981527176404096e-07
193 2.7580110955681302e-08
200 2.528431844750397e-08
202 1.5673316503863127e-05
204 2.1465161340468856e-08
218 1.9567093716805322e-10
240 1.0327676783519031e-08
254 1.5965790577901117e-08
261 2.1023214649355367e-08
263 1.6647223660367468e-08
275 4.4042479469919594e-08
278 3.058719420685764e-08
280 1.362467578417821e-07
282 1.060230361332314e-07
288 6.64624933004246e-08
307 2.0451517950009184e-07
309 1.9943839914886363e-06
331 4.349927754283089e-06
335 4.841028331209101e-06
341 5.693226760988497e-06
344 1.901765354287907e-09
346 1.4784083551682505e-08
361 1.9870306816325823e-07
368 5.33869578641642e-10
372 8.284725659714913e-05
377 2.5008062007306916e-06
382 8.040308375497503e-07
384 3.78933873793754e-06
388 3.3547782014056545e-07
391 5.148149532248551e-06
393 7.010601028521926e-06
403 2.8900670184384993e-06
405 0.00011308871897874159
407 1.0645669038723294e-05
411 5.201512259357793e-06
418 1.1301118609919605e-09
425 6.083760182396121e-08
427 1.1127282839589882e-08
436 1.2879326027790065e-07
438 1.428227826231191e-06
441 1.3583050910266544e-05
450 8.939891315332325e-06
452 5.692976836741336e-07
454 3.457708297719968e-07
458 9.105003870767708e-07
460 7.098811901528485e-06
465 2.7438756119965822e-08
477 1.2112558043040124e-07
487 5.097095277562585e-06
519 1.653510730247744e-07
522 6.948993806607011e-08
531 1.2620932007899973e-07
538 4.530562475276942e-05
553 1.7490286366810717e-05
570 1.0822962287497509e-06
575 2.3065355389466815e-06
606 1.5217091381320576e-06
611 8.996511923907861e-07
615 6.334328094243603e-08
619 2.0139330844266216e-07
621 4.948991548428291e-08
630 6.424976439722828e-07
632 3.242758574382978e-07
646 4.317347772108067e-08
648 3.7938230224438344e-07
651 1.3051819129081842e-07
665 1.672458858991972e-05
683 2.8648381746621175e-06
696 1.991409463298633e-05
707 3.5405713342593823e-06
709 1.3298255826984382e-09
711 3.8181281066960446e-07
713 8.427754342797232e-08
624 4.960078458618867e-06
141 5.07959196406e-06
296 6.707265465002383e-06
417 1.2831096605915343e-06
423 1.8635498855623694e-06
533 7.038462131655251e-07
99 8.955240603352866e-07
119 2.367381951416513e-07
131 1.3110872614495328e-06
169 4.094118797334311e-06
188 3.324130567866951e-05
221 8.754470333725745e-05
232 8.066402645265299e-09
241 5.253875738273156e-08
253 4.22996070805525e-07
262 1.9238554120650408e-08
274 1.856779420158171e-08
337 7.311113759569595e-08
339 8.586496051081121e-10
360 4.5329025518699213e-05
385 6.642905450435884e-08
428 4.802692993330648e-08
618 2.799170376237693e-07
643 2.1865200846635386e-08
257 2.1919855683549476e-06
13 2.372676244874141e-08
79 3.41418382784417e-08
89 4.337624847763206e-06
132 4.5657187254105344e-08
165 6.63503743840833e-06
198 3.717178629462919e-08
224 1.2000022644970966e-05
286 3.89636356441865e-06
338 1.337607817830855e-07
422 5.066349611993793e-09
429 4.126860834032324e-06
506 7.782601612972318e-06
527 7.959250976233976e-07
534 9.848061000160355e-08
536 7.310654013643193e-07
559 6.89947838609574e-07
609 1.288677267808062e-05
613 4.2894592132784794e-05
617 1.5059273151725537e-07
644 4.22647741898584e-07
679 2.095732526893356e-06
176 3.5070955355350223e-06
704 8.952709161251669e-06
125 9.075911916345978e-06
566 2.8108701561078934e-05
92 2.751598296789438e-07
205 9.676303702101254e-08
264 2.051640834041721e-07
285 9.253231216693257e-06
294 1.0756254077780352e-07
647 1.3147358942959478e-07
720 1.2894244024515957e-09
120 1.1294987204543007e-05
175 2.7250773747267127e-07
265 1.715136627134201e-07
267 2.860906177617868e-08
315 7.809777054049679e-06
431 7.3161135993217235e-06
479 2.043901813578092e-08
640 3.3792013804300906e-08
100 5.7378830176542874e-08
64 1.4448961325512788e-07
201 6.089081464476421e-06
213 2.513265951039605e-07
322 7.688126397973414e-06
528 7.750617408536008e-06
641 1.26663490198311e-05
82 1.1828037643937782e-06
98 1.9095561233402477e-07
106 2.5402266449453798e-06
185 6.648644844870693e-08
220 6.281351887271942e-07
228 1.0321098877253863e-05
233 4.639580949362717e-09
292 9.834354595818084e-06
395 2.935253355963991e-09
687 5.861638175543713e-08
486 0.000521154849381449
541 2.1647884229338683e-07
172 1.1996320215304117e-05
306 3.3520340400659903e-06
367 1.177637027591151e-07
394 2.004186914234705e-08
684 3.9664175786966125e-06
209 4.705750290226663e-07
212 1.750427744755886e-07
214 7.482667115039215e-08
321 9.088318224623378e-06
638 1.5122637793611114e-07
299 1.5305448739799663e-06
116 8.570973514441369e-07
25 6.490013802634206e-07
30 2.7995413693059368e-05
80 6.0859519889270316e-06
300 3.066599441271113e-05
