49
0.004617337491065167 -0.024975304595037287
-0.0033320342654163835 0.005518763667039011
-0.016423816045398113 0.0074337765100348134
-0.024013513234133043 0.010860185651918024
-0.012403194842370489 -0.002618926718927224
0.00429983640974414 -0.023589736472508477
0.011393421300102236 -0.009507294893971657
-0.013279221742908942 -0.01019581923807495
-0.014157442624778633 0.0038818284839019215
-0.01720147436092311 0.002393290166715633
-0.017975527948105807 -0.00012115675946084511
-0.005640793751237223 -0.011939754192765531
0.007648940189124087 -0.025382068435291706
0.0124249164032375 -0.024014286186718657
-0.012347598008395154 0.0062956749352759845
-0.014125011104241013 -0.0001905074847672003
-0.012383306973493711 -0.012198445972126444
-0.009281996044589739 -0.01853441787843956
0.0012330905650719598 -0.02524856112090503
0.007460868016816585 -0.026461155871051283
0.007712495730068752 -0.02497724141498374
-0.014143438195237872 0.02282270590146272
-0.014584383669351298 0.006335331459704962
-0.010872612927490987 -0.012533949199759394
-0.0037116745959401573 -0.019375713182360237
0.0040931035664882 -0.022291737632296048
0.009270782913934784 -0.0145674332981963
0.001700016822697099 -0.011940450063699848
-0.007751055418041086 0.021887910696230087
-0.006425824892144363 0.0038182664992398086
-0.0007486879959236012 -0.01892432456875764
0.00788878217156701 -0.019770055765650465
0.00880230722217201 -0.017022661724514485
0.012271312710162581 -0.0030193571803820325
0.01110250273250605 0.004413247262947425
0.0015792514629113029 0.020384492468765794
0.007463881279278292 0.0056841579734253685
0.00775099111730905 -0.021503998187616655
0.010841811549136918 -0.016781138824714215
0.005441466523974642 -0.015108987431070291
0.0063597363773991045 0.009936294307827725
0.01202802120144557 0.01618575072943733
0.001777896632038361 0.021943151069504587
0.01624873455748016 0.01031965485263907
0.019992292013275365 -0.010923075236165206
0.008630174574184319 -0.007269483323829814
-0.006942669389682362 -0.006681492361229452
-0.012497048679492953 0.01199030206959225
0.004087555812739262 0.019985038396110166
