49
0.0005317063121888596 0.0005313848546254714
0.0008099016973284181 -0.0008047672005873071
-3.172483973398934e-05 0.000327153362232504
0.0024911426981304614 -0.00278940963763237
-0.0012723220836958948 -0.0014537696279253122
-0.0004955240712238585 5.477923876911687e-05
-8.096068520353784e-05 0.00022947432551933416
-9.979402595893186e-06 0.0017465791289401752
-0.0001378102555949231 0.0004918752016225286
0.00015966710212427386 0.0013753302485643927
-0.00010882011647226233 -0.001088219103995206
-0.0002749304507111625 0.001042548615070753
-0.0008769137208738984 -0.0006846657044388487
0.000217601881379326 -0.0002318011367767335
-0.00048115824433594447 0.001163400667274622
-0.0006153834528090981 7.964075743403985e-05
-0.00040973711440120365 0.0013742785372651194
-0.0004013315975891397 -0.0010085061532117275
-0.0003113030727237704 0.0010711885824366844
0.00018865799316089248 -0.0003297344582530258
-0.00012302636824973226 -0.0001409166487124986
0.0007239308391532657 0.0008093347119752279
0.0010655000638278636 0.0006789022335644121
0.0005183705595648483 0.00020127598801670204
0.0005151126244204188 -0.0004990375945678902
-4.972234341747636e-05 0.0007719839933453661
-0.0008167137761952162 0.0012321988490930475
-0.0009530538024779487 0.00040859007276208245
-0.010955931452461867 -0.0002667764261841526
-0.007821346089656789 0.00250444476151223
-0.004555739981177804 0.0002955997993948849
-0.0056569333176990765 0.0006898317341123586
-0.002935281185697664 0.003149651339742272
-0.002568026077456173 0.004419983987103954
0.00028616110885831874 -0.0015560762927131556
-0.018582153264633684 0.00938342911179071
-0.01618012344270597 0.008775787528936733
-0.008877934594176897 -0.0075173510526995845
-0.004515188932225131 0.006593486131355717
-0.009874217464407333 0.004716857045649403
-0.005481470103222701 0.010932910482025165
-1.6176391671379922e-05 -0.0004879887998609814
-0.014579847023784178 0.0031082467342705648
-0.008771263445508479 0.011793961858559797
3.600532833654737e-06 -0.005175513130500982
-0.0056307337719806415 0.0037969604993263045
-0.011608051778179567 0.01358775581048868
-0.003942549020013655 0.016300335940762835
0.004218087397951068 -0.011891802808962466
