49
0.013930549234787528 0.015408864250893706
0.005044393555301635 -0.008732272681127863
0.014140533584698741 -0.0002072802609077633
0.016160670427160635 -0.01088639228958172
0.007916317825356742 0.011790391965780125
0.003060352293024593 0.009513464488808772
0.0032075235791691656 -0.00944852832156021
0.006440540567346469 -0.0020977728270725
0.010142767330488526 -0.004253856032081551
0.014122625653529402 0.010763444293534362
0.012658925598694342 0.004302578210693579
0.0058900001137111415 0.01713879441825623
0.0091467898696281 0.012899547598946905
0.015493556047687814 0.001078008563833279
0.002884309450395131 -0.029550600072674526
0.01052048808889546 -0.009791311280920326
0.008326654709819116 0.008800637735634914
0.007893247173924409 0.012465888491367894
0.0003240717325629059 0.016439044087188943
0.006846157155024583 0.006617231166534373
0.013904130101242687 0.0003454376000009146
0.0010767637873146845 -0.025642040420536437
0.007601273990399944 -0.00862640036614178
0.010360690615679055 0.011422019383809302
0.008639899427403761 0.009236366218381009
0.007055854895006569 0.010625569233726052
0.009487525851283821 -0.0037194170184519323
0.010433180899548245 -0.0015299836778303443
-0.00542725345625041 -0.021497975622898038
0.0068735491943374555 -0.011860301038809619
0.011184454812702029 0.005131266487098254
0.004270848674574164 0.013526369148661056
0.006327212323095419 0.018398016810147022
0.008937884126930322 -0.0026829013550180186
0.005585023146649396 -0.013961676429574906
-0.006958009282001436 -0.018893864852675257
0.0004826369635128192 -0.016296187679980947
0.00783023078006028 0.00863919562247322
0.004953969224152194 0.021215762394947824
0.00650439980007371 0.015900237064967127
0.0042215686126835855 -0.003292255264326586
0.0038995923118141543 -0.011487425525244784
0.008386781255763998 -0.01445737024907467
0.0035481240334035162 -0.012536293913210456
-0.0011242462452310932 0.012885562961472965
0.008694235623708855 0.025901963639787112
0.01234679797993367 0.012102922557748513
0.008996934500287636 -0.004416716996446814
0.018240722502220242 0.003755489112290185
