49
-0.007444732990307619 0.006905319851726473
-0.008621989975235524 -0.00027811143416687427
-0.0014310088532591264 -0.005434261017577928
-0.0013546509887605242 0.0013058173753371172
7.496291216625387e-05 -0.02151591059049842
0.016385793550627786 -0.0037415754538235426
0.0041245862568718115 0.02555217105347091
-0.009677437220857902 -0.011520266117615582
-0.00633420445279586 -0.003528667409904474
-0.004721573573490625 -0.006117754266345115
0.0030996076600433276 0.005872189414814183
0.0002222855482031476 -0.01820853173606377
0.008717956031126661 -0.004846855187637031
0.002420902469885284 0.026362167295994932
-0.0002467482941824355 -0.023646827508339862
0.004869134472737736 -0.004446366868214968
0.0006668373698068872 0.0005401968548695188
-0.0019987298663533765 -0.003540978451100377
-0.007815835953455327 -0.015890262077416045
-0.0018824098540673635 -0.003932390524120397
-0.0005190298902059867 0.03359751480138483
-0.010107708521799657 -0.0057464837354737775
-0.007424558737344626 -0.0029193591918398173
-0.0009500763538029008 -9.975852610892827e-06
-0.001383523401953664 -0.002001315305664397
-0.0077300575590490824 -0.010455694755583484
-0.002865116664435063 -0.009030857356828622
0.0020943430958365516 0.017337535699117203
2.872004367954188e-05 0.0017865215112629392
0.0008606614790090901 -0.00029714978070421045
0.0006266333869420217 -0.0004265164759789623
-0.00021261467903835695 -1.4567933608195142e-05
-0.00018012729025015356 -1.1488211826447954e-05
-0.0005178178732962117 -0.003977163130523173
-0.004522493446993488 0.02331270125267436
-0.00036876435568980855 0.0005251124027423106
0.0005464231370520153 -0.001025202671188858
0.0003049038797100335 -0.0001825473601700501
0.0006829792639058567 -0.0003474173715721622
6.74056236411473e-05 -0.0003847377810282016
-0.00044969186168003153 -0.0007767535383233151
-0.005586775145206525 0.020467455518732948
0.00031935864151991423 -0.0001709099933256617
0.0004115060195530182 -0.0003678797693349484
-0.00019427237580773687 0.0014110042937397966
-0.001541095331864716 0.00042431656991408467
-0.00026811917589431754 0.0017885429335935457
-0.0003936506153169221 -7.622995454973719e-05
-0.0007892794802183018 0.001969975245720778
