49
0.10024336525676744 -0.055081033669589656
0.09327704990425983 -0.03696812594057563
0.08673901889493002 -0.00553216589783538
0.08032459211164007 0.029541979878379237
0.07519869373376238 0.060080389663747236
0.07262785404227899 0.08133827888745015
0.07373658091831678 0.09128397219999783
0.08932438556549546 -0.051489208633100705
0.08433073124718789 -0.03445955281757823
0.07889503843209057 -0.0025360219365589336
0.07332605767915461 0.03240580842950445
0.06888590162527711 0.062326126926605246
0.06662089781412699 0.08291795062988412
0.0671051647513542 0.09200808723325082
0.07008647731991664 -0.056887428264515656
0.06672451108222947 -0.03633845780404696
0.06316321258426956 0.00218926629829178
0.05889887884262044 0.04027271305275693
0.05558815310250823 0.07085154575369221
0.05398299181039911 0.09134911312201183
0.05429634267482587 0.10062217135179279
0.038640607936834805 -0.0668368415153225
0.03881629158443688 -0.04062270514011191
0.03923382665922799 0.011045408891551691
0.03750402050075328 0.05327589746425343
0.03656238540336546 0.084326132201504
0.03644980519564799 0.10467439086997347
0.03679732098648909 0.11444351907536378
-0.008572639426847405 -0.07039045047744323
-0.0038706237188018923 -0.04053363255801306
0.006385937324325179 0.0261329641807266
0.01048757447712085 0.06944995514966783
0.014418388194572073 0.09972184526182219
0.01711203327837961 0.11970894401699962
0.017778738941322543 0.13005959148427823
-0.04960862167189522 -0.05439842366540877
-0.041260592305378284 -0.024118977007213556
-0.030111087732822898 0.036056906632542164
-0.016322623656983955 0.08098698792397857
-0.005444778738186918 0.11229028517032201
0.0007964819159326765 0.13288353735166794
0.001930060549277754 0.14422110513662967
-0.07345620453546191 -0.05358922644808559
-0.060631078799435426 -0.02018761593276956
-0.04708596761576388 0.04088547959445955
-0.029603318659153697 0.08860578919193894
-0.015238245487722929 0.12107989847620314
-0.0070476813134902755 0.14238801710796636
-0.00607202423794457 0.1561635156844338
