17 8.651365991489765e-06
33 2.1929969886709543e-05
37 2.2707828605844218e-05
39 3.4096471619664335e-06
41 2.7820909823986354e-05
59 3.03802220747315e-06
73 5.35739914800923e-05
136 2.6354130859609904e-07
167 3.5437643925347654e-07
179 1.0767257936467902e-06
187 3.862296494203067e-07
196 5.567804461719199e-06
219 1.2637448334081162e-05
223 8.353169509843243e-06
228 6.350690619956647e-06
231 3.2856052836896616e-06
277 1.6013774956506377e-05
284 3.032576314383974e-06
296 2.6295515448875624e-06
305 4.534623054051562e-06
317 2.0119898460759538e-05
324 1.3282734902975217e-05
325 1.1229410694235116e-05
330 3.013199885158838e-06
341 4.792745855726167e-06
354 2.2760939375231233e-06
358 1.4902315178037768e-05
360 4.7358737724181076e-05
366 6.9371651303264115e-06
374 3.889871107054507e-06
377 1.4659287934587964e-06
380 3.3098070670455394e-06
381 1.4000974528813592e-06
414 1.717130263824985e-05
441 6.585817976125123e-06
450 3.1210388256859446e-06
460 2.827481028707813e-06
471 2.0984659336617355e-05
475 1.3606755734873542e-05
478 1.5236883360268205e-05
483 2.016646660270397e-05
496 7.106605641843438e-06
498 1.3937266502176937e-05
501 9.4707295166661e-05
538 1.4520159089201614e-05
550 1.4980113259992856e-05
557 1.0623154597866093e-06
558 3.547644761112413e-06
567 9.726391050498291e-06
572 1.1076644586904941e-07
577 3.615702949123467e-06
581 1.870863868807468e-06
582 2.2253593172616188e-05
613 2.1658536224897976e-05
624 2.614505990628694e-06
652 3.545848302176679e-07
653 3.868229233937244e-06
657 1.1599031441570229e-05
661 1.0586174834880643e-05
663 6.923047424726638e-06
664 2.326819444923859e-06
668 1.5868051312168518e-05
670 2.5384998908468497e-05
672 0.0001036823486593424
674 7.267113966390323e-06
676 1.4338857360640056e-05
683 2.5736482519974508e-06
684 2.2497571557905326e-06
686 3.5979029602050303e-06
689 8.99785147334888e-07
691 8.823142120868395e-06
694 7.438365018841705e-07
696 1.0220141429276687e-05
698 3.3435626750458942e-06
707 2.5720315993425313e-06
708 8.47184173454983e-07
255 4.775481422364059e-06
