20 3.596072557936355e-06
31 8.224907364815802e-07
43 1.6366108120700835e-06
46 4.8407262358298294e-05
51 6.7104052634598875e-06
56 6.546656216305244e-07
88 4.647319360620045e-05
94 2.177495026293985e-06
130 1.274039667623799e-06
147 5.882154044523735e-07
170 5.790940906826774e-06
171 3.817975266967137e-06
178 5.80569347164716e-07
184 5.414502418193296e-06
186 3.7966461966233045e-06
222 1.6557379580077789e-06
227 1.3245189312698716e-06
229 4.709905544220256e-07
236 6.090187551806185e-07
237 2.0937018178991586e-06
248 1.704208338204645e-06
293 3.19549927878333e-06
299 5.801600997103239e-07
314 9.396468469212627e-06
318 1.4397931551206975e-05
320 4.5910612599644576e-07
327 1.9891923097546508e-05
331 4.8288651323582956e-06
333 1.340485367980065e-07
334 9.530723108997353e-06
335 5.8464676107315975e-06
336 1.4671297365008906e-06
340 3.253177882854174e-05
355 8.18347010133043e-06
373 8.967073141486051e-07
378 2.319633951501862e-06
416 3.800131384513133e-06
444 3.7442793763418335e-05
464 4.007506310132956e-06
467 6.178243850098144e-05
468 1.7413852111732876e-05
473 8.663362381842092e-06
490 1.1104516959025669e-05
494 1.0948792118339001e-05
495 4.160035643438936e-05
505 6.875908769633768e-05
509 1.0425916453940003e-05
521 5.809434109129759e-06
543 2.462011885678033e-05
546 2.215709348256305e-06
560 3.7974140459953347e-06
571 1.1404259193377747e-06
576 6.285727207563483e-06
578 7.765577007364853e-05
579 1.5651341539124236e-06
580 5.586667189885678e-06
583 1.0346527889207259e-05
585 2.4280441392193307e-06
586 4.013810140831091e-05
589 1.1389775202176375e-05
592 1.0689150923478952e-05
594 1.1066222963640178e-05
604 3.87163109722357e-06
634 5.039233957176467e-07
650 6.595525247451174e-06
654 6.896233823212087e-05
656 2.5675470376782894e-06
660 5.9141119543453934e-05
671 8.77542729971315e-06
673 3.882769159467886e-06
677 5.406310432312154e-06
678 3.480774761443018e-06
685 2.531253286679021e-06
688 3.6139295451693e-07
690 5.641181042019446e-06
697 1.76366384918734e-06
700 2.0393788675787056e-06
703 2.7365885086554494e-06
716 6.455620144405576e-07
