143 1.2383146103522243e-07
176 3.251126507419951e-06
533 7.722047022012077e-07
96 3.48465619965709e-05
342 8.868052502603277e-06
357 3.968085115267483e-06
435 9.571622338533565e-07
343 1.2755935416536124e-05
297 2.893338947926258e-05
30 2.5169982082126944e-05
128 2.5862559947409234e-06
302 1.6420129027390516e-06
25 4.844454421021365e-07
226 1.2666275320094955e-06
122 8.386380229891285e-06
283 6.248193339578097e-06
469 2.4832515101526244e-05
539 5.495008564872532e-07
523 2.66939437344528e-05
570 2.137153513778153e-06
135 2.2015187837755306e-07
359 1.3297994670704786e-05
370 2.997120867256739e-05
246 4.3595997025085113e-07
18 1.8154131027761961e-06
106 2.3872123887777743e-06
161 5.1357037600509366e-05
244 4.797975060966436e-07
153 0.00012469671115134122
573 5.021148966125171e-05
5 6.217152099189256e-05
80 6.050636276831337e-06
120 9.11654556424316e-06
124 2.01418723331005e-06
224 1.303338748114103e-05
276 1.3165085752663272e-06
412 1.1056774435575754e-05
446 7.27408538091426e-05
472 6.7827676795454255e-06
488 8.849330247303615e-05
515 9.419603346001609e-06
565 4.616129644064386e-06
591 2.999757109875295e-06
669 2.8766554460370012e-06
695 2.094459909655592e-06
701 1.449626301978093e-05
38 5.188708271501394e-05
115 9.451921119811293e-06
162 2.3800912653892513e-06
322 6.627908685529101e-06
426 8.15959316425815e-06
655 6.681393946447737e-05
658 6.171007630729082e-06
57 1.6306840286005015e-06
152 4.141415542033069e-06
512 1.725544545078163e-05
536 4.811547722459137e-07
166 7.429686164442374e-07
203 4.0450789292787413e-07
207 2.961592614745143e-07
513 1.1638200630038631e-06
159 3.740048836725636e-06
511 5.897285116816556e-07
91 1.688039913119531e-07
116 8.054273987387361e-07
117 1.5704755763513183e-06
131 1.1743160636696436e-06
183 2.8927454420913073e-06
191 5.2094365352299725e-06
230 3.7478787114029138e-06
286 3.936041099815295e-06
300 2.5684191264995937e-05
315 6.292863857304507e-06
356 2.5644921847180584e-06
362 1.0876216779067318e-08
375 4.078627053872039e-06
409 3.5133650493978504e-05
413 6.439003307889088e-05
420 1.91601882254023e-08
431 6.6114291425124685e-06
548 2.515239564754246e-05
569 1.5499147254247696e-06
574 9.379035858439093e-05
641 1.3602724800325101e-05
679 1.3531596097068373e-06
682 9.2308595804603e-07
164 1.918643713923566e-06
206 2.860529886298989e-06
326 2.1727053471959827e-06
329 2.348545075278629e-05
390 1.0206159760486018e-05
504 4.291699849426237e-06
587 2.4890135348727252e-05
13 7.668309418025916e-08
55 3.7778299028809595e-07
97 9.49495469193278e-08
103 1.4524032063432648e-08
107 3.7864874027068805e-09
134 3.792496826811e-09
217 8.629201583639046e-08
233 1.3819046491701886e-08
241 5.562595954519415e-08
265 4.176352247438521e-08
270 4.197142820401876e-08
275 3.4142547662813937e-08
298 2.4321618243121065e-07
346 1.5339188725140274e-08
351 1.0931596242596543e-08
368 4.822757711904572e-10
406 9.537435702913282e-06
506 4.97059638148076e-06
525 4.7014235700943534e-07
529 2.768137241449443e-07
598 1.405269822006934e-07
614 1.6547031250257298e-07
687 3.4349164518346714e-08
22 2.7693266913885265e-07
64 2.1989870481402795e-07
79 1.28387927510018e-07
118 1.137466278939276e-08
198 4.728119769798859e-08
254 4.8269029002369826e-08
260 4.4668742939046777e-08
319 2.164975240673277e-07
347 3.8085062103998295e-08
448 1.978014781957578e-07
551 8.483587431183035e-07
601 1.9354196150932604e-07
616 1.7750899316964742e-07
620 1.3428871585218269e-07
625 2.9212523032871805e-07
631 2.1370736836353212e-07
636 2.110184129167188e-07
640 1.4948067553406097e-07
645 1.6892068169687747e-07
651 1.2673629779844187e-07
54 4.923592293766579e-08
61 3.357667522010644e-08
83 2.110309354652213e-09
90 3.516566932272599e-08
95 2.9668313485118263e-08
98 4.609631173449099e-08
102 7.784611346362214e-08
104 5.426573795904494e-08
108 3.905855460592775e-09
133 7.036258904922696e-10
144 2.2595694797456838e-09
210 5.4435939458728886e-08
213 9.070078109833921e-08
218 1.8563571850431236e-09
232 2.55054674876271e-08
235 1.62714209175569e-08
239 2.3567392694761217e-08
264 1.5350688556680033e-07
266 1.692639656057464e-08
269 3.0633302902723934e-06
271 1.6516260960471792e-08
274 1.6592796840456894e-08
278 9.192244821829754e-09
282 2.708329788423924e-08
339 2.4858266886967257e-10
348 1.4844640506560495e-09
350 7.658209027880762e-07
361 8.812806400137206e-08
365 1.1549211883680254e-05
405 8.98029027713812e-05
454 1.6191918174481463e-07
481 0.0001721783554767946
507 5.409420881541523e-07
519 1.7810165895172777e-07
522 1.55796721371358e-07
526 2.8641069784575587e-06
528 5.827966009334432e-06
530 1.1883432282520141e-06
534 1.2667242328295886e-07
537 1.8181776004013896e-07
542 3.483846205630038e-07
606 3.0001828798077367e-07
611 7.84682294965764e-07
626 2.221900388352486e-07
648 2.558497225974687e-07
715 4.1769906842205904e-08
2 1.034380943937501e-07
7 2.010563447047535e-07
10 0.00017410216518291705
14 7.823749536398653e-08
63 5.98168129383354e-08
67 2.3135194784477146e-07
93 1.089868108213548e-07
101 3.1847592556046224e-08
111 4.08688789629078e-08
119 2.1883175579210685e-07
138 3.835269174164463e-09
169 3.7183056724072105e-06
173 1.50981553653184e-06
197 1.6972368247676663e-07
214 6.95895287131335e-08
259 2.75415136716603e-07
261 2.153049808909421e-08
268 3.7107370341423326e-08
279 1.4108739011876377e-07
287 5.755317139177663e-08
290 3.807336726027465e-08
294 6.461114057977628e-08
301 5.2259196635875873e-08
307 1.6445351333379216e-07
310 1.444054430545498e-07
338 1.5930837178904407e-07
345 2.2729426828059513e-08
367 6.387361418228419e-08
371 1.383575828112005e-07
436 2.606545700505347e-07
442 1.7075564462647542e-07
447 1.6654629728016772e-07
449 1.586022639531147e-06
452 2.4665358124200056e-07
462 5.149794990313166e-07
465 8.122571069661203e-08
492 6.898941891870519e-07
517 1.1863824468232433e-08
541 1.0941928686354805e-07
600 1.2092565982988274e-07
602 2.0855194517471858e-07
605 2.616248257109874e-07
610 2.0756964463645818e-07
615 1.3339706578488244e-07
617 1.4056369095369885e-07
619 1.9109813442237435e-07
621 1.1395530841007374e-07
623 2.1900870184647901e-07
628 1.2662689195712586e-07
630 1.9360937173365864e-07
632 1.7958390587437716e-07
635 1.9229650977179266e-07
637 1.7196840451060184e-07
639 2.1397663165816289e-07
642 2.38312642723896e-07
646 2.2897383332991332e-07
649 5.935192678522837e-07
681 6.329777697145778e-08
713 1.8910516628788974e-07
720 2.3795692305952467e-08
53 3.381386292092009e-08
66 2.0161608966287626e-09
92 1.1508481344102279e-07
100 7.938598762614432e-10
110 1.2541144623025652e-06
205 1.8334512493234712e-07
212 9.075087702543909e-08
220 4.3181358487014967e-07
238 1.5189100098668807e-08
262 3.708258186349773e-08
267 1.3250600985091164e-08
272 2.8235147297109388e-08
281 1.177895422923163e-07
337 2.910875328926274e-08
349 2.6087126414675965e-08
363 2.4916893427177438e-05
395 3.1377871483168057e-10
459 2.7810568922368952e-08
520 2.8458576631396433e-07
527 7.22890354896575e-07
531 6.898535468726543e-08
540 2.1367898767326797e-07
607 0.0001642496578287112
627 2.2900965740019285e-07
719 3.0737994595024325e-08
8 2.3515607353503902e-07
15 4.1924361107944323e-07
24 2.7988298347470756e-07
62 2.246110740693196e-07
99 4.631291599274448e-08
112 6.9465034611341156e-09
137 1.9692851147003925e-09
155 2.8084735798540438e-05
168 4.1832180375798755e-06
182 3.0160604810470844e-08
194 2.0410231747793994e-09
263 5.538899295815862e-08
280 9.767343692169941e-08
291 3.551044095983122e-08
303 5.084206161684562e-08
344 1.8807798419035008e-08
463 2.99368749930676e-07
563 7.56422470841606e-08
599 2.4462766918496145e-07
612 2.7750607442459226e-07
618 1.5819524078415567e-07
629 1.9451899353190336e-07
633 1.8253165001659333e-07
638 2.0808338728401592e-07
647 1.6938702854233762e-07
497 8.402635745599553e-05
597 1.8919536443366418e-06
247 4.795970947410559e-05
105 5.8970835172661565e-06
208 3.39560190448063e-07
389 1.3048931762856445e-06
516 3.228412282766381e-06
150 2.221612313574322e-08
209 9.792135294779515e-08
385 1.5954526990996184e-07
204 7.402270344648107e-08
510 7.357584812303887e-07
242 4.126369696033835e-08
148 2.5359161732731325e-07
12 1.1789799887591933e-05
622 3.1009491779214255e-07
109 7.816654747314879e-07
643 2.3337484193670156e-07
