328 1.486934756373541e-05
486 0.00035830660461115863
423 2.388002710967557e-06
547 9.464664728299813e-06
575 2.2118427541734957e-06
257 2.6428486995066177e-06
609 1.1497444096888519e-05
376 5.4821586639092876e-05
21 1.068578847639543e-05
482 1.431141362570657e-05
163 2.6864213850509745e-05
491 0.00010287566138959666
706 4.139387013052581e-06
566 2.37992750568773e-05
139 4.422664632747523e-07
313 3.818013368600754e-05
372 6.67443323715839e-05
429 3.46158707820016e-06
493 1.0174893291709264e-05
564 3.393605995353154e-05
518 1.9049411421207642e-05
289 2.4414196668264384e-05
308 9.383284020500032e-05
595 1.4170864191193509e-06
154 1.6409116064239779e-06
202 1.7002416538234915e-05
514 5.674088438517987e-06
188 3.0262868997312795e-05
250 2.4815846221932374e-06
383 5.095076237686892e-07
556 7.974333008287422e-06
419 3.568415841013666e-07
306 3.18457530740318e-06
321 9.426294863403587e-06
680 4.544373696774862e-06
499 0.0005080597328171757
185 1.442298618673657e-07
201 4.943547923295857e-06
552 3.2725903518617405e-06
52 6.178372029123346e-07
439 3.0075843991782497e-06
175 2.5838889324905186e-07
181 8.403874124423176e-08
193 4.4185453880008255e-08
256 1.4758423335727536e-06
316 4.2628605802402777e-07
438 1.7533302643322486e-06
476 1.6000877009336312e-07
644 5.459482851454796e-07
311 1.6827114881936487e-05
485 0.00014431948975187657
42 9.973264654837137e-05
65 2.6883539729919254e-06
221 7.535664276942281e-05
234 2.8183556496159593e-06
253 4.481572863136429e-07
285 7.724167571361764e-06
292 7.3162971128957656e-06
407 1.203962907673197e-05
455 5.2261284591652456e-05
480 9.312205913744705e-05
489 0.0003698622104206685
559 6.3864688639936e-07
199 1.6896673910056934e-06
553 1.4971192274110175e-05
561 1.769332640294695e-07
568 3.951796835146024e-07
27 1.471617285396547e-05
151 8.188922263166505e-07
157 1.8340596435442532e-06
172 1.3010464530341606e-05
190 9.149581640068787e-07
273 1.166629248290663e-06
382 8.332656150149294e-07
401 1.7100067079851408e-06
408 5.682751057079281e-06
427 1.1778313045463256e-08
535 2.3163721189033783e-06
16 3.28393061006962e-07
28 3.928034825132708e-05
69 1.867072766477343e-05
391 4.586877534797521e-06
393 3.161580096028208e-06
396 2.127558877546102e-06
398 6.294930688202222e-07
402 1.669988100572161e-06
410 1.1174672103688083e-06
418 3.632928737964184e-09
421 1.6270927259898832e-08
425 1.4472181123727815e-08
428 1.6886206777138997e-08
487 9.697454279868978e-06
369 2.982760536814259e-07
384 6.848073106111931e-06
388 3.9112021912944905e-07
403 1.2233341956113044e-06
411 8.955428894696656e-06
424 9.923329167404023e-09
177 2.627054016748274e-07
364 2.070971175106906e-05
4 3.189145346174933e-07
70 2.9431586726813473e-07
75 2.856289963808604e-07
85 1.3007122862441427e-07
140 3.673617312254628e-09
180 2.9025810733498637e-08
288 6.1433343884363714e-09
386 1.1833705678979405e-07
397 4.9038488688970963e-08
433 4.530986891374593e-07
453 2.1656103514806628e-07
461 7.115440619436283e-07
712 1.414841113010303e-07
23 2.188368962997793e-07
26 2.2714690289415353e-07
50 2.1138594486123668e-08
58 4.866777599394693e-07
71 2.1119791139479947e-07
76 4.965168948189678e-08
78 3.347135037517973e-07
132 9.788535211066435e-08
142 3.4142376159938552e-09
156 1.6387005176271884e-07
200 3.975696344139541e-08
404 1.004915953939329e-07
458 1.8608423665307547e-07
470 1.9182287682182462e-07
479 5.302968028742641e-09
699 4.4363072238684476e-08
72 2.2617004183313317e-07
77 4.965168948189523e-08
121 4.463643333627195e-08
146 5.539225418095547e-10
174 6.932655792116191e-07
430 2.897367124855378e-07
437 2.0468889107518269e-07
451 2.715921020415178e-06
474 1.452939239536075e-07
714 3.096234671162681e-06
352 1.8809549353388994e-05
379 2.3964307632916316e-05
665 1.3271639645035239e-05
3 0.0001760437515382788
0 0.0002658945531623453
1 0.00012713855473723255
6 4.8312265369956814e-06
29 0.000210835526664381
34 4.2497145146666784e-05
60 7.481915271882604e-07
86 7.31669163202481e-08
89 4.942487162024533e-07
114 3.1187498610740025e-06
125 5.243443537887836e-06
145 1.2018968039137486e-05
158 4.371156102401281e-06
160 4.530170982322069e-06
189 9.118529391973849e-08
195 4.0875525760804595e-08
225 4.3177967673069275e-05
445 1.304028082388933e-06
544 4.331046310688394e-05
667 1.3226867633623686e-05
127 2.3527698614710262e-07
240 2.978052077959992e-09
295 2.871695948619531e-07
309 1.4208161919997805e-06
392 2.656930813255155e-07
422 8.99455606035307e-09
466 1.571290657270963e-07
477 1.1503201232298484e-07
718 1.5062057212041395e-09
149 2.011945722582063e-05
252 4.16000156509669e-05
74 3.902958273337931e-07
81 2.2278579052828484e-07
84 2.3411501488527445e-07
126 5.0987993333330805e-08
216 1.6666384360070693e-07
387 7.906019631664614e-07
400 7.802308052686817e-09
415 2.8548762976144886e-08
456 2.3840589092917169e-07
532 4.842727645109261e-07
709 3.9196348763423987e-10
711 2.0786158507653844e-07
165 6.19529601612518e-06
45 2.632005559532254e-08
68 4.80703461196474e-08
82 1.685363438533633e-07
215 4.759737750093583e-09
394 9.016616462543686e-09
399 3.965086285441782e-07
443 6.318206915625958e-06
457 3.4106474489364203e-09
484 0.0001217735174961109
524 3.104533197584779e-05
603 1.0353288339360862e-05
710 2.3113367859598426e-06
