49 2.2198565453352738e-06
353 2.9366552871724033e-06
440 8.08530051677126e-06
555 4.754474931198586e-06
11 1.1534569453697247e-05
9 2.619141490162389e-05
129 2.4714780450407836e-06
141 2.5012495169675415e-06
323 1.169685722570111e-06
702 2.43465959746874e-06
704 4.405415191596954e-06
40 4.181169666563944e-06
251 8.272849200384375e-06
312 2.0567693106170668e-05
593 1.0545282055061502e-05
662 1.5820455540014396e-05
675 3.0251771231897524e-05
693 3.90556113722594e-06
19 3.719587031532216e-06
434 2.327386034135383e-05
588 3.833287480264612e-06
590 1.013342638414277e-05
608 1.2075464070227017e-06
32 8.342166568684138e-06
35 1.5787505380471507e-06
36 5.640329048190416e-06
44 3.480682168878692e-06
123 1.0530592710863464e-06
192 1.1109083484120397e-05
258 5.884501728704e-05
304 2.187905031547034e-06
332 2.3130178890152932e-05
500 5.037058212253173e-06
502 7.53116512308569e-06
503 3.823359829411252e-05
549 0.0001285950577393398
562 2.2671941183467575e-05
659 2.994830487002894e-05
666 5.5491546937396055e-06
705 3.6893913038322303e-06
87 0.00015738591931719055
554 7.79144262255791e-06
211 5.2527537220021375e-06
417 1.0853545666332575e-06
584 3.8074356441387545e-06
113 1.9594443893247637e-06
245 3.310859360480337e-05
432 2.0824203083701116e-06
596 3.377433586899251e-06
717 1.8822027630330952e-06
249 7.917575726476193e-07
508 1.1178728983110933e-05
545 1.8293259096451008e-06
692 1.2675786142670545e-06
47 6.852543121352608e-06
48 6.807492920978713e-06
243 4.9007236191499654e-05
