9 3.0478908270106087e-05
20 3.7721613132486556e-06
31 7.307044462954629e-07
43 1.7837202126669849e-06
46 4.723625245784417e-05
49 2.6609914413904227e-06
51 4.20938121319223e-06
56 6.538963524802828e-07
88 4.6234929304336505e-05
94 1.9315506223331665e-06
96 3.60667657977657e-05
129 3.243268936277738e-06
130 1.6626934561964032e-06
147 5.157095199784314e-07
171 3.335769909909431e-06
178 6.6935930268651e-07
184 4.834230304592845e-06
222 1.6899076557590712e-06
224 1.4777703220747195e-05
227 1.518030637337492e-06
229 3.065357418566828e-07
236 5.138476877124771e-07
237 2.153542859989915e-06
248 1.3984519645935309e-06
293 3.702927947392761e-06
299 5.59187300245726e-07
314 9.060605620928837e-06
318 1.4054866162593833e-05
320 4.027926784890251e-07
323 1.5445668925857736e-06
327 2.0480319714556855e-05
331 4.871419106644817e-06
333 7.537111645544478e-08
334 9.307155146138643e-06
335 4.306573545691795e-06
336 1.5677167249850145e-06
340 3.305858090507955e-05
353 3.270568147398527e-06
355 8.013424854790054e-06
373 8.67968600935676e-07
378 2.4392623626112873e-06
416 4.318250962665946e-06
444 3.727453131726953e-05
464 4.2240860950772545e-06
467 5.4335877320576946e-05
473 5.295756163026198e-06
490 1.2048988714194879e-05
494 1.0784172595630319e-05
495 5.056623138911318e-05
505 7.09950257093725e-05
509 1.0499198189266123e-05
521 9.572253647785427e-06
543 2.8089379021524877e-05
546 1.8593304878027828e-06
555 6.684172228453254e-06
560 4.182701728073039e-06
571 1.217475218204806e-06
576 6.527486079605106e-06
578 8.310759893267165e-05
579 1.2389802532186994e-06
580 4.530938388623187e-06
583 1.1691304621283492e-05
585 2.9132700052144802e-06
586 4.2112797743338225e-05
589 1.3997438108477336e-05
592 1.1602296433487681e-05
594 9.12056540997243e-06
604 4.645870111676602e-06
634 5.156582313201709e-07
650 6.103882590813697e-06
654 8.514519032996607e-05
656 1.342651479225727e-06
671 1.0799576285853364e-05
673 5.321260050212869e-06
677 7.71495177326371e-06
678 2.8192779672238607e-06
685 2.868865232323353e-06
688 4.1097961071144204e-07
690 4.1048242089427e-06
695 1.701648775029429e-06
697 2.3740101915102898e-06
700 2.2039135261675693e-06
702 2.7426961980220364e-06
703 2.547759687338445e-06
704 6.320436077162385e-06
716 5.289866658890021e-07
170 6.14671017036157e-06
186 4.401067931864039e-06
468 1.8807597248781963e-05
469 2.0022114948275713e-05
660 6.271064295616144e-05
