570 2.0218662020882194e-06
11 1.0384767851544127e-05
17 7.44941144610994e-06
33 2.3203802323231915e-05
37 2.0700914789622198e-05
39 3.570868034538579e-06
41 2.6468197345235447e-05
59 4.95716230312098e-06
73 5.52818989140036e-05
136 3.548909992983967e-07
179 1.0701341958087115e-06
187 3.2119546981990155e-07
196 4.767349388969276e-06
219 1.3413217090858597e-05
223 8.915400790427539e-06
228 7.1791194882936705e-06
277 1.5585659367477028e-05
296 2.7914622147799863e-06
317 2.236544677125978e-05
324 1.8127229185862702e-05
325 1.3365913970121938e-05
330 3.5003132784762547e-06
341 4.2013271025116165e-06
354 2.185445798337294e-06
358 1.6905188652006314e-05
360 3.631190667409279e-05
374 3.2692767543219673e-06
376 5.950613120055026e-05
377 1.414635324267417e-06
380 4.213482094632903e-06
381 1.7230341502131921e-06
414 1.7838865622801863e-05
441 6.903803608766862e-06
450 3.317070014523899e-06
460 2.8650845969434748e-06
471 2.062020411666983e-05
475 1.4507947060549817e-05
480 0.00010635270333503079
483 2.455348083226369e-05
496 6.482785560163615e-06
498 1.709900345222216e-05
501 0.000106744992368052
538 1.4621060335203765e-05
550 1.4783781615616216e-05
557 1.003174942218472e-06
558 2.8798839751634902e-06
567 1.014298943095218e-05
572 1.2421803341613466e-07
577 3.571850590284118e-06
581 2.3475667548482396e-06
582 2.5005087183576004e-05
613 2.293372290498712e-05
624 2.8900363620287697e-06
652 2.9860210890203525e-07
653 3.3218370437644967e-06
657 1.159181061202722e-05
661 1.0477163803420948e-05
663 7.02190542672562e-06
664 2.6739091831858936e-06
668 1.8895506624283423e-05
670 3.008505425583877e-05
672 0.00011354743228582781
674 5.935747457089968e-06
676 1.6388107893875745e-05
683 2.5874126314609297e-06
684 2.629905745678511e-06
686 3.2310609742707617e-06
689 1.010111296342771e-06
691 1.0604950666705316e-05
694 6.995935611399889e-07
696 1.1520704580603229e-05
707 2.376568267892843e-06
708 6.404951358671782e-07
167 2.751602194097763e-07
231 2.251422500848966e-06
255 3.86632024583011e-06
284 2.331517759990718e-06
305 4.319281894002494e-06
366 4.99004695973142e-06
478 1.3095394610991489e-05
19 3.8701898488436095e-06
698 3.0876310320917424e-06
608 1.2029239156901728e-06
