30 2.5396152787458482e-05
343 1.3124774124330336e-05
440 8.655896192769481e-06
574 8.342882057455603e-05
669 2.826268004062434e-06
523 2.8315459356998835e-05
141 4.292969958279586e-06
662 3.325397891167945e-05
658 7.06553369416816e-06
122 9.58529144930436e-06
258 5.216465176234734e-05
372 7.637499474313077e-05
564 3.591382118373296e-05
47 6.568630689297517e-06
128 2.9661761579702147e-06
500 5.42035066236899e-06
675 4.3112401102830125e-05
701 1.3783253309222603e-05
221 8.177686737239786e-05
426 8.555213052293657e-06
429 3.4445813791210337e-06
32 8.830984437605447e-06
120 7.66419832635036e-06
251 2.0124996625818404e-05
283 5.984387377272723e-06
297 3.1715747883895815e-05
302 1.6694642387276506e-06
472 6.6646038780964775e-06
539 5.594788420185193e-07
115 1.0422660809531998e-05
206 2.3083993046958856e-06
234 2.965550114511565e-06
292 9.055224750094987e-06
306 3.1316642676044568e-06
321 7.436234832075998e-06
322 6.755317140633173e-06
489 0.00040503963588632824
493 9.897222830382549e-06
552 3.288258045608117e-06
544 4.3109829071312705e-05
249 9.082760079696927e-07
588 2.7630229912835897e-06
25 5.743414621245416e-07
48 6.2697099059097965e-06
80 4.488249573760702e-06
123 4.214592495933884e-06
124 2.897636486018903e-06
312 3.9697013813455706e-05
342 9.066661586339161e-06
370 3.342530470982863e-05
379 2.434251968999385e-05
412 1.1765791874351197e-05
435 7.931579076510104e-07
486 0.00038532809568517684
488 9.293081521585248e-05
515 1.2631088170988942e-05
533 7.59456224191898e-07
562 3.026027398220642e-05
565 6.056725609386462e-06
591 2.842211257308501e-06
679 1.710628430683565e-06
682 7.170881090885583e-07
693 4.2350027778042e-06
34 4.524107150585298e-05
485 0.00016959410300198635
42 0.00011545698840796435
247 4.969674406226368e-05
6 7.633635174544656e-06
21 6.975442483134878e-06
100 2.6092464896237587e-09
101 2.0266559463330712e-08
131 1.2704630964889084e-06
162 2.554618619965192e-06
182 4.6377546157459376e-08
201 5.640279537427706e-06
285 8.996886772567012e-06
294 6.079687100869763e-08
390 1.0375715645806485e-05
407 1.5534173480652008e-05
476 8.667444418188079e-08
479 4.686242834409751e-08
482 9.380564739955256e-06
553 1.6380749570433425e-05
559 5.957034125053368e-07
590 1.2674993361071523e-05
595 1.1518704088355692e-06
616 1.352919513795407e-07
641 1.2063459431507742e-05
680 3.0306633966658588e-06
575 2.1606409533769554e-06
1 0.00013163611424188727
3 0.000163741588432939
36 6.242945916161767e-06
40 6.064329040642525e-06
44 4.825480021248565e-06
113 5.210890167592987e-06
116 7.736778988164236e-07
143 1.059278549597917e-07
149 2.050027672204614e-05
176 3.1509551213489726e-06
183 3.2672283462247165e-06
192 1.3506497870683575e-05
226 1.1137708924892358e-06
242 1.7641221814430583e-08
246 3.010377330561734e-07
252 3.889521485346615e-05
269 3.2255564218306986e-06
276 1.4681611696438529e-06
300 2.468803012922384e-05
304 2.139171584588844e-06
315 7.360559655449353e-06
326 2.0927184259064385e-06
332 1.8399470409300137e-05
356 2.5230938624447834e-06
375 3.845830539860707e-06
409 3.815225356385804e-05
420 1.824569594408468e-08
431 7.094541958163342e-06
432 5.6856167509894635e-06
446 8.038428982417334e-05
497 8.05183870043149e-05
502 1.1791275164436642e-05
504 2.5360854421611464e-06
512 2.056994604778347e-05
520 3.454173715370468e-07
545 3.586041722439709e-06
547 5.523327985125389e-06
549 0.00013038519565306754
569 1.8292764698057118e-06
593 1.0468389550857451e-05
659 4.24687076220465e-05
665 1.3108407768107373e-05
692 2.3887303584814187e-06
29 0.00020207825401361327
91 4.1220465864008565e-07
10 0.00018146064239320204
58 7.160998976576137e-07
60 9.562505279864792e-07
65 3.4997782852983142e-06
69 1.9424341066502097e-05
70 7.661345730960735e-07
72 5.22879404541588e-07
81 6.389650341227819e-07
82 5.001638507921303e-07
86 2.055353088996261e-07
92 2.372415691861649e-07
111 3.647817678304578e-08
112 8.669598380960481e-09
114 2.9002112676588033e-06
117 1.591813344884425e-06
132 7.443392225964876e-08
139 4.845469710483293e-07
140 8.539197268707386e-09
145 1.0877053828259537e-05
164 1.837704784762351e-06
168 4.248120169991644e-06
169 3.7919058824309844e-06
180 1.9316135112414397e-08
181 1.0420714489136589e-07
185 1.9249830097390258e-07
189 1.870374769437134e-07
191 5.724387813551039e-06
209 1.8261790621466582e-08
245 2.594168689827808e-05
253 3.406920161293443e-07
266 5.1116031959365384e-08
275 1.9706820819036928e-08
279 1.041475890222821e-07
280 5.755798729333835e-08
289 2.20168938805307e-05
307 1.647942937072986e-07
339 6.742347345480493e-10
352 1.9598415407370653e-05
364 2.2166599505323315e-05
367 6.762748368515093e-08
413 7.010589012675616e-05
433 6.808923132398185e-07
436 3.810257360214605e-07
445 1.0431345475359835e-06
454 1.0009125085760475e-07
455 5.07497606551058e-05
466 4.991982362696707e-07
474 1.299330728323418e-07
499 0.0005035184229681442
518 2.2228733000243203e-05
534 1.3250323504138252e-07
561 2.2738128192258556e-07
568 3.863687494388491e-07
587 2.691789970727165e-05
609 1.2593173189414852e-05
615 1.262547753049146e-07
617 1.4105682133520855e-07
618 6.460262246670518e-08
642 1.1489281494385952e-07
644 4.487428573772375e-07
645 1.5680505427680297e-07
655 7.489264525956917e-05
710 2.4673468012244183e-06
712 4.842187193150306e-07
0 0.0002712877415991528
7 5.5867641010870056e-08
8 6.874413099378239e-08
14 3.319025190184102e-08
18 1.2862637213236465e-06
35 1.2036398968273982e-06
54 1.2493704140277887e-09
57 3.343966488843385e-06
63 1.3886588042507318e-08
66 2.3108679537922575e-10
67 4.430798412705564e-08
87 0.00017644951487308245
90 1.037738405278419e-07
97 3.0058216318215885e-07
98 2.0193450578100969e-07
102 2.4147356880779973e-07
105 5.7091484318743795e-06
106 2.3137857215780453e-06
110 1.074681688113985e-06
133 3.551864720178962e-09
135 2.1134313379745698e-07
148 9.1910239034247e-08
152 3.797431144454097e-06
154 1.1910986656489484e-06
172 9.86862591134358e-06
194 1.0555133917881552e-09
202 1.4114724329881243e-05
203 3.1411727009373696e-07
207 1.610782976254777e-07
208 1.6489898212448892e-07
211 7.1417450775169684e-06
212 2.9266622533674685e-08
213 7.019843447564028e-09
216 5.7466878883290486e-08
217 2.6467035273366274e-08
220 3.679040997533004e-07
235 3.24306080199148e-11
238 2.0522944800233616e-08
243 5.78769383554173e-05
244 3.5795654265611655e-07
257 1.9616489472552565e-06
260 7.969383458268018e-09
270 8.214132261826071e-08
271 4.310440594759253e-08
272 3.734581349313495e-08
286 3.1347584199561804e-06
298 2.386558851048764e-07
303 5.675070540456632e-09
319 5.8853070205864343e-08
328 1.1132043450676572e-05
348 4.382936773768458e-09
349 3.2254007006156955e-08
350 6.207165781987393e-07
357 3.4303912411848494e-06
359 1.1882891588687398e-05
362 1.4140839354177887e-08
365 1.0145086184381053e-05
368 6.074678775058414e-11
404 4.474687340997673e-09
406 8.630735667484156e-06
423 1.7275089794423812e-06
459 1.2629025817224023e-08
484 0.00012014528259959268
492 3.798319738951896e-07
503 4.26531338213966e-05
506 4.711856946736029e-06
508 3.029163800423201e-05
511 3.053019527094093e-07
513 9.675508522519733e-07
516 2.8388902396482617e-06
517 5.8165253852732455e-09
519 1.606150616852577e-07
525 4.1867188233299817e-07
527 7.173396952489643e-07
528 7.010426073385883e-06
536 2.532472070640168e-07
542 2.1898898305443023e-07
551 7.043728461721079e-07
563 3.778803063798359e-08
566 2.4400602756486772e-05
597 1.2847685466002323e-06
598 1.7922034709788038e-07
599 1.3180282729106822e-07
600 2.131476567465182e-07
601 1.197225281048055e-07
602 2.404613484809294e-07
603 1.0131251809932015e-05
607 0.00014529595516218053
636 7.213073531133009e-08
666 5.969873565990876e-06
681 1.0476580637780167e-07
715 2.0170024324110967e-07
717 2.19180754814173e-06
719 1.0625319547358443e-08
2 5.774883369556576e-08
4 2.8478678593385317e-07
5 6.55196130913546e-05
12 1.3331419133423847e-05
13 4.560714238207724e-08
15 2.3939286204335404e-07
16 3.7354148116772525e-07
22 9.899423112295207e-08
23 7.650999971996616e-08
24 1.3488668360887116e-07
26 3.032630980180531e-07
27 1.3860893116133601e-05
28 3.7466745338849637e-05
38 5.571136483583677e-05
45 1.047494681008214e-07
50 1.8798067249391503e-08
52 4.3624810764497294e-07
53 6.752230453301101e-08
55 2.824814374177997e-07
61 6.966180774549303e-08
62 1.8100819126711608e-07
64 1.2333644374186375e-07
68 2.566773686087479e-07
71 2.0870330082594827e-07
74 5.741537528936714e-07
75 1.715234836514791e-07
76 5.139444006348581e-09
77 6.287141646260983e-09
78 1.7208241486152633e-07
79 6.649195343084691e-08
83 2.3573619224113577e-09
84 8.437382019611315e-07
85 3.034738992316925e-07
89 1.1183427014585681e-06
93 6.61461103375219e-08
95 1.9155366743817536e-07
99 2.688909869190191e-08
103 4.3882154475064654e-08
104 3.783782459816081e-08
107 5.722459435920913e-10
108 8.915273198978748e-09
109 7.814820597715116e-07
118 3.0825985161536343e-09
119 2.1645244891614556e-07
121 2.0078855810001296e-08
125 5.369364158527674e-06
126 2.640620088902209e-08
127 1.9540926381178267e-07
134 1.7738885880961585e-09
137 3.792671844145195e-09
138 1.0803505599680752e-10
142 2.8455589281685223e-09
144 1.0943556054917028e-08
146 1.1884929926845243e-09
150 3.3505455904962622e-09
151 5.175158763871888e-07
153 0.00011768389613294281
155 2.7826315925352608e-05
156 3.227579983994355e-08
157 1.819627090824742e-06
158 4.676560571324698e-06
159 3.5345299431531076e-06
160 4.922406944219586e-06
161 4.644003454050355e-05
163 2.7262475537185825e-05
165 6.14254918564549e-06
166 6.133173053796015e-07
173 9.228248834856715e-07
174 7.4655869606838e-07
175 2.8193476260840767e-07
177 3.719879245677329e-07
188 2.644301716942755e-05
190 7.492363233170744e-07
193 7.585877135212868e-08
195 9.55389696173442e-08
197 1.8959515744388874e-07
198 5.622974698871719e-09
199 2.4422772166287803e-06
200 2.327317577539842e-08
204 4.532140526132153e-09
205 7.518433980464502e-08
210 8.025130458189429e-09
214 7.347863115103399e-08
215 3.915258776359674e-09
218 2.724733057983658e-09
225 4.7839962312617207e-05
230 4.500404805880818e-06
232 6.185008951100616e-09
233 1.0404401774047576e-09
239 1.295444136273079e-08
240 7.460928594026191e-09
241 5.315728964804934e-08
250 2.170673259547241e-06
254 1.4895188890248619e-08
256 1.139627821401767e-06
259 2.322864079803925e-07
261 1.3371240744487934e-08
262 1.717110065282686e-08
263 6.745470968937913e-09
264 1.8267703588262698e-07
265 1.4260652126005022e-07
267 1.961887081509865e-08
268 3.5554979795530534e-10
273 9.997858240700443e-07
274 2.3473653547990775e-08
278 8.543725364656662e-08
281 2.264764572386375e-07
282 1.0993805199470434e-08
287 3.5276439104502475e-09
288 2.7568468879548282e-09
290 3.916806826551175e-08
291 6.856666548584587e-08
295 3.47735434119819e-07
301 3.13200668507336e-08
308 8.913904576632301e-05
309 1.4028764707350579e-06
310 6.034416144936665e-08
311 1.6247188047190526e-05
313 3.394212573523435e-05
316 4.8760802678373e-07
329 2.6964149793771006e-05
337 2.559846979996841e-08
338 1.5472981303309394e-07
344 9.852011102238106e-09
345 1.0633506799199796e-08
346 7.732844039810053e-09
347 6.327913530275796e-09
351 2.1916916177541315e-09
361 9.943890416431012e-08
363 2.606554465451697e-05
369 3.0045696086916096e-07
371 1.9659884108240405e-07
382 7.37582267603494e-07
383 5.282966015285456e-07
384 3.40951147951061e-06
385 3.495437049019585e-08
386 2.290055203146962e-08
387 6.54764772795306e-07
388 3.979322822290033e-07
389 6.063154217332215e-07
391 4.7402088025602914e-06
392 2.0036001391450695e-07
393 3.16686492669612e-06
394 5.588660265195653e-09
395 7.82961243918858e-09
396 2.169958184078998e-06
397 6.544165648916608e-09
398 4.643489948583552e-07
399 3.8867652843254083e-07
400 4.929480220926947e-10
401 3.2563119059646354e-06
402 1.5674695447544485e-06
403 1.1080816768948791e-06
405 9.675304866009941e-05
408 3.6982758494073405e-06
410 2.015251252732088e-06
411 4.724272785429515e-06
415 1.672312791929515e-08
417 1.2245368173299627e-06
418 5.0073895105516175e-09
419 3.1889194293264264e-07
421 1.2656885854919342e-08
422 1.6118013552475602e-09
424 2.3768161975893617e-09
425 4.0831313358872885e-09
427 3.7985738351789314e-09
428 2.1199718883378268e-08
430 1.3964898375525042e-07
434 2.348953184337607e-05
437 5.5197272285353715e-08
438 1.6775439310508733e-06
439 2.419735210050622e-06
442 4.2666293139744763e-08
443 6.198976081994106e-06
447 4.6092853379703275e-08
448 4.68775770872258e-08
449 1.7689987186041983e-06
451 2.977006385070921e-06
452 1.0288677749058866e-07
453 3.05991573892631e-07
456 4.844471533838188e-07
457 6.2791070276230205e-09
458 2.709199198865157e-07
461 8.794216228049101e-07
462 4.3669888536657073e-07
463 2.0217619618271434e-07
465 1.7447906876939313e-08
470 1.077769339331116e-07
477 1.4973591599578611e-07
481 0.00015886262590168027
487 3.3268447713772993e-06
491 8.027355420866836e-05
507 3.744418342364477e-07
510 4.350322970166837e-07
514 5.517421730443785e-06
522 2.5990433853483403e-08
524 3.3401975425254316e-05
526 1.8504985484180524e-06
529 2.0660672019134814e-07
530 1.2124685027289577e-06
531 1.8572586812774816e-08
532 1.9807212023615621e-07
535 2.3688136766404286e-06
537 3.0012144239991106e-08
540 1.1079753966654989e-07
541 1.512856347872975e-08
548 1.9963757187475953e-05
554 1.4176680903434201e-05
556 7.26954277132412e-06
573 5.145625086794372e-05
584 4.446242327066006e-06
596 4.611008194086955e-06
605 4.948378291538004e-08
606 5.602899609001629e-07
610 1.8543572671024997e-07
611 1.1937126308049066e-06
612 2.106628535249902e-07
614 1.7193438507355462e-07
619 1.2577124422595078e-07
620 4.977186977990585e-08
621 3.0895331593075254e-08
622 1.2960390326952903e-07
623 1.2002682709754117e-07
625 1.6346710191931616e-07
626 1.9454427558394874e-07
627 2.9996331996980753e-07
628 5.813347160465102e-09
629 8.96419206485168e-09
630 1.0635689707263018e-07
631 4.63599299839805e-08
632 1.300426823500088e-07
633 7.811228471293105e-09
635 1.0024618445497397e-08
637 4.434867460552125e-08
638 3.2864349636633517e-09
639 5.758394318098597e-08
640 8.599970497942846e-08
643 5.701245767610809e-08
646 6.271938665239046e-08
647 5.396187077191226e-08
648 3.408523832507213e-07
649 2.890931300404889e-07
651 1.1823927946443036e-07
667 1.2937389706237166e-05
687 2.0893287853541068e-07
699 1.4118946309277122e-07
705 6.331229544120821e-06
706 3.816122484593496e-06
709 1.059485821013413e-09
711 3.693455293994802e-07
713 1.5995391687907707e-08
714 2.727148336670314e-06
718 8.088167045535606e-10
720 2.8281486924312957e-09
