16
-0.0012520765467312308 -0.01654686939197656
-0.00122961003100527 -0.01591407479596115
-0.0002514387380778264 -0.016118918028443986
0.0010400496673829461 -0.016660761038845395
-0.002260353293594629 -0.015425309756216211
-0.0014130332328132172 -0.015385409776411584
-9.120433936171561e-05 -0.01571288965094139
0.0009247842655458527 -0.016009908855689443
-0.003321282456904717 -0.013503231598416331
-0.0016347919587349359 -0.014316810108682685
0.000714392969222437 -0.015066565536328862
0.0022040620119218126 -0.015233481099288971
-0.003954784762028466 -0.01203640376903691
-0.0016007251950054934 -0.013668634398515067
0.0017063711670828358 -0.01453868369541675
0.0042763952532159704 -0.014600031711179953
