16
-0.003950400133374623 0.012672215870858575
-0.003439835256694068 0.013200260349363545
-0.0022912077447584164 0.01455925852408011
-0.001434728558862535 0.015364768629603738
-0.004521520861291876 0.012940602571785772
-0.0038650787978152805 0.013528734196408345
-0.003272863437405736 0.014575424035199895
-0.002659952585275296 0.015080458234639913
-0.006477695182318324 0.013082960585477062
-0.005323936569742613 0.014004161682672885
-0.004616100548885788 0.015120238564546112
-0.004551351295159813 0.015662763343820888
-0.008669228709257557 0.012280983355030174
-0.006558170040260141 0.014063844827567075
-0.005207259535185886 0.015969958435394546
-0.004865943414617853 0.017672178421912346
