16
0.00044340694671360245 0.00014763906471232691
0.00047285283279118465 -1.4050595650938578e-05
6.0807203203078295e-05 -0.0002864908445738416
0.0004779806636623473 9.765898310550052e-05
-0.00022645762826833105 -7.823195407132382e-05
7.013446177929097e-05 -3.2540696137562976e-05
0.00019725978261629987 -3.9971858398627245e-05
0.0007064527294600911 0.000147734740278418
-0.0001360528671710139 -0.0003742796977763184
0.00014910613595971411 -0.00015489285438553913
0.00025831193419152736 6.50827335989459e-05
0.0004410199707743782 0.00022687883810427055
0.0008100683498236792 0.00042709956135182105
0.00041806795111241115 0.00011212228987425434
0.0002124394719617278 0.00041123102476845207
2.4356642213840428e-05 0.00043838402392114956
