366 6.933022394685765e-06
11 1.1547790860525695e-05
255 4.367195822342854e-06
9 2.8429170766011535e-05
675 3.2559858407849466e-05
312 2.3535266590710154e-05
19 3.662424126740759e-06
434 2.3252939089304092e-05
588 3.950603361941072e-06
590 1.0497432855815749e-05
608 1.2062272074372309e-06
502 7.918248280488146e-06
562 2.4239720147705167e-05
659 3.228115090027767e-05
666 5.928811864406818e-06
705 2.8589454101602972e-06
245 3.478410713607312e-05
44 3.7315740348452775e-06
554 8.593655965173141e-06
211 5.3435603877938405e-06
417 1.0854287736298688e-06
508 1.0822073843569538e-05
545 1.8175029991703573e-06
596 3.482731594302145e-06
717 1.9643189705709544e-06
123 1.3654079140182015e-06
192 1.2256079817789479e-05
258 6.326130498332426e-05
503 4.0734412803695395e-05
549 0.0001388738356857085
87 0.00016834398263144268
113 1.9007320182913812e-06
432 1.9407130875965895e-06
584 3.992176112139331e-06
692 1.2339194717953626e-06
40 4.490894238685704e-06
304 2.394523002132605e-06
36 6.028550167411933e-06
251 8.934765970094197e-06
35 1.7023481465903709e-06
249 7.258298326259222e-07
32 8.961851503692635e-06
500 5.345664003961369e-06
141 3.0718560768460763e-06
662 1.7730679594571957e-05
693 4.231382728057072e-06
48 7.2528574428406286e-06
47 7.298016362392598e-06
129 3.0207950859193948e-06
