318 6.712910516280596e-06
331 3.446579859491073e-06
335 4.673551806659644e-06
468 1.2363908645334259e-05
654 6.273639881202488e-05
678 7.511520676141323e-07
688 6.048464746533811e-08
701 1.5060369491580849e-05
170 5.775809520487922e-06
186 1.31312295885124e-06
224 8.89569372825585e-06
446 7.954869988671012e-05
469 2.4117831338731098e-05
473 8.016251488766372e-06
580 5.476558572453418e-06
650 4.618632176796156e-06
695 1.3785968324221737e-06
115 5.0179184261537e-06
206 2.35633285275412e-06
322 3.9392705338839046e-06
587 2.1372844465663085e-05
658 3.5453772370252703e-06
131 5.320395071738996e-07
191 5.005415893407671e-06
413 6.810573980722858e-05
390 8.839582511193545e-06
504 4.411296987668648e-06
230 2.3669435084624177e-06
51 6.179554578485777e-06
88 5.440252361871378e-05
178 7.014639767185882e-07
333 2.6032912526932763e-07
494 1.1714871899025047e-05
579 1.4510951613670483e-06
236 4.2102090202570304e-07
327 2.6453065753558386e-05
467 6.321520229519937e-05
589 1.2968979743413558e-05
660 5.34534261368712e-05
690 4.490617105745524e-06
426 8.37195585023692e-06
570 1.5551515181141816e-06
655 6.582185151094104e-05
31 8.291347739441252e-07
94 3.075659193820081e-06
222 3.780839446955258e-06
237 2.8768579596836246e-06
130 4.3716548009378945e-06
509 1.2482119765872518e-05
685 2.95276886416365e-06
317 1.7777384879411683e-05
546 3.555276437469462e-06
56 1.1083746342006493e-06
684 2.2207401596638467e-06
