17 9.213560877343327e-06
33 2.2525628374113436e-05
37 2.397641518727637e-05
39 3.6385614102818487e-06
41 2.9591253122146678e-05
59 3.244152397229348e-06
73 5.727046227366314e-05
136 2.763086156112475e-07
167 3.7274115617613605e-07
179 1.1541371977469133e-06
187 4.1402932782739306e-07
196 5.757392959613521e-06
219 1.352098498613479e-05
223 8.90784514726808e-06
228 6.793742859582574e-06
231 3.4931526658042544e-06
277 1.6502297126310866e-05
284 3.2298790981964557e-06
296 2.760103206563009e-06
305 4.764371401105434e-06
324 1.3939083818112671e-05
325 1.1769282753927555e-05
330 3.2202590533232624e-06
341 5.109837588929672e-06
354 2.42772981696067e-06
358 1.5191981348887785e-05
360 5.060429117946306e-05
374 4.154069218629261e-06
377 1.5671504479474707e-06
380 3.5391186387036864e-06
381 1.4971063801761613e-06
414 1.762251462158499e-05
441 7.014448225459358e-06
450 3.3165146185642635e-06
460 2.994762421300067e-06
471 2.2496122774668456e-05
475 1.4527297410197186e-05
478 1.6219797353618412e-05
483 2.151754961462061e-05
496 7.5843932402198e-06
498 1.4824980764193457e-05
501 0.00010086311259845384
538 1.5452930214310338e-05
550 1.5853698951603178e-05
557 1.1303061748662237e-06
558 3.800286781206092e-06
567 1.0035539942607897e-05
572 1.1499821009552604e-07
577 3.85030833885299e-06
581 1.9837595781662947e-06
582 2.363341820075001e-05
613 2.2946596853644846e-05
624 2.7918939936138516e-06
652 3.803115835697809e-07
653 4.078501398107511e-06
657 1.2411733102699376e-05
661 1.1145595009508018e-05
663 7.250824546756819e-06
664 2.4860704211152947e-06
668 1.649483307501726e-05
670 2.668108212907285e-05
672 0.0001106869308875764
674 7.73432795515569e-06
676 1.5214259013150133e-05
683 2.7529391967546143e-06
686 3.83983637567284e-06
689 9.275188414821891e-07
691 9.388825195918835e-06
694 7.989589403108748e-07
696 1.0812538307896763e-05
698 3.5318956563799425e-06
707 2.760593934841472e-06
708 9.020336343453024e-07
21 1.1505442289901856e-05
