505 7.281983119468026e-05
586 4.4719933017546446e-05
171 2.3681512690906984e-06
229 4.037000457104503e-07
314 1.0907524880978322e-05
323 1.2045715614311615e-06
340 3.671328440269495e-05
353 2.624776598110016e-06
373 4.6756491024256224e-07
378 2.851099002245794e-06
444 3.333400546394031e-05
464 3.6636799908073493e-06
521 5.228590960884853e-06
555 2.7913298694053486e-06
576 4.652490886622879e-06
583 9.40694276537287e-06
604 2.820075666943326e-06
671 1.118083855020762e-05
697 5.889813699996148e-07
703 8.839900463051072e-07
716 5.94620390093465e-07
20 4.036582291024727e-06
43 1.679077418515345e-06
49 2.1782273997127606e-06
227 1.6545337812929585e-06
293 2.835470987458473e-06
299 7.391606087237828e-07
320 5.563682378714731e-07
334 6.470888452206197e-06
336 1.3714546312233672e-06
355 8.921459760559168e-06
416 4.4685850501068825e-06
440 8.584600813254047e-06
490 1.380381628815876e-05
495 4.001662535016335e-05
543 1.806583079551841e-05
560 2.2949362962092084e-06
571 5.092787331742071e-07
578 8.414589549124901e-05
585 2.98886990311838e-06
592 7.792847015429968e-06
594 1.134813711020031e-05
634 4.5170614229994087e-07
656 2.1109267407629565e-06
673 3.3284134557091063e-06
677 3.820556084258992e-06
700 2.9895681499464057e-06
704 4.734292770648669e-06
