283 6.39801557385053e-06
248 2.810817343926364e-06
485 0.0001435837397172381
96 3.541049824263559e-05
679 1.4539510031044858e-06
591 3.1913393003551182e-06
80 6.323857336824431e-06
120 9.067737548138902e-06
488 9.40492413789103e-05
117 1.6432387595144362e-06
147 5.880601274492152e-07
184 4.916101963425137e-06
375 4.197287284092218e-06
362 1.1723923625902986e-08
409 3.7765810490012874e-05
91 3.411196870947154e-07
46 4.956135160424018e-05
565 4.018058510091587e-06
122 7.744603825462124e-06
682 9.727725821719618e-07
315 5.931660959793326e-06
332 2.464666496668593e-05
343 1.276236851992918e-05
124 1.268348366230646e-06
515 6.608157037107695e-06
669 3.010713744320086e-06
593 1.1096247422581818e-05
143 8.816953622602551e-08
176 2.8571463216849726e-06
547 1.0104197419974418e-05
328 1.5688068352886857e-05
702 2.2432476404112828e-06
472 6.624069568934796e-06
420 1.3331246942810698e-08
25 4.4073426607716223e-07
435 8.722093546234866e-07
128 2.091256862303028e-06
302 1.4799772866436707e-06
533 6.385055636081283e-07
226 1.1889354592743831e-06
342 8.670936537497181e-06
575 2.3409132119230847e-06
276 9.232627050560478e-07
297 2.8213507488266877e-05
539 4.157135307162599e-07
412 1.0584064567742336e-05
247 4.831300082528824e-05
564 3.888915653534456e-05
105 6.015520564896222e-06
566 2.5014457213773977e-05
135 1.7277986818863213e-07
359 1.373359716592597e-05
42 0.00010325710511768768
480 0.00010125420551943063
160 4.778172532295129e-06
607 0.00017542855291394812
158 4.551397029934979e-06
57 1.7100845632897259e-06
152 4.008339475402521e-06
286 4.2299906392308594e-06
356 2.5692297723727397e-06
243 5.037298866403949e-05
116 7.069688167660628e-07
244 5.283663157802714e-07
3 0.00018313807665414484
252 4.275481686609075e-05
300 2.6724997951287742e-05
497 8.740549727003606e-05
512 1.4546874295121248e-05
0 0.0002785049525470838
1 0.0001343039711797194
29 0.00022627576620100128
145 1.275458008688778e-05
225 4.71245659423474e-05
544 4.5448887238614435e-05
165 6.2947396003881365e-06
524 3.5281417911939344e-05
149 1.9844288865303685e-05
352 1.9798093333676775e-05
370 3.076027237742318e-05
379 2.471350744673921e-05
431 5.418094300849655e-06
486 0.0003760634941254021
665 1.3512230492518742e-05
34 4.3054333885211665e-05
484 0.0001285030068370818
