376 5.8796156930770934e-05
5 6.640378736650512e-05
292 8.264923059775946e-06
372 7.186911481329895e-05
429 3.7473360808932192e-06
493 1.0900561292398811e-05
523 2.6516784673469716e-05
38 5.41994843339211e-05
65 3.3785536984189032e-06
162 2.5193843678024008e-06
234 3.257057568603959e-06
253 5.033148887899735e-07
306 3.436424544384212e-06
321 1.0203221132828214e-05
407 1.401812548529125e-05
489 0.00039649007920954956
552 3.5011725596547634e-06
680 4.847819424670096e-06
569 1.868327032674355e-06
574 0.00010030859030780611
641 1.5254876682219087e-05
350 8.370253171742024e-07
6 6.543290562419426e-06
10 0.0001842867940435908
60 8.843694723313704e-07
86 1.6745148851387414e-07
89 1.133593093704222e-06
125 5.849989181742229e-06
139 4.739787832239973e-07
146 6.491265829485136e-10
164 2.0410434446165346e-06
168 4.423953306187899e-06
169 3.9207009243303615e-06
174 7.423409586424286e-07
177 2.9726095155489595e-07
185 1.5724303398435233e-07
189 1.5635678275591788e-07
193 3.9850402212666155e-08
195 7.071621622766918e-08
201 5.3536356606792485e-06
313 4.065540508204865e-05
326 2.3821695144787104e-06
329 2.508642205552618e-05
364 2.22918448061644e-05
445 1.4578465829364343e-06
609 1.2234913139346638e-05
13 3.0662119891250425e-08
53 5.3727616395496736e-08
66 3.3697333703609184e-09
100 8.883046490549431e-09
133 3.7201869688663453e-09
218 1.963275872808527e-09
262 2.0554058532159347e-08
267 3.320344061426802e-08
281 2.3367129567201962e-07
337 2.7802765670048565e-08
349 5.285258688063983e-08
395 3.904154004160332e-09
459 1.2827266433501914e-08
526 3.0706612380533934e-06
530 1.4518793411922684e-06
537 8.317984289110662e-08
687 1.010180292350738e-07
4 2.751361385198846e-07
14 2.168543727533323e-08
23 2.483683637252206e-08
58 5.199071116704051e-07
67 3.509526022751887e-08
71 7.853707541689267e-08
76 6.190090081415857e-10
81 3.665642124383801e-07
93 6.64638480207344e-08
111 3.109717780321191e-08
119 2.152322829790422e-07
132 4.361453232028299e-08
142 1.0955009728140367e-10
156 4.6801116007364145e-08
180 4.037988214967269e-09
200 1.6083720276103006e-08
214 6.936690601777016e-08
256 1.50197942851386e-06
261 1.5732988407241995e-08
279 7.898812407411752e-08
290 4.237441703039118e-09
301 6.91727004972532e-09
310 1.6668716529520113e-08
338 1.333661427159709e-07
367 5.706932882353848e-08
436 1.241566345482325e-07
442 7.360868810446938e-08
449 1.7409248151735846e-06
456 4.824170489370622e-07
462 3.6518429657378643e-07
470 2.1178145191477958e-08
479 1.3155065975615892e-08
599 9.25136291616456e-08
612 8.960340263318756e-08
617 1.5475459719160794e-07
621 4.379252647187412e-08
626 2.1866172204112567e-07
631 5.8751060798808616e-08
636 8.983582457175372e-08
640 6.906320511684547e-08
645 9.752048752391374e-08
651 6.460684754981636e-08
712 2.2942205931580854e-07
54 2.07304549308697e-08
61 1.1333331023212856e-07
83 2.1572619573380808e-09
90 1.3626807534684368e-07
98 1.784513272526998e-07
102 2.2066715786971979e-07
104 6.329344363088978e-08
107 1.558522321932041e-09
110 1.3378739009765478e-06
134 2.720405817755534e-09
238 1.1305988998566486e-08
241 6.246405816206814e-08
264 1.6350624182863262e-07
266 1.0500323565177362e-07
269 3.450548154684065e-06
271 5.729814619781617e-08
274 4.458666417125207e-08
282 2.305050173704948e-08
339 5.713893647563143e-10
348 3.730203392297308e-09
351 4.429365795019159e-09
361 1.420369680730834e-07
365 1.2289034832591232e-05
454 1.3419800606221512e-07
527 9.149597222520846e-07
529 3.359540169666424e-07
531 9.05153996828562e-08
606 4.051534729207648e-07
611 1.1981859593264857e-06
648 2.847354422047175e-07
2 5.830110925113546e-08
7 8.473621344427666e-08
12 1.1961540810977294e-05
15 2.4438493323390357e-07
22 1.0176351199233724e-07
24 1.0344218042747421e-07
45 6.593244172577122e-08
52 4.20520374389619e-07
62 1.980316729152437e-07
64 1.7215884561549696e-07
68 8.985082341531704e-08
70 3.376583800587086e-07
72 2.902140775647224e-07
75 9.988101079895044e-08
77 6.190090081416926e-10
79 2.4815189464811333e-08
82 1.8717575670964883e-07
85 1.0646033000421921e-07
99 1.4324054831843023e-08
109 7.983221588794923e-07
112 7.639076115173264e-09
118 2.3667271087911528e-09
121 4.5920718815749324e-10
137 1.166980165681376e-09
140 3.1632406139284536e-09
150 1.9631857651198413e-09
175 2.6204846527296535e-07
181 7.818954809545727e-08
194 4.039844517185957e-10
198 7.998851606543392e-09
204 5.918656048574272e-09
215 3.855967941064913e-10
240 1.4202621349020495e-09
254 1.5748891501545092e-08
260 1.2568277864707594e-08
263 7.120072214317266e-09
280 5.0570769414823e-08
288 3.7248907608112965e-11
291 1.8666270551488587e-08
295 3.504653893512584e-07
303 7.208116614384069e-09
309 1.3875339519228262e-06
311 1.7871947833768455e-05
319 5.030089363560164e-08
344 6.208698598595167e-09
347 8.202398597634862e-09
386 4.7919072705289165e-09
392 2.1147006322679134e-07
397 5.701208568339056e-09
430 1.0622953539918994e-07
433 4.4795411532325147e-07
437 3.122646900984283e-08
439 2.9862814813692523e-06
448 4.183067020939866e-08
451 2.8999439021359058e-06
453 9.445821201775726e-08
457 4.664275959589778e-09
461 6.39845775630473e-07
463 1.4466666476560431e-07
466 2.488324906937812e-07
474 5.260538098154493e-08
477 1.54713902137643e-07
541 2.981749279970034e-08
551 8.478871997966524e-07
563 2.5276586438012733e-08
600 1.215918367707506e-07
602 1.317151137521932e-07
605 5.4092672562090496e-08
610 1.0516049772972157e-07
614 8.997495867415462e-08
616 6.330668790840038e-08
618 5.6378655427249484e-08
620 6.538064281232349e-08
622 9.111164956709441e-08
625 1.5524467681842658e-07
628 2.714108938439392e-08
630 1.3951850650488969e-07
632 2.1103355212703334e-07
635 4.413490263055067e-08
637 7.639694785153239e-08
639 5.5137217367098195e-08
642 1.8704548944030696e-08
644 3.7312939649806457e-07
646 7.69583187110937e-08
649 4.50818716297611e-07
681 2.6182827745218946e-08
699 5.01313981761692e-08
709 1.8142190250129583e-10
711 1.9228881730750783e-07
713 3.7379360246628296e-08
720 6.607873870588317e-09
183 3.451655109221192e-06
55 4.212562643518961e-07
103 9.716651624759583e-08
108 1.1657876988897835e-08
144 1.120891457218143e-08
265 1.5048787702039229e-07
270 6.965237533717722e-08
275 2.4183066686287703e-08
346 9.237802574883466e-09
406 1.0667081523943281e-05
522 1.259743794319124e-07
534 1.2024024285480127e-07
548 2.6807703285352704e-05
598 1.1496124680322138e-07
627 3.48101182483685e-07
8 1.128745033299303e-07
26 1.1454599155069006e-07
50 3.1363863306110778e-09
63 1.423107285958938e-08
74 4.978272758419262e-07
78 1.1921103702642422e-07
84 5.31028386987534e-07
101 2.15141519335116e-08
126 2.891778078723353e-08
138 1.6734570844338133e-09
173 1.589762558866505e-06
182 2.3556329119972696e-08
197 1.680484509793198e-07
209 9.78997276423476e-09
259 2.4736183338081685e-07
268 6.6061702134598195e-09
287 1.3909911955744279e-08
294 8.336151078246764e-09
307 9.20299435947389e-08
316 3.090795869439523e-07
345 8.899615471647122e-09
371 1.6338838321460328e-07
385 1.079698228351148e-08
400 1.164814342435247e-09
404 1.3618817292224505e-08
438 1.8177946487807478e-06
447 5.845531665536356e-08
452 9.414121009568851e-08
458 1.4429035343325056e-07
465 2.2527165601011457e-08
476 2.1965434936187017e-08
517 5.363221171909852e-09
540 9.646969443413756e-08
601 5.795672213511393e-08
615 8.170362488963356e-08
619 1.335674760232911e-07
623 1.3839888397214905e-07
629 3.8476389112253116e-08
633 5.1273626141383536e-08
638 4.524665842306072e-08
643 2.866789653292576e-08
647 5.936081571389768e-08
710 2.6847819014802956e-06
714 3.1822709946570693e-06
363 2.6555729001641692e-05
28 4.13138320241588e-05
405 9.588459761663308e-05
481 0.00018288571557012318
159 3.892745095905261e-06
69 1.9830192159688506e-05
518 2.0168047808149513e-05
153 0.00012826495183262357
499 0.0005395237957821509
553 1.613802159891122e-05
573 5.270720776177223e-05
161 5.393323143617246e-05
155 2.9609861657637555e-05
285 8.83834512702344e-06
455 5.8189618368397646e-05
491 0.00010919619616161925
357 4.206715654512312e-06
30 2.677853620231074e-05
718 4.710844474844514e-10
394 5.155621785042658e-09
556 8.420878643550425e-06
27 1.590144929542627e-05
559 7.664135384118159e-07
561 2.3650011863736771e-07
114 3.5806181865333828e-06
289 2.6411266892537132e-05
719 1.5307908508769676e-08
235 8.392746531396283e-09
510 5.105670998580464e-07
387 6.825410683670134e-07
399 3.975571651362485e-07
422 1.8640791893187175e-09
415 1.4798379708781434e-08
595 1.516058196445902e-06
482 1.5300179858803546e-05
232 1.4497598700652149e-08
492 4.868910986620013e-07
199 2.304264982909773e-06
188 3.230026846913774e-05
568 4.3963497310385763e-07
16 3.707295182072273e-07
216 8.195476427034034e-08
190 9.747538451732525e-07
418 2.762975641189548e-09
532 2.72440816801176e-07
127 2.3079858934314e-07
369 3.1885506937811815e-07
388 3.6581492973881703e-07
403 1.2046249702554512e-06
408 6.347999746973025e-06
210 3.394157878775506e-08
233 1.1925288073976724e-08
205 1.1311640263905622e-07
443 6.917893503181294e-06
535 2.4829233521213946e-06
273 1.1640758300764866e-06
411 9.680256846868442e-06
391 4.911077828390403e-06
217 5.061626324442954e-08
213 5.023086817554123e-08
402 1.7339235117835623e-06
410 1.1940016393504237e-06
382 8.452190432221302e-07
401 1.8236664134038e-06
427 8.891216579334331e-09
487 1.0187757940201728e-05
706 4.5377273882331674e-06
163 2.877384913190145e-05
519 1.9493197665338897e-07
239 2.174650498365079e-08
308 0.00010263701565088247
383 5.601524288610769e-07
250 2.6890330223592984e-06
212 8.601639863026372e-08
157 1.9428406041692187e-06
242 2.2583598741185877e-08
393 3.4231297998996024e-06
398 5.695521764249781e-07
428 2.0185068656149245e-08
172 1.3905932777184941e-05
424 5.696993457156491e-09
396 2.2942479239759237e-06
421 1.501141143517411e-08
425 9.14091953140766e-09
423 2.6003967970631512e-06
603 1.1444310660038942e-05
520 3.908638258962352e-07
18 1.9146712822840888e-06
514 6.249966747446113e-06
419 3.8663078443777887e-07
208 2.7445374799913737e-07
384 7.214972225718904e-06
507 5.603401298248192e-07
389 1.30621611418577e-06
151 6.777279429871461e-07
272 1.0505043305814644e-07
257 2.86699021638227e-06
154 1.5931973125516862e-06
597 1.9781157493783506e-06
207 3.1854832510371534e-07
368 5.258471641995518e-10
148 2.0449121064265527e-07
516 3.362158662754381e-06
95 1.6784480779767122e-07
298 3.5278311176509847e-07
511 6.88206586552684e-07
536 6.437414532912937e-07
166 7.895021970761014e-07
202 1.821788194766141e-05
92 3.0664585475516265e-07
715 2.3353400109312294e-07
220 5.393279778420667e-07
278 6.927009677326932e-08
106 2.499222873274496e-06
506 5.497243768586555e-06
221 8.489504246039872e-05
525 7.966908999329076e-07
203 5.006284808626209e-07
542 5.729409511161308e-07
513 1.5088066199298673e-06
97 3.3537038649980237e-07
667 1.4371565428398462e-05
528 7.011901194911585e-06
246 4.839759196044623e-07
