214 7.004650275875483e-08
239 1.5329748905845877e-08
709 5.295940253626884e-10
664 4.857529108402772e-06
2 4.867972529725764e-08
7 4.130675735529216e-08
8 7.326551139967503e-08
13 1.2526732590615998e-08
14 4.916727271618967e-09
15 2.2056676513426522e-07
22 7.513878462191326e-08
24 7.435721450403634e-08
25 5.524592561159074e-07
54 3.996959997504606e-09
62 1.9119849032793894e-07
63 2.880785745049362e-09
64 1.7452870247131498e-07
66 2.0956803508071306e-09
67 1.648416907371313e-08
79 5.562135894584997e-10
83 1.1481380937338704e-09
93 5.590075514943839e-08
99 1.8092876106879857e-09
100 5.081695120380542e-09
101 1.8927307642416237e-08
107 2.79582171651012e-10
133 2.1034804063823267e-09
134 5.776281567951072e-10
137 5.42031713235229e-10
138 5.414763024437737e-10
143 1.4201449018865123e-07
150 8.001325846694191e-10
194 1.4001081576778628e-10
198 3.335594917053533e-10
204 3.60054934363627e-09
209 3.897880105565052e-09
218 5.5046951032611e-10
232 6.383904835053596e-09
233 4.835162959907206e-09
235 2.392119334249054e-09
238 3.1130129523190905e-09
254 5.3640435390177694e-09
259 2.3994144655656785e-07
260 2.3496934798738866e-09
261 1.3579621056323308e-08
262 6.696809327388175e-09
263 1.977605373993898e-09
268 5.236607873369904e-10
275 5.606741419845252e-09
282 1.33210911530957e-08
287 2.5675501536024997e-09
290 5.428008872070705e-10
301 6.91214256603382e-10
303 1.0205174134889326e-09
319 2.7807262185770882e-08
337 1.1068952519247774e-08
344 7.987810009491964e-10
345 3.936835681820026e-09
346 3.4875953714704567e-09
347 1.60431602782689e-09
348 2.4434236005838792e-09
351 9.256049479201866e-10
383 5.757407490398712e-07
385 8.251826649391683e-09
389 1.279165624545928e-06
392 2.1883377489782074e-07
395 3.5327770092938425e-09
418 3.971680396292597e-09
421 1.521122906654485e-08
422 1.5347994441322532e-09
424 5.133251334671862e-09
425 7.37824384685503e-09
427 9.664943958743374e-09
447 2.5988634409122212e-08
448 9.112632172140493e-09
452 6.33311450667735e-08
459 4.797168581963436e-09
465 7.665347852499573e-09
510 3.9841978547011314e-07
517 2.551563556038479e-09
537 3.830903856639279e-08
540 6.115278307791125e-08
541 2.5369714348584682e-09
563 1.002539826384059e-08
605 3.487571746908103e-08
614 5.9573786569629445e-08
628 2.171891336970365e-09
629 6.97759681642472e-10
633 1.633702924529712e-08
635 1.7307993104065176e-09
638 2.3484435773381035e-09
713 6.821935332849385e-10
718 9.86830740682491e-10
719 5.166836829682838e-09
720 1.5126267814785852e-09
117 3.5434040291604292e-06
672 0.00012022928019323201
4 3.2327860693746805e-07
6 6.991432459594402e-06
10 0.00020125903378746669
11 1.2936135014999726e-05
12 1.3567330515450624e-05
16 1.2343648985451404e-06
17 9.167784598927988e-06
18 1.957675219623148e-06
19 4.570260669820785e-06
23 8.716243548905353e-08
26 1.9838726946115286e-07
27 1.6048715366684756e-05
28 4.452137612411439e-05
32 1.0234719450649913e-05
33 1.878448662509338e-05
36 7.97163289072066e-06
37 2.75695075339939e-05
38 5.85459043744536e-05
39 6.523945747761412e-06
40 6.830118926320486e-06
44 5.210336429101181e-06
45 6.111627215409992e-08
49 3.0425872856577095e-06
50 1.0173611478430813e-08
52 4.871835676894232e-07
53 6.511743039530255e-08
55 6.18201778139405e-07
58 6.413965090870362e-07
60 8.597552157520142e-07
61 1.874175495548516e-07
65 2.3697863746854886e-06
68 1.2960818649559042e-07
69 2.0553674799556003e-05
70 4.4745511517104785e-07
71 7.57362562811401e-08
72 4.7568724862267606e-07
73 5.800359599313142e-05
74 6.303776876847255e-07
75 2.5226807226179995e-07
76 1.0104398243614221e-08
77 1.0104398243618486e-08
78 1.043718644026366e-07
81 7.490106514932844e-07
82 2.066088952699257e-07
84 9.650809978131907e-07
85 2.686394567127373e-07
86 1.1656107050886364e-07
87 0.0001798384817696424
89 1.8637133958041176e-06
90 2.8852672291672435e-07
91 1.2365426603229248e-06
92 7.493517910714825e-07
95 3.5342203187079975e-07
97 9.543230726830833e-07
98 3.6674570439051274e-07
102 3.8704232478223023e-07
103 1.5578940548286043e-07
104 5.884345822484233e-08
105 6.1901581209862345e-06
106 2.3859108804162417e-06
108 9.900606167297988e-09
109 8.263794694662032e-07
110 1.388438239595978e-06
111 3.289983366955428e-08
112 6.543103907189268e-09
113 4.785151304529998e-06
114 3.3800642250689864e-06
118 1.012567993129701e-09
119 2.2054831653719193e-07
121 5.738845702371435e-09
123 3.7846935238722913e-06
125 6.106985106173721e-06
126 3.45998823601728e-08
127 2.4489328329682397e-07
128 4.074296612263667e-06
129 4.889862542560611e-06
132 5.173754605196831e-08
135 2.6798521166084616e-07
136 2.796274080529516e-06
139 5.166493369671211e-07
140 6.093780830978922e-09
141 4.804330632982577e-06
142 1.1524871537517996e-09
144 1.0256269182009112e-08
146 1.0475326246730269e-09
148 1.5666663819142727e-07
151 3.9001623474521487e-07
152 6.906756613898261e-06
153 0.00013662623573813598
154 1.1895113786065459e-06
155 3.138071284787032e-05
156 4.0875275897169336e-08
157 2.0602540588698113e-06
159 4.399020668919074e-06
161 5.687410181931908e-05
163 3.0491442412149358e-05
164 2.194061451180496e-06
166 8.233527064534563e-07
168 4.749599047586932e-06
169 4.242128558574053e-06
173 1.6371707130378396e-06
174 7.941113339343707e-07
175 2.870817948473646e-07
176 3.46003965847197e-06
177 3.5003787115964415e-07
179 2.1087249037342014e-06
180 1.1984533817388185e-08
181 9.103832488529665e-08
182 3.341184486152716e-08
185 2.07667995865376e-07
187 2.4249150509013875e-06
188 3.3836140835374774e-05
189 1.33108603361801e-07
190 1.003889571651292e-06
192 1.614001184963361e-05
193 6.024010146175375e-08
195 7.855412518306838e-08
196 4.104989611633537e-06
197 1.7440971260285074e-07
199 1.5961158368433576e-06
200 2.004530212923787e-08
201 6.278323736515705e-06
202 1.846027496236863e-05
203 5.09482852661374e-07
205 7.415077168970681e-08
207 2.774788478604392e-07
208 1.9752090420032581e-07
210 1.856102453875802e-08
211 6.246253162302892e-06
212 5.5641680831127713e-08
213 2.272969915519638e-08
215 3.2269111714472013e-09
216 6.589089175942205e-08
217 2.3644210007744016e-08
219 1.522053346907877e-05
220 5.27982377361062e-07
221 8.77200099006783e-05
226 1.3180456856404094e-06
231 4.362891354027311e-06
234 2.9548441586152923e-06
240 4.961868207310164e-09
241 6.299362558788503e-08
242 1.8701131685894176e-08
243 6.084431012259038e-05
244 4.867282005257974e-07
245 3.926425518830423e-05
246 4.0819889636640346e-07
249 1.126340130624115e-06
250 2.7101676659395974e-06
251 1.9577226516096904e-05
253 5.278982065701261e-07
255 3.324526197451879e-06
256 1.5886804419550572e-06
257 2.683609647025782e-06
258 6.983599858254818e-05
264 1.608948348831262e-07
265 2.569059927235404e-07
266 1.9104190207724333e-07
267 3.7186142376547344e-08
269 4.251935178293524e-06
270 7.394293078090949e-08
271 5.983170654374335e-08
272 1.6689448662014257e-07
273 1.2120970921673458e-06
274 4.422902449768563e-08
277 1.1775481229965824e-05
278 1.042573709121234e-07
279 8.556370656862569e-08
280 5.4346175188199546e-08
281 3.3907086895033206e-07
284 3.5995154296887813e-06
285 8.018823896893792e-06
286 4.47999123271192e-06
288 1.619728583004238e-09
289 2.5848890818135214e-05
291 1.8845235566599926e-08
292 8.80340699065054e-06
294 1.3250402111364694e-08
295 3.457403549644968e-07
296 5.737918574482135e-06
298 4.750592720308014e-07
300 3.064011074527909e-05
304 3.2429302145474662e-06
305 5.911344210487284e-06
306 3.5769991899592052e-06
307 1.5190304175186517e-07
308 0.00011821510192436185
309 1.689507615112829e-06
310 9.594217691692251e-09
311 1.869433513102941e-05
312 3.512077882468445e-05
313 4.347335122377925e-05
315 1.8232514939902243e-05
316 4.1314108283854145e-07
321 1.1038265913766106e-05
324 1.919827525324202e-05
325 1.618366403049502e-05
326 2.608468632471028e-06
330 5.417680389268727e-06
338 1.518765884106655e-07
339 5.690041676653584e-10
341 6.547188619667265e-06
342 1.0148398446569462e-05
349 5.889482626452479e-08
350 9.380259750003268e-07
353 4.8972686353232705e-06
354 4.8786374225023335e-06
356 3.2405461433548656e-06
357 4.350120438915578e-06
358 1.1964717397871718e-05
359 1.4501754077829605e-05
360 5.359455458281134e-05
361 1.6035911198253084e-07
362 1.9803069501901873e-08
363 2.7395503154391552e-05
364 2.3327497657925596e-05
365 1.3157490098356293e-05
366 6.5951720503878174e-06
367 5.761891216974533e-08
369 3.391426766794928e-07
370 3.591178382026878e-05
371 1.9278131791741948e-07
372 7.441664554987647e-05
374 4.534522712144922e-06
375 5.571506114507938e-06
376 6.0191122301997956e-05
377 3.3112763601953205e-06
380 8.023229741328742e-06
381 2.4333405386234437e-06
382 7.707598151148049e-07
384 7.33900724950274e-06
386 9.215318436328225e-09
387 7.163708837780226e-07
388 5.274012859274776e-07
391 5.0212757285520145e-06
393 3.137024470670576e-06
394 7.847512820772335e-09
396 2.07181612189406e-06
397 6.819866919248322e-09
398 5.037169507593014e-07
399 4.150230092615673e-07
400 2.8729069778288014e-09
401 1.6845651093729468e-06
402 1.6283240753361606e-06
403 1.2211781757866734e-06
404 9.518715249607701e-09
405 0.00010436085404406447
406 1.4176680894652838e-05
407 1.4871768596874995e-05
408 5.552838677154137e-06
409 5.111823248233956e-05
410 1.0198904276684626e-06
411 9.125493726793608e-06
414 1.4683261252414306e-05
415 1.4067531003298121e-08
417 1.2959118542336756e-06
419 3.899918462674187e-07
423 2.549646130433518e-06
428 2.1055349411859276e-08
429 3.854759378853196e-06
430 1.0075473833044082e-07
431 1.692689535487445e-05
432 4.991270630745388e-06
433 6.159080239633797e-07
434 1.974072469565072e-05
436 2.4283068725185695e-07
437 5.8342250429412525e-08
438 2.050282364808695e-06
439 3.068399818694992e-06
441 1.1775123578790953e-05
442 5.674395658511194e-08
443 7.372984520179443e-06
445 1.4539573256497036e-06
449 2.732971010748013e-06
450 8.199564023908632e-06
451 3.0547566963963153e-06
453 1.3779462691494365e-07
454 1.966024981000148e-07
455 6.434460727102647e-05
456 6.652900417347547e-07
457 7.095168534127968e-09
458 2.4960637353878564e-07
460 5.328383973141261e-06
461 6.65992615668331e-07
462 4.2015916987863403e-07
463 2.841579288897165e-07
466 2.7062636176759906e-07
470 5.936388843719764e-08
471 2.8193441579429173e-05
474 8.721338251519607e-08
475 1.7242976658033237e-05
476 4.589430595709065e-08
477 1.7777667265311184e-07
478 1.8443153800755364e-05
479 2.1410012841555796e-08
481 0.00019804809610619804
482 1.580886823509912e-05
483 2.2793993995846638e-05
486 0.00040818114051510414
489 0.0004488443126693314
491 0.00011085727365698993
492 5.493404159406685e-07
493 1.1351816257775317e-05
496 1.0306112070793427e-05
497 0.00011621779877615136
498 2.1133999532201892e-05
499 0.000560946129028454
501 0.00011626697554935282
506 6.1151638180512406e-06
507 5.429020406388024e-07
508 1.651292035502079e-05
511 7.644738163016792e-07
513 2.199195775019441e-06
514 5.52955264909526e-06
516 3.821545826515463e-06
518 1.9266747843327403e-05
519 1.7626001058261036e-07
520 5.921401871023796e-07
522 1.0761861387148092e-07
523 2.7976453424187192e-05
525 1.4711547506008697e-06
526 3.171461424730851e-06
527 1.2369324398321034e-06
528 1.096318056521746e-05
529 3.469319904338281e-07
530 1.8240010478321645e-06
531 1.0496652966055018e-07
532 2.3559805264471592e-07
533 9.374062274275456e-07
534 1.0532102096850966e-07
535 3.6233198581677417e-06
536 8.415058593768894e-07
538 2.3998702037313323e-05
542 9.110241848265677e-07
545 3.814777104943399e-06
548 2.800554600064717e-05
549 0.00015463397622082607
551 9.777289855105213e-07
553 2.1863370352081722e-05
554 1.440450586659418e-05
556 7.848078978447929e-06
557 2.6401692769451084e-06
558 5.0180886169148825e-06
559 7.07731695376536e-07
561 2.1196384082812326e-07
562 3.094666540384702e-05
566 2.5854646527711213e-05
567 1.6849296394798032e-05
568 4.383802394412786e-07
569 2.8462727734029048e-06
572 1.1071402526340542e-06
573 5.7748828961614796e-05
575 2.4494935601777824e-06
577 5.978856525614755e-06
581 4.172562042349253e-06
582 3.211277132814586e-05
584 5.420646245919121e-06
588 4.3488405780608324e-06
590 1.1971645072230496e-05
591 3.365824275812013e-06
595 1.5638587310217163e-06
596 5.397753320934978e-06
597 2.026210755178573e-06
598 1.117685440791529e-07
599 9.305809899034887e-08
600 2.553311465540402e-07
601 5.9259133625890294e-08
602 2.3183128280038803e-07
606 8.056101936764463e-07
607 0.00018835477458993864
608 1.632652403982349e-06
609 1.5686307605346124e-05
610 8.275132297655067e-08
611 2.3235500233840085e-06
612 1.2854311903240372e-07
613 2.942322606868526e-05
615 7.205902487906582e-08
616 6.724783000449588e-08
617 2.9332280660061047e-07
618 3.653918822028482e-08
619 1.3388845044169193e-07
620 4.190744400162936e-08
621 1.0030845791931149e-08
622 1.139531753905006e-07
623 1.245590417212929e-07
624 5.992808126918446e-06
625 1.6515909881830775e-07
626 2.661027334396697e-07
627 8.09947355920979e-07
630 1.7289535669433174e-07
631 5.9327654781957433e-08
632 5.912663700778573e-07
636 5.708397547808976e-08
637 5.1196961278261046e-08
639 3.6597871536494585e-08
640 5.5985617264303915e-08
641 2.012528483472827e-05
642 1.963666043975139e-08
643 3.2656559855486006e-08
644 4.7239677704926627e-07
645 1.2244691302547016e-07
646 5.6693179093241365e-08
647 6.406481387714044e-08
648 3.9103038949599323e-07
649 4.325718055035379e-07
651 6.69825395928178e-08
652 7.134537904585766e-07
653 6.9519958279850255e-06
657 1.9475503943108593e-05
659 4.243950911902364e-05
661 1.60379465179562e-05
662 3.179419263241168e-05
663 1.229232480169084e-05
666 7.711686139489084e-06
668 1.5299752659103737e-05
670 3.0601573368661185e-05
674 1.133477095728813e-05
675 4.006162211937609e-05
680 5.2717416948465685e-06
681 1.3297746738625534e-08
682 1.0872288989372245e-06
683 3.553900438770705e-06
686 4.649332182289587e-06
687 1.748891983870571e-07
689 6.405743172245985e-06
692 2.4429310043353515e-06
693 5.236231409450972e-06
694 1.3748051818307712e-06
696 1.4500942490657713e-05
698 3.7643816907286416e-06
699 6.642206063566935e-08
705 2.9161951741051416e-06
706 4.046912186738878e-06
707 2.890133807350879e-06
708 1.5515945042649454e-06
710 2.812348455200196e-06
711 2.2423913138928022e-07
712 2.7640510308751533e-07
714 3.4917529134992153e-06
715 5.895320200593677e-07
717 2.5359762346369577e-06
