283 6.454113823833947e-06
31 9.686782488428603e-07
43 2.1114652722168043e-06
51 7.315104968558723e-06
56 9.406161742109357e-07
59 4.0669505474317535e-06
80 6.4538028875340635e-06
88 5.4186718506133035e-05
94 2.8129947503158906e-06
96 3.2016598141101576e-05
115 6.161399231689645e-06
120 9.292815137566268e-06
122 7.211855956297442e-06
130 2.0397150673826144e-06
131 7.443722812273808e-07
171 5.758100188558087e-06
178 5.405870470726379e-07
184 4.292890427826777e-06
186 1.9815532579880817e-06
191 4.359091239697813e-06
206 2.7364018004278744e-06
222 2.3481312167881288e-06
224 9.603134425929929e-06
227 2.582822733090381e-06
230 2.385537864929632e-06
236 4.7056790595052013e-07
237 2.3871121734421347e-06
248 1.6074689420470271e-06
293 4.593586084527741e-06
297 3.381902415540306e-05
299 7.31469670147479e-07
314 1.0810436849410048e-05
317 1.4304420752853969e-05
318 1.2643881938816528e-05
320 5.893526882130447e-07
322 5.649774787130773e-06
327 2.3894741149591357e-05
329 2.4755442190387502e-05
331 3.843600510496478e-06
333 1.4945361069178298e-07
334 1.4947573329738627e-05
335 5.038478744707827e-06
336 2.322635326392216e-06
340 3.415492231430634e-05
343 1.113200242926143e-05
355 9.641349118343931e-06
373 1.540334582993581e-06
378 3.9615774651837445e-06
390 8.944653641032035e-06
412 1.540077766718538e-05
413 7.081840568172759e-05
416 5.75753980021094e-06
426 7.997833444111682e-06
444 3.2443675742387455e-05
446 8.920603692248257e-05
464 5.267271712766849e-06
467 6.611504828699521e-05
468 1.5773350613602217e-05
469 2.4776441465062482e-05
473 8.831689483275917e-06
485 0.000184457927271321
488 9.795930938723041e-05
490 1.3739097955563732e-05
504 4.652214698032293e-06
505 7.837380427478409e-05
509 1.062642124708877e-05
512 5.409062272336894e-05
515 4.2360245670530076e-05
521 7.841597097715967e-06
543 2.879593157666101e-05
546 3.215436436672286e-06
550 2.3012483680022726e-05
555 9.317996102439101e-06
560 5.657632483027611e-06
565 7.634339899820436e-06
570 2.0368626637447115e-06
571 1.8615037266057743e-06
576 8.647230002440752e-06
579 1.7085316200128418e-06
580 5.8233494340716185e-06
583 1.2793890569187832e-05
585 3.930024875220683e-06
586 4.5522096051419784e-05
587 2.154623975862221e-05
589 1.6253189140695885e-05
592 1.538457922004124e-05
604 5.516513933052983e-06
634 9.534725190491708e-07
650 5.358132045175595e-06
654 6.642450531822302e-05
655 5.062031113024026e-05
656 3.0489792982021953e-06
658 3.7242064411573053e-06
660 5.259947067653004e-05
671 1.2569493882476722e-05
673 5.126354500128803e-06
676 1.8553038748932933e-05
677 7.218531883759678e-06
678 1.5289994996222936e-06
679 1.6274848275443832e-06
684 2.7957691304515067e-06
685 3.334842569423899e-06
688 1.9176699713958392e-07
690 5.3048860916553285e-06
691 1.0085850946671118e-05
695 1.5707847522021768e-06
697 3.3456665932596968e-06
700 3.563428636685426e-06
701 1.3910684221358825e-05
703 4.2762464238251475e-06
716 9.124180681259902e-07
5 6.516022138952917e-05
20 4.058259541969305e-06
30 2.7183738017888403e-05
124 7.0358943077375e-06
162 2.504085979228196e-06
223 8.659882728436645e-06
228 8.741032735218385e-06
229 5.898589258042686e-07
276 2.0997228373142337e-06
440 1.0211597564769598e-05
494 1.0767748787720681e-05
495 3.8804563594544816e-05
539 6.925097112735203e-07
574 0.0001066822813240345
578 7.873603569805276e-05
704 6.29470334271111e-06
183 5.0580475322140035e-06
472 9.126613182341503e-06
702 3.2552376843034048e-06
669 3.3021543059271386e-06
