0 0.00016368260463605613
1 0.00010151676141064232
3 0.00010623042960019692
21 8.148379611301287e-06
29 0.00014046863678469194
34 5.236713656603785e-06
35 1.1890418922911124e-06
41 2.9231059882330592e-05
42 2.6921188851367553e-05
46 2.3127508787021276e-05
47 3.1893050380643164e-06
48 3.1683627839362956e-06
57 1.685129175251359e-06
145 6.360920525072654e-06
147 5.130516417926894e-07
149 7.2539384490083595e-06
158 7.841439200682641e-07
160 1.087790317397636e-06
165 9.355854020076599e-07
167 7.089624053116716e-07
170 4.0700261770723785e-06
172 1.4105666626608384e-05
302 1.6994956078992214e-06
323 2.1016680735447157e-06
328 1.572579089062693e-05
352 1.8655562654248402e-05
368 6.855018386168407e-11
379 1.708020887602722e-05
420 2.1935841196664005e-08
484 7.308811697827539e-05
487 1.0499315730883513e-05
500 3.84455903309696e-06
502 1.1600254219622972e-05
503 3.7121392443132874e-05
544 3.116620670641941e-05
547 1.023206665742111e-05
564 2.0909172857808714e-05
593 1.0910112053840393e-05
594 1.1311963540015976e-05
665 1.3466219881062403e-05
667 1.3633661909196844e-05
247 4.974582909144586e-05
9 2.7600701575826754e-05
332 2.5783693676700106e-05
252 4.044007929348733e-05
480 7.37331118417575e-05
603 1.0693415839691422e-05
435 1.0060752443751953e-06
116 9.778899230632102e-07
524 3.273336279911553e-05
225 4.536835423473791e-05
552 3.651313937258258e-06
