491 8.180451038994151e-05
548 2.265810351601164e-05
350 5.828859831755965e-07
153 0.00010431990208889297
169 3.3289196656648418e-06
10 0.00017125722228301257
164 1.921313550627676e-06
161 4.760975841402342e-05
669 2.7145125056633695e-06
155 3.241212396487939e-05
168 4.1980570994286215e-06
573 4.951713755740821e-05
481 0.00015547792414949413
499 0.0005062592841159505
188 3.146329311761451e-05
595 1.189242351001356e-06
405 0.00010925018128667355
363 2.2596678224707185e-05
174 6.921116807279067e-07
175 2.455577000080578e-07
286 3.1420951187094793e-06
298 2.1225786916962266e-07
506 4.777660772225087e-06
69 1.970322479782594e-05
552 2.7978014469086576e-06
18 1.3012370651899287e-06
159 3.5830707909061658e-06
90 4.623135118675222e-08
61 4.186656969250306e-08
463 1.211134770224596e-07
207 1.2939707668936485e-07
272 2.1698634773560228e-08
424 2.4452101642581123e-09
461 6.200568254455239e-07
266 1.823053085695823e-08
458 2.0989887789016463e-07
611 9.506771022220072e-07
85 1.603877303053237e-07
12 1.0576647474087922e-05
108 3.3169540793561354e-10
173 9.368025133301116e-07
212 1.0318172490209704e-08
267 1.0798586313821541e-08
630 1.0310933732939682e-07
644 4.2686186524057736e-07
714 2.2273061697576202e-06
4 2.6110899901000405e-07
14 1.4630854718636881e-08
24 1.196214213543186e-07
62 1.9475536454475174e-07
67 4.883190595416067e-08
78 1.0728091011036163e-07
104 4.1282819846550415e-08
121 1.6889319864255082e-09
137 9.34766135466337e-11
200 1.663039221300689e-08
209 1.1900141084838192e-08
238 1.201776867549361e-09
256 1.1324302756688826e-06
262 1.135075200417893e-08
270 3.799639037603583e-08
282 5.9084844533011906e-09
291 5.389468036696638e-09
310 1.427070906046196e-08
345 8.618824890223135e-09
351 8.849190635805718e-10
437 3.764648023799766e-08
448 5.868712683216442e-08
470 6.023389752829469e-08
527 7.037975174902657e-07
534 8.056440818899228e-08
551 6.786702232600025e-07
599 9.059580183839302e-08
610 9.386258387921858e-08
616 3.955376365363249e-08
620 2.3352175653250426e-08
625 1.6321707036519938e-07
629 4.727341347076839e-08
637 6.436341513075943e-08
642 2.4807411725088245e-08
648 2.0331605010536628e-07
681 1.0614075469248873e-08
50 6.626234311818137e-09
127 2.0970283962610585e-07
180 2.898314713532526e-09
213 1.1705150186287866e-09
280 5.256152565692785e-08
394 3.0952423531622475e-09
492 3.959896457680833e-07
510 4.4242279418087206e-07
532 2.312349689399503e-07
631 5.298090851675559e-08
645 8.76071847299481e-08
7 7.44075716130826e-08
15 2.652780941695917e-07
26 1.768728830381469e-07
63 1.8484404196218403e-08
79 2.9450743615981392e-08
93 7.032561545328302e-08
126 2.8036043178324908e-08
138 3.564428636000419e-10
156 4.621281128980299e-08
190 7.704770678854337e-07
204 7.603247607111918e-09
216 5.483746456222606e-08
232 4.211986957685467e-09
239 1.1048426886102356e-08
259 2.47676944529926e-07
263 9.186379826650392e-09
287 1.7426914723626666e-08
301 8.306618331016697e-09
319 6.905524763029422e-08
346 3.391279091410862e-09
389 6.127040590197225e-07
400 8.744441653602466e-11
422 5.414732788018832e-11
439 2.472165105536117e-06
452 1.0177608797214135e-07
459 5.341068110537326e-09
474 7.920836109463075e-08
517 4.545462627038536e-09
529 2.0059931319055968e-07
537 5.122251942214178e-08
563 2.8050870089055306e-08
601 4.36662809198432e-08
612 1.040901435231332e-07
617 7.377143922318822e-08
621 2.3811385922638454e-08
626 1.4003299216287715e-07
633 4.770945636456024e-08
638 5.121946735468819e-08
643 3.626784171740039e-08
649 2.814702594194195e-07
713 4.583652123266944e-08
52 4.3476066727332387e-07
75 1.4717637732124978e-07
133 1.139447179364881e-10
197 1.6547584624725748e-07
214 7.1832609139451e-08
307 6.53708678114083e-08
367 4.304283420769352e-08
387 6.534393226126723e-07
600 7.274164733384836e-08
718 7.141771134717629e-11
8 8.01571808565054e-08
22 1.1781684930907348e-07
53 1.6545400773058396e-08
64 1.4048681139069576e-07
76 2.1770351596876323e-09
83 1.527771658269786e-10
99 9.920674897405426e-09
107 7.497482223856033e-10
118 7.487970020014266e-10
132 4.6049665405967024e-08
142 6.304754685774564e-11
157 1.606954816838969e-06
194 1.4584947796319267e-10
205 7.86309669787408e-08
217 6.865314144655174e-09
233 1.8159998986754158e-10
260 1.299582086818934e-08
264 1.445049157719381e-07
275 6.229501367253087e-09
288 6.441400750849622e-11
303 7.135060954866202e-09
337 5.324717975512728e-09
347 8.773939985796624e-09
385 1.8044008233121683e-08
392 2.0659594379887786e-07
404 9.797347637752095e-09
430 1.3422631578411286e-07
442 6.608936324285799e-08
476 2.2369296830634077e-08
519 1.1640302260922869e-07
540 7.193506835466797e-08
602 8.85918345975395e-08
614 5.624561050775021e-08
618 3.8731378028467936e-08
622 1.1184516724968328e-07
635 5.120322124305468e-08
639 5.6871532219202834e-08
646 8.995012339038677e-08
651 3.698810297708673e-08
719 4.253277328585454e-09
55 3.315899761140056e-07
210 8.702374573021297e-09
215 1.871845248887049e-10
274 5.414927855920781e-09
294 5.864279303594621e-09
526 1.954647859879168e-06
2 6.017798946441452e-08
13 1.5970852986982798e-08
23 3.545204323012145e-08
54 7.1807027871318245e-09
66 8.295348372155896e-11
77 2.1770351596876513e-09
101 2.255805566241888e-08
109 7.571541964632852e-07
119 2.2256059073851773e-07
134 5.19342102104847e-10
150 2.4711868658431696e-09
198 9.448852855043576e-09
218 1.6694941929849074e-10
235 6.961930174779278e-10
254 1.353732682929705e-08
261 1.4374964268600738e-08
268 5.9940625924914995e-09
279 7.852057317135902e-08
290 5.635989552597644e-09
309 1.3633538757885538e-06
344 3.088596450703047e-09
348 2.7216385130875687e-11
386 8.037808572628258e-09
397 1.7663357018955752e-09
436 1.2636755255746073e-07
447 4.5186097241844655e-08
454 9.65507740303869e-08
465 1.9327686484539062e-08
487 3.441946996702763e-06
522 2.9201719137115793e-08
531 6.257357646268096e-09
541 1.9916994752338022e-08
598 7.905760457546951e-08
605 6.357890156308035e-08
615 4.176686606935378e-08
619 1.0000500258880298e-07
623 1.1033491349243656e-07
628 3.480810393433454e-08
636 9.814405639518526e-08
640 3.719272482723363e-08
647 3.2307029951843764e-08
720 3.6322442242564593e-09
100 3.966880644506645e-10
361 8.76418983001478e-08
462 3.220225223792227e-07
507 3.63644420232877e-07
606 3.5012928598196776e-07
271 9.304850302364094e-09
365 9.246016054884878e-06
520 2.1545055554649614e-07
71 8.371740084265709e-08
112 4.013325416797962e-09
395 2.680363197096721e-10
632 1.8315394310624748e-07
453 1.1325317072212182e-07
530 1.14981366044945e-06
627 2.484397153738957e-07
415 9.023662968425132e-09
111 2.6700450813377233e-08
399 3.960353596107586e-07
711 2.9831456688113446e-07
349 2.38391879642576e-08
403 1.1580316383706313e-06
110 1.0733750578080394e-06
82 2.4612070393128646e-07
220 3.4453928149984523e-07
95 5.282756686914009e-08
242 4.5165388795054e-09
316 3.385845333702791e-07
369 3.0395098898211967e-07
103 3.13733773480561e-08
368 3.174702697602593e-11
208 1.617349325651723e-07
240 6.700600796447986e-10
709 6.683596236619049e-11
338 1.1924019521013534e-07
398 4.951041473900875e-07
273 9.688328985878926e-07
597 1.219906410307521e-06
371 1.3105439763795238e-07
418 7.64129403803882e-10
427 2.493555788261526e-09
281 1.3951350735889638e-07
98 7.522020900044977e-08
182 1.0820660632798956e-08
425 3.282353253101402e-09
241 5.005932834054926e-08
457 4.429890233866477e-09
172 1.1137627958339836e-05
575 1.7712564648851074e-06
28 3.5551848177787864e-05
166 6.186697475182492e-07
269 3.013160574988059e-06
388 2.7944973052863983e-07
68 1.0141428648764283e-07
265 7.140310113501653e-08
699 5.109649368631298e-08
382 8.084820367639602e-07
536 2.8017986607018044e-07
433 5.73420994347643e-07
102 1.1803582129728716e-07
278 1.9094938829944034e-08
181 7.409963135506051e-08
687 4.3815200594847975e-08
525 4.047002505358596e-07
144 3.407285449737241e-09
140 2.4651502699298705e-09
479 1.1726579245950475e-08
