277 4.826684570230923e-06
654 6.658837130309171e-05
314 8.544763425458023e-06
471 2.0522763004886348e-05
705 1.650102696656893e-06
231 2.3027370474729174e-06
249 4.286806679935957e-07
321 6.9671250904244735e-06
355 8.102583572522589e-06
444 2.3215798897681872e-05
473 6.530279199934029e-06
478 1.2045071988994527e-05
558 3.274957186633457e-06
608 9.649955352413124e-07
657 9.72815781551651e-06
708 6.733922308430443e-07
141 1.54991072048306e-06
245 2.6455466908179468e-05
426 7.227403637185516e-06
475 1.515175799030529e-05
56 6.450640783460234e-07
94 1.8840723203699548e-06
299 5.806794404332008e-07
318 6.44812976197042e-06
589 1.0755510354413816e-05
652 2.8948732408282983e-07
683 2.4999954392969192e-06
129 1.5392730730382423e-06
196 1.4261665535280275e-06
320 3.8484602525817807e-07
333 6.544266406162667e-08
653 2.369881476672443e-06
716 5.84440487548472e-07
508 1.1500951564616736e-05
236 3.43298243615284e-07
284 1.9040696447537934e-06
467 5.8776373154377136e-05
586 3.728612955336542e-05
660 5.979215001179507e-05
222 1.7915984475070753e-06
237 2.2422355707850513e-06
255 4.997127356012906e-07
585 2.357833926287509e-06
656 1.0288494127712338e-06
130 1.4765141632058426e-06
584 3.71431158605018e-06
179 2.7670143190698714e-07
186 8.05045930624441e-07
227 1.279666057748596e-06
341 4.300505828763634e-06
550 1.9775669685469736e-06
700 2.1142928631669124e-06
223 5.251253937013085e-06
51 4.057116201241596e-06
136 2.9906870970014417e-07
167 8.406170889010622e-08
187 2.621573383955267e-07
206 1.4918222639936188e-06
381 1.0421746422635586e-06
450 3.170781363851914e-06
688 3.2165226804153046e-08
694 1.1746529244998905e-07
698 2.075502443714231e-06
572 8.248334047419778e-08
689 9.129186815209013e-07
666 4.491424922317727e-06
432 1.2540031062577934e-06
441 6.613617694107987e-06
501 9.971614168712363e-05
678 4.787712342863137e-07
697 7.886656756445945e-07
331 3.065337016843692e-06
538 8.26872182253248e-06
251 4.486820403580777e-06
658 1.9535777949280177e-06
703 1.8337786934073509e-06
414 7.3413939392250396e-06
546 1.8094702597583935e-06
37 1.8477212960174753e-05
322 2.4469721830894408e-06
676 6.575767689323659e-06
