36 3.73590484682494e-06
40 3.275092759903235e-06
324 7.77332347118113e-06
33 7.092064064621038e-06
59 1.2881492862950945e-06
296 7.503816147410066e-07
323 7.401022560223086e-07
353 1.5305766067935452e-06
358 3.158172188162002e-06
373 3.973236200785766e-07
377 8.947183915956385e-07
490 9.12591951204818e-06
502 5.1010149343203175e-06
543 1.2343211526561905e-05
545 3.5245320885828896e-07
555 4.01516001932149e-07
560 1.0414041604387952e-06
567 5.9212655535360645e-06
580 2.791569035599603e-06
582 1.9076200487241322e-05
596 1.215523449153772e-06
634 3.751214340562903e-07
662 8.339440031878335e-06
664 4.189800552819733e-07
670 2.40803456855143e-05
673 2.840347138068167e-06
677 1.1851332507950076e-06
685 1.9773117636363675e-06
692 7.279879812604774e-07
334 2.9997114967829355e-06
464 3.730907006887789e-06
577 2.4032892850175327e-06
691 4.633788441098499e-06
43 1.9055086621427633e-06
317 6.421108310945568e-06
380 2.638345495359043e-06
483 3.260013990805718e-05
587 1.983786617073363e-05
11 5.258917256519591e-06
31 1.6965188530532493e-07
39 1.9853883413115595e-06
113 1.959847621794738e-06
115 2.6657883707480566e-06
171 2.034836292157704e-06
293 3.8597044676107894e-07
305 2.519079718887816e-06
325 5.754728515711925e-06
330 1.775035903837506e-06
354 1.6523982593796042e-06
366 2.5915453047313944e-06
378 7.428724886721697e-07
460 2.288140636690336e-06
468 6.814054715206721e-06
521 8.460549171529136e-06
557 7.648699004282693e-07
571 4.3095196958468714e-08
579 5.560146881322228e-07
581 8.333199815513774e-07
590 9.508657216312686e-06
592 5.239230001353362e-06
604 1.3935072943813366e-06
624 4.951931228177965e-07
650 1.0095253575349915e-06
661 4.637003065166084e-06
663 1.5762568541832232e-06
668 3.997268526429497e-06
671 6.607020975859936e-06
674 5.2554963588310186e-06
684 2.2784056176867854e-07
690 1.0322105899146734e-06
336 6.358617928891302e-07
416 2.1488788385605257e-06
498 8.5852046344193e-06
576 2.990644419105873e-06
583 1.01043380896328e-05
