561 1.2336871563416583e-07
326 2.5297524700380602e-06
370 3.0133916234804153e-05
375 3.1970742299589487e-06
569 1.4136486902156803e-06
356 2.739655829855018e-06
553 1.475791760947256e-05
250 2.0922070127878724e-06
199 1.1783133253876361e-06
6 4.6932256427776346e-06
431 5.7676926494458356e-06
300 2.6080063697131107e-05
60 6.456364613423934e-07
135 1.6001277200850425e-07
315 5.9219726241180815e-06
514 4.389741661806182e-06
201 4.470843378390316e-06
359 1.2853494065625062e-05
511 3.89952813956158e-07
311 1.6629271922960907e-05
516 3.28330516296796e-06
443 6.254651498833992e-06
16 3.019136957105749e-07
438 1.7981389091668174e-06
603 1.078016075639837e-05
477 1.05697321415006e-07
466 2.9841098728180137e-07
451 2.8002706905696524e-06
81 4.060519926837679e-07
607 0.0001340730456309723
609 1.0143423092868048e-05
542 1.9832663151470548e-07
712 2.0546396466492456e-07
449 1.2414241641260797e-06
420 7.532777446834191e-09
177 1.5477199783516852e-07
445 9.699897089918385e-07
497 8.595024712619295e-05
58 5.27047210667042e-07
72 2.2808205653693104e-07
92 1.464954470123872e-07
411 4.798965114375605e-06
715 6.255974750071714e-08
710 2.1561981765479985e-06
74 4.6691264803940663e-07
146 9.745292719739325e-11
339 3.9052111601178843e-11
202 1.535459275827073e-05
421 4.7164730591046456e-09
295 2.972871297096907e-07
86 4.2204735111299075e-08
244 1.71487808009567e-07
362 9.13226054867919e-09
89 3.5117507217826106e-07
97 8.575103013797884e-08
535 1.8250438765823943e-06
91 9.84832491290585e-08
154 6.50677749326329e-07
203 2.3805626094487572e-07
193 8.211652209916533e-09
402 3.1493170222763595e-06
45 2.700774881670393e-08
185 5.346200903423399e-08
428 1.179919893951887e-09
313 3.5624355720462936e-05
84 2.1496176203294918e-07
148 9.013384350474178e-08
151 1.2319653437430385e-07
456 2.7659020266783186e-07
70 2.168475385930125e-07
513 7.162502820369921e-07
125 5.357885617228221e-06
189 5.6325783390926555e-08
246 1.50848253900256e-07
383 4.964210532634685e-07
419 2.610998479888076e-07
556 7.539583349255683e-06
408 5.589745712139103e-06
152 3.1414698385658828e-06
195 3.8787544094679215e-08
401 1.66089119657033e-06
106 2.140678509098528e-06
391 9.235470148718816e-06
641 1.1569719226956992e-05
512 1.5131457264328083e-05
384 6.828081573489226e-06
27 1.3768868454513072e-05
393 6.0074914097905165e-06
528 5.585184369271842e-06
409 3.718433001125746e-05
410 1.95865498540053e-06
566 2.2687704264995478e-05
105 6.329051717249647e-06
396 3.7897818718052337e-06
406 9.280462054830241e-06
