469 1.5485118786509158e-05
248 1.497336798621349e-06
178 4.7382783427228147e-07
702 1.2484617412761698e-06
131 3.4216180095520573e-07
695 1.285450945658174e-06
434 1.8869624865878724e-05
417 1.3346899162269122e-06
327 1.828809607286995e-05
717 1.8604981899622143e-06
707 1.6018740404281234e-06
96 3.0335536748326337e-05
672 0.00010983467926179664
5 5.767113938753488e-05
19 2.2622876870017926e-06
20 3.818557309777618e-06
30 1.7794447998214968e-05
38 5.275027437726904e-05
44 3.0716279018532928e-06
87 0.00017058477004627828
88 4.7456031210799286e-05
122 3.3925505403857397e-06
162 1.7266296206404655e-06
192 1.0451335791353731e-05
211 4.164062661260128e-06
219 1.8456748726192073e-05
230 1.7518274751874098e-06
258 6.157526593899072e-05
304 1.6127374772033797e-06
329 1.826881081244456e-05
340 3.8983495529592046e-05
390 6.687552457179298e-06
494 9.553199720484267e-06
495 3.8252898725787156e-05
509 9.924323110173095e-06
518 1.612414528340598e-05
523 1.4112173694180485e-05
574 0.00011011275824459261
578 7.256921914610614e-05
655 5.031653922433283e-05
696 7.098750843419701e-06
701 1.1616333646846439e-05
704 2.5800475652356153e-06
429 3.181415665574908e-06
440 7.5792348916394445e-06
496 5.924956779055558e-06
229 1.927452513625556e-07
588 2.403066047283835e-06
224 7.931910975930267e-06
335 2.949909735005642e-06
686 3.1857459813631273e-06
228 3.2037120520281643e-06
49 1.7684977019716208e-06
693 2.997239585463375e-06
570 1.0040525401229441e-06
613 2.236439189470936e-05
357 4.673822439279605e-06
