482 1.123076159130113e-05
568 3.609135685946372e-07
116 6.06973945830833e-07
139 3.784965054611925e-07
9 2.533081799996116e-05
594 1.0875906279103673e-05
41 2.8168476790433654e-05
147 6.407195718366435e-07
500 5.0324589623046715e-06
505 8.262611303022574e-05
659 2.8364705327622298e-05
302 1.1861371208194749e-06
306 2.905113195901811e-06
25 3.1448429969551e-07
114 2.5037094655598928e-06
117 9.253792741054343e-07
221 7.786766801567704e-05
562 2.6230555817121286e-05
283 5.568698929914939e-06
675 3.588893596185589e-05
47 5.358891779128111e-06
170 5.12844293554509e-06
257 2.1028778977199327e-06
46 3.857992370576347e-05
120 5.64930826899242e-06
243 4.137725096023879e-05
485 0.00012260965709310611
503 3.5511152387407596e-05
0 0.0003125946560870164
21 6.457333171393364e-06
328 1.0626276659486811e-05
486 0.0003810622089489142
593 9.739913404400368e-06
34 3.2536531636054876e-05
160 2.8833794723887067e-06
480 9.075216481710505e-05
564 2.400679990497585e-05
379 2.065577769457992e-05
42 7.438775586355865e-05
145 9.67253246517776e-06
544 4.0441973668003626e-05
32 7.416016110338025e-06
3 0.0001405180870855111
29 0.000201695113884184
48 5.359142755401342e-06
158 3.4858628979965435e-06
165 4.644254082159542e-06
247 4.471991868548148e-05
252 3.568528948049537e-05
484 0.00012361856166146382
524 2.6755125437502962e-05
667 1.4378291046868835e-05
1 0.00012996957163222475
149 1.3052983249131621e-05
352 2.037829953762998e-05
665 1.3646924485705933e-05
35 1.2708036075900254e-06
225 4.258470040216963e-05
57 3.29689810335838e-06
