191 3.356534057546469e-06
312 2.9033224194123317e-05
504 3.1125566197158846e-06
123 1.230417542251533e-06
376 5.829640041148537e-05
360 3.739611082991454e-05
73 5.3382939862649694e-05
549 0.00012289674111260008
184 2.6440432243563054e-06
372 6.813773493700149e-05
554 7.444568516571136e-06
292 4.8365335788964165e-06
297 2.48206497467165e-05
343 1.0013954549741037e-05
17 7.663097575575138e-06
493 1.0049204293950287e-05
533 3.6021141134596034e-07
128 1.3592014858246906e-06
591 2.7584449365629102e-06
80 4.350036714581918e-06
176 1.9638465936429214e-06
423 1.4643571558161887e-06
446 6.478896917059575e-05
276 4.28608748689378e-07
472 7.292311961557696e-06
407 5.389727538989571e-06
679 9.14825397494488e-07
253 3.016729976603194e-07
183 2.639780713623932e-06
488 8.731287593473614e-05
682 6.620209971492545e-07
680 3.1190776128485716e-06
565 2.0101398749089846e-06
706 2.8586260258723693e-06
234 2.126389893874701e-06
124 9.9927881269746e-07
364 2.104559688836021e-05
289 2.127809424492327e-05
285 6.760716872226914e-06
455 4.413825218442191e-05
515 2.976211806379094e-06
489 0.0004263997726353659
308 8.671173266976046e-05
226 8.590775518638019e-07
559 3.338010186576524e-07
65 1.9299014113261328e-06
163 2.791320295068525e-05
143 1.4932887520420916e-08
547 7.861636488234156e-06
435 7.140664858921804e-07
539 2.1931587496031166e-07
342 6.556369761169537e-06
412 9.97334900748943e-06
413 5.997175274003472e-05
374 3.6789291505875924e-06
332 1.6910696297688533e-05
