16
0.0059790102516983175 -0.022692252998482917
0.00790266369617134 -0.012227273932822835
0.013000031832198703 0.00889404523645082
0.015536369603960626 0.019945863332896163
0.0032856042565074283 -0.02044808278499096
0.004797091037690724 -0.010910757238982358
0.009072099989626324 0.009060431863103327
0.011077305102330747 0.01919889941656169
-0.0014136564969702745 -0.019080285478863326
-0.0007638604911190277 -0.009376956798130352
0.0010579299138395739 0.010263735582465973
0.0038346337723026026 0.020386086370687253
-0.0043242766121247556 -0.01964938366956596
-0.0036309884434692803 -0.00903777739366243
-0.0027175241902598546 0.011458782970740797
-8.328175028124754e-05 0.02261723763061465
