16
0.005955644264406104 0.013326272521000153
0.007058881874824169 0.006253751929588769
0.009619759244222141 -0.007049692413638847
0.011699069592631712 -0.01300837841492321
0.007273600024608685 0.012386378516007044
0.008295586092074045 0.006159034280729175
0.010935133142723132 -0.006108068990340971
0.012968304152191553 -0.01135776829410469
0.008978968433569713 0.012493334469593168
0.010411896393646529 0.006500073803889893
0.013674014815246043 -0.0049056626123463705
0.01554591825238185 -0.009869317208586536
0.009779138560539451 0.013427833642678999
0.011374670442546926 0.006978976492845666
0.015034379501047137 -0.004668032474114349
0.017232974668528928 -0.00990711789749585
