16
0.006346608443938243 -0.001973587283825581
0.006116215538949631 -0.001007804911777173
0.006057723269574345 -0.0002583917437172555
0.0059247484246556245 -8.009301868524681e-05
0.006261657680318261 -0.0016841129816218515
0.0060456551308072605 -0.0007795043182226151
0.006077119047076613 0.0001439193759222914
0.0060333660458185435 0.00045423122429805765
0.00615992655755721 -0.0014733389215351286
0.006009542048220549 -0.00041706539883577256
0.0060904317932863996 0.0010750423184673313
0.00631465180047867 0.0016282659284843092
0.006112445758192335 -0.0014364873893788859
0.00597765572983297 -0.00024147703862226801
0.006086588353524587 0.001554367348668642
0.006421879882113467 0.0023304166336692413
