16
0.0023019939364934696 -0.0007899720977313519
0.001946396584787837 -0.0005837920523704165
0.001647030097047642 -1.960992888419514e-05
0.0014025614369714324 0.00032923577546191423
0.0022140000222928336 -0.0006249135874642145
0.0018726371685109649 -0.0004270803182015088
0.0014883433950152508 0.00014996671158202613
0.0012286978839170734 0.0004907584460829732
0.0021222223132177044 -0.000428708069536149
0.0017657532708988976 -0.00015518198702583154
0.0011050661344747508 0.0005377663645472732
0.0008582329535069258 0.0008513222479013786
0.0021121821247559245 -0.00035164720560084035
0.0017108153883671831 -3.705366205757784e-05
0.000916630163673972 0.0007356946498647454
0.0006087246974742566 0.0011031451948682884
