16
0.02753286894873233 0.0025745281262133
0.02821714028316055 0.0011868106338121574
0.02841682921509628 -0.0021922055186497373
0.028494581988044297 -0.0034553264038114776
0.027608334903089397 0.0025999549573083747
0.02822980220203225 0.0013749868096540204
0.028484789914325646 -0.0016362435454139233
0.028592638141391114 -0.0025509591979005278
0.027707606266848785 0.0029745622691109202
0.02822564702528586 0.0018231536508739317
0.028653062112911635 -0.000691714136320907
0.028828324651203566 -0.0011085019628356808
0.0277075265130749 0.0033749351628933316
0.028238196803190098 0.002125470928205105
0.02874427513288085 -0.00032513401059669034
0.028975345753280386 -0.0005703617926769522
