16
0.017371993017984443 -0.0038483329051997696
0.016013362963479046 -0.0022782890965198123
0.014135184569104457 0.000152796448944744
0.013288157675014515 0.001837538409732717
0.017427021107922127 -0.0032722278964427715
0.016235963742372822 -0.0017950330009897145
0.014544139860226644 0.0007199030036957419
0.013850457198576593 0.0024217633073650956
0.01765560750467947 -0.0026458307050059014
0.01659235455829694 -0.0010433468818111943
0.015169996785434852 0.001960881925301688
0.014680035602647887 0.003880973181822434
0.017919447011424776 -0.002487538683225054
0.016803032357752982 -0.0007232205500877678
0.015433903101695031 0.0026410607209006224
0.015034424758693469 0.004904901220437284
