16
-0.0045888595826694845 0.0073320230025582635
-0.002952261936242381 0.0033850496539201505
8.831863619491672e-05 -0.004116877347097671
0.0018898916709735 -0.007872127076530164
-0.003484570542268365 0.006975086490440489
-0.0019880959410060206 0.003404754048804569
0.0010031935080524691 -0.0035980275705877213
0.0027456190367622824 -0.006970343282539428
-0.001997781286206786 0.007181012298644593
-0.0002758822388693289 0.0037348701795468934
0.0030551481601880353 -0.0028511949419336396
0.00463428506853367 -0.006238920822712419
-0.0013651797371537742 0.007799967021193196
0.0004948894973725285 0.004078102643092779
0.004129195796242797 -0.0026884219462687893
0.005950496889492551 -0.006315815718755826
