19 3.309954662477827e-06
572 2.3113691486102812e-07
441 8.92526215153236e-06
697 2.020457892844208e-06
678 1.0803945396793277e-06
689 2.493032167139261e-06
666 5.11317319180333e-06
483 2.8689317053353612e-05
51 5.174087428820051e-06
432 1.8846435732788074e-06
450 6.247947086804246e-06
49 2.1929563003507613e-06
136 7.108808660182584e-07
167 1.5353262685817746e-07
179 5.006996973814348e-07
187 5.277632702377017e-07
550 4.634933264653424e-06
700 2.839095330798708e-06
44 3.862255341796275e-06
223 6.277265852833914e-06
693 2.8733918169052663e-06
186 1.7777103068209774e-06
206 1.606359532770557e-06
227 1.957570409889807e-06
381 1.2558237960861003e-06
586 3.987763027470474e-05
688 1.1995390922971208e-07
698 2.838392827821194e-06
584 4.24645945838296e-06
5 7.27967924053772e-05
38 5.8748600009122086e-05
224 1.0669930493626137e-05
236 4.899271943002003e-07
341 4.572009718048424e-06
501 0.00011743020190785218
585 3.2915174087508e-06
694 2.2585863423429292e-07
230 2.6219635401245693e-06
548 2.8314673906435027e-05
329 2.5791496701892172e-05
446 7.161595624208135e-05
255 8.652027902795601e-07
284 2.492995126774114e-06
335 4.69582392365782e-06
656 1.2047919180220627e-06
658 2.3735784311378875e-06
219 1.6377965140698646e-05
357 5.367621759069773e-06
494 1.1863201807315404e-05
523 2.0912389902523194e-05
130 1.825762205718384e-06
228 3.6858774913538564e-06
237 2.415237729071636e-06
570 1.1356090482441555e-06
686 4.788438157354242e-06
30 1.8996522061200662e-05
578 8.40763310692318e-05
655 5.994899253331481e-05
56 1.333831059526701e-06
222 2.100999364532366e-06
475 1.4536843216134304e-05
594 1.0614756227917491e-05
704 3.855767641288738e-06
20 4.588765604300217e-06
87 0.0001598866605056618
94 2.3245862192715137e-06
333 1.2329272877091365e-07
467 5.862141995659724e-05
652 3.701495629576684e-07
660 5.920777376155987e-05
716 6.332387327166779e-07
129 1.6468572374076478e-06
196 1.7874745155900108e-06
318 7.6873218244346e-06
320 4.0205024718410253e-07
508 1.0129937250286019e-05
390 8.090103601426522e-06
299 6.86769147568695e-07
440 8.603685506376407e-06
683 2.5589275794649596e-06
696 9.860780896490236e-06
701 1.2779734649195399e-05
131 3.738639225601504e-07
496 6.237120511064007e-06
88 5.0685792649227654e-05
229 2.2651166198714826e-07
473 6.623889554170528e-06
672 0.00010473943458499012
708 6.912871078975954e-07
277 4.007703355602526e-06
589 1.2439596901029547e-05
608 9.82082969039965e-07
653 3.1754467908430458e-06
355 7.939362614923267e-06
657 1.0887157494430254e-05
192 1.274538502717965e-05
141 1.53390991358782e-06
426 8.055378850077947e-06
444 2.6763018318776276e-05
162 2.2892952703361393e-06
518 1.796376640279657e-05
231 2.2499761634984027e-06
314 9.299779999708122e-06
478 1.3998426207664416e-05
588 3.4982924749263453e-06
654 5.998934873363014e-05
122 4.7455428298957305e-06
178 4.349827783843369e-07
245 2.854007400770804e-05
249 3.8380658631829534e-07
258 5.5971392885554964e-05
304 1.7186398619290558e-06
321 6.980742304370745e-06
327 1.7740637947265512e-05
469 1.534594446063035e-05
471 2.1213049548173112e-05
500 5.0657364456779e-06
509 1.1113296517596376e-05
695 1.3184085067007227e-06
717 2.809095105135096e-06
96 3.286186374547048e-05
41 2.99469374161082e-05
73 6.066159551389012e-05
123 1.1153050926606675e-06
211 4.885901242179655e-06
248 1.134633586368481e-06
376 5.835427928850818e-05
434 2.017766050424916e-05
503 3.5863877170614985e-05
504 4.248896749154565e-06
505 8.635921574999463e-05
558 3.083349060171019e-06
675 3.590351117108467e-05
702 1.1281874168394858e-06
705 5.081299165543188e-07
707 1.7240570810925176e-06
147 9.527199514842486e-07
9 2.5564757710800944e-05
46 4.878562776627511e-05
47 7.353952673509024e-06
80 5.144289115067604e-06
143 5.649754411246431e-08
184 2.8363165708696064e-06
191 3.526203224084651e-06
283 6.290663620280556e-06
292 6.069672010886925e-06
297 2.9057240475927687e-05
312 2.6166322531677937e-05
332 1.8189251949333326e-05
343 1.105132603582217e-05
360 3.807092494137194e-05
372 6.91108105251324e-05
374 3.7842308758424204e-06
413 6.63072733379452e-05
417 1.4110094511322875e-06
429 3.672485467280738e-06
435 8.843770682566565e-07
493 1.197716567764823e-05
533 5.646823671152167e-07
539 3.969228353933959e-07
547 9.745302565701034e-06
549 0.00012939721644166386
554 8.798724240133527e-06
562 2.811435071472749e-05
482 1.2219305111983492e-05
128 2.4086947408674036e-06
472 9.154407455615245e-06
488 9.28653368125268e-05
591 2.8698996492042757e-06
680 3.3886336541236515e-06
