11 5.491583936090575e-06
31 2.0189230703876086e-07
33 7.011772056618345e-06
37 1.726420848081568e-05
39 2.7991897263001254e-06
40 3.7826211707799267e-06
43 2.383696182101692e-06
59 1.3288133289495436e-06
113 1.4275245397374045e-06
115 2.5259045860728352e-06
170 5.524682742573816e-06
171 1.9427133747355592e-06
251 6.252304248677506e-06
293 6.022984829008392e-07
296 7.053522331018784e-07
305 2.3385753199795676e-06
322 2.3138630258817054e-06
323 7.129453227255358e-07
325 6.284251836106315e-06
330 2.0869956350671647e-06
331 3.7296010512911544e-06
334 3.825728704869941e-06
336 6.800946440266728e-07
353 2.1145025832658434e-06
354 1.9471691160896885e-06
358 2.741302305403238e-06
366 2.1658463013725575e-06
373 3.7733373224617916e-07
377 8.890501930342628e-07
378 7.947895803034811e-07
380 2.459716822227597e-06
414 7.805597594625417e-06
416 2.1596825705469537e-06
460 2.30157427505984e-06
464 3.4840362220569815e-06
468 7.98922727622221e-06
490 9.264789970469574e-06
498 9.467076504797371e-06
502 6.1773557383085424e-06
521 1.251235417843495e-05
538 1.7501863170525223e-05
543 1.4465611595919856e-05
545 3.894252907722025e-07
546 1.7837385277304783e-06
555 3.095892882960532e-07
557 8.012479739867917e-07
560 1.120313447901158e-06
567 5.611819365123277e-06
571 6.311236717103228e-08
576 3.9135477670410125e-06
577 2.8090690783863307e-06
579 6.031721383076379e-07
580 3.0325150222015556e-06
581 9.116055518495605e-07
582 1.9136124491545735e-05
583 1.2196305406527753e-05
590 1.3422394724333807e-05
592 5.7535033700001205e-06
596 1.5708236871464447e-06
604 1.5810292397192604e-06
624 5.546656180747237e-07
634 3.6757562122898504e-07
650 8.945004553791216e-07
661 5.695270261666743e-06
662 8.745333320609207e-06
663 1.910385311507522e-06
664 3.8222112489959276e-07
668 4.557322559244529e-06
670 1.986018016103839e-05
671 7.239064440898956e-06
673 2.2453504824264627e-06
674 6.067457292293051e-06
676 6.894736977131784e-06
677 1.4920402260883882e-06
684 2.2250741970188218e-07
685 2.0688529087532635e-06
690 1.1562547822524744e-06
691 4.426204514557068e-06
692 7.252416737254958e-07
703 2.068974565343158e-06
36 4.980252804130995e-06
317 6.711585020077961e-06
324 7.5126303740395125e-06
587 1.7303180947454588e-05
613 2.583814848720989e-05
495 4.177179607014385e-05
340 4.541598031522281e-05
