17 8.736387565954253e-06
12 1.2994044018440925e-05
28 4.181297431056609e-05
52 6.116534483386968e-07
58 4.990549462740439e-07
60 8.205008363148193e-07
61 4.8060028909647625e-08
68 7.053002806284763e-08
69 2.1948450407254808e-05
82 1.4694232536664507e-07
92 1.268132283686345e-07
95 2.8427600798840905e-08
98 4.952902399217524e-08
100 1.6476011394633572e-09
102 8.634005101060466e-08
103 1.9150059372171628e-08
110 1.1135999911436283e-06
127 2.2169600380587166e-07
140 3.427090205444928e-10
144 1.4392338125488783e-10
148 9.267084135037042e-08
153 0.00012786040547108982
159 4.319924078659822e-06
164 2.6410927173671627e-06
166 7.053104552093184e-07
168 5.5155672478148165e-06
173 1.0098811880960019e-06
174 7.402136690733267e-07
175 2.6050088406304176e-07
180 1.511751482377217e-08
181 6.753669296438486e-08
182 4.956289864032361e-09
197 1.7444293906673083e-07
207 1.6155494190872134e-07
210 3.383775304187021e-08
212 4.0961125278900364e-08
214 7.731849946228066e-08
240 1.2093790620501444e-09
242 6.675945743317941e-09
265 6.918261593756646e-08
266 2.412911856104518e-08
271 1.913874764812552e-08
272 3.225983927104673e-08
278 6.579330318896537e-09
281 1.2374332098124182e-07
286 3.672730987523483e-06
298 2.1412884778433398e-07
307 1.1533021267509267e-07
316 2.6675590045065905e-07
338 1.1881548874972852e-07
350 7.521946755875251e-07
361 1.0076988982042837e-07
365 1.0790282794989638e-05
367 6.204686358611834e-08
368 5.045973442557892e-11
369 3.2569584727380613e-07
371 1.1143791373063051e-07
388 3.201601502034868e-07
394 5.422757627905687e-09
395 6.814163801616663e-10
398 4.5373945792635046e-07
401 1.6680769114020537e-06
403 1.19322053369925e-06
411 4.8156604756403e-06
418 3.1214543396931087e-10
421 2.4627116580316245e-09
424 3.296161288169205e-09
425 1.1313808179617972e-09
427 1.6218750485814e-10
433 4.3394017518523735e-07
458 1.6647073744251072e-07
463 1.66239501847868e-07
477 6.742306162233901e-08
479 1.0618663408460885e-09
487 6.9252892980968865e-06
492 6.10165176523726e-07
506 4.879345656206126e-06
507 3.5415375978941984e-07
511 2.5358048763332076e-07
520 1.923400476050145e-07
525 2.7838209862370125e-07
535 2.152206350777502e-06
536 2.46690358873561e-07
542 1.266663799097312e-07
552 3.0829461316161774e-06
553 1.644614330703139e-05
556 9.402937689652859e-06
569 1.834821143759303e-06
574 0.00011475024549706624
595 1.7603189817944316e-06
606 3.2932055391821763e-07
611 9.437673176188015e-07
632 2.0393737341667955e-07
644 4.3820023504546163e-07
687 2.4149446142182014e-08
699 3.79519890543637e-08
709 1.784296423455694e-10
711 2.2951208373747255e-07
714 2.447330578070213e-06
715 3.938279072841377e-08
2 1.221733310097259e-07
4 3.457472827639019e-07
7 3.01436967417808e-07
8 3.0308943549650113e-07
10 0.00021419726681885963
13 1.1566260693247357e-07
14 1.099472564884729e-07
15 5.089552277821867e-07
18 1.537464952575971e-06
22 3.5169000479372954e-07
23 1.76905515168623e-07
24 3.551950567465622e-07
26 2.170455159569113e-07
27 1.3907974947594447e-05
50 9.144518567360322e-09
53 4.2965758936453995e-08
54 6.005334170738596e-08
55 4.3842781087001685e-07
62 2.6521061333627576e-07
63 8.934368120179467e-08
64 2.1146405432781687e-07
66 2.77465111845711e-09
67 2.661238213854587e-07
71 1.4261087492754576e-07
75 3.0216764820596395e-07
76 2.954333538896955e-08
77 2.9543335388969556e-08
78 2.783388665223785e-07
79 1.8185971089784166e-07
83 3.32771186817436e-09
85 1.8821425368735547e-07
90 5.319757730964538e-08
93 1.4226486268071868e-07
99 7.11929424832879e-08
101 4.051376894170067e-08
104 7.489215002538286e-08
107 5.8568385010662984e-09
108 6.553443866753364e-09
109 8.587411402590125e-07
111 2.829225633507487e-08
112 4.446840844005264e-09
118 1.165485883571579e-08
119 2.432586280321342e-07
121 2.983440955275414e-08
126 4.644555093209843e-08
132 8.329079387307812e-08
133 1.2134912592499738e-09
134 5.80943520832006e-09
137 2.409945445740343e-09
138 5.188621756524939e-09
142 1.7088022820213051e-09
150 1.9851547576742136e-08
155 3.9789724271081546e-05
156 1.1006208443129526e-07
157 1.6511859589056538e-06
161 5.894180052421956e-05
169 4.708538010318563e-06
188 3.3383532196667895e-05
190 8.004932606585023e-07
194 2.128160718008306e-09
198 5.8148075986487293e-08
200 3.4768795555015833e-08
204 6.275960870686289e-08
205 1.0396838373953183e-07
208 1.4654377668562693e-07
209 9.050693291005603e-08
213 3.236887211548415e-08
215 2.593399866956725e-09
216 8.836395110361361e-08
217 3.968382358869556e-08
218 2.823242874437225e-09
220 3.1539115172889844e-07
232 2.043240394148025e-08
233 8.129806895239452e-09
235 1.2267645525186494e-08
238 1.747136719100764e-08
239 1.6931152683926304e-08
241 5.0077118087652654e-08
254 6.73745235175976e-08
256 1.1904601875257599e-06
259 3.051708221480367e-07
260 6.751462712973886e-08
261 2.301979902881927e-08
262 5.592745222350925e-08
263 5.748470262425751e-08
264 1.752088505279226e-07
267 1.850466385252511e-08
268 4.070437852257666e-08
269 3.213628893607792e-06
270 5.778949344607492e-08
273 1.0816640466204105e-06
274 2.8787002699702047e-08
275 4.649682177849686e-08
279 1.342000122649455e-07
280 1.1105311777706859e-07
282 4.5335222353467974e-08
287 8.604983815923099e-08
288 3.198662900538232e-09
290 3.9666335072890676e-08
291 3.1558511780419965e-08
294 3.770148325712808e-08
301 5.625253006464929e-08
303 5.107367324089073e-08
309 1.5268546975047912e-06
310 1.322651940308546e-07
319 3.1712645597400137e-07
337 4.673096165901403e-08
344 2.300450279979984e-08
345 3.426425429578096e-08
346 2.3802116146453817e-08
347 5.1722738423733475e-08
348 1.946553205187061e-09
349 2.9096650097607967e-08
351 9.90643851704638e-09
363 2.6135534126665992e-05
382 7.58775793347385e-07
385 1.4416559073307638e-07
386 8.420154524377075e-08
387 7.589379886583165e-07
389 6.311696566435047e-07
392 2.4752299553987037e-07
397 2.786891099919858e-08
399 4.806326814680946e-07
400 3.804212733342467e-09
404 6.37568643951197e-08
405 0.00010823640573432442
415 8.671510839729789e-09
422 3.743618162367151e-09
430 2.566848855892884e-07
436 1.6824586733342412e-07
437 1.6677534033000022e-07
439 2.5782164130092067e-06
442 2.37714374427084e-07
447 2.598308506159373e-07
448 2.825720085176367e-07
452 2.954600821626736e-07
453 1.7067059787759186e-07
454 2.4623683269120436e-07
457 2.944441764783806e-09
459 4.171241510095728e-08
461 6.94427157209766e-07
462 3.579533467403028e-07
465 1.1085615696931078e-07
470 1.4969757745423166e-07
474 1.2057356446698712e-07
476 1.2486488306017317e-07
481 0.0001943818084108609
491 9.571260421796095e-05
499 0.00052812744694238
510 5.648444075191068e-07
517 1.8239663339046925e-08
519 1.545968191881294e-07
522 1.9865831044034018e-07
526 2.018811177641191e-06
527 7.987647537610553e-07
529 2.9331332455408645e-07
530 1.2224415893477224e-06
531 7.958829228301791e-08
532 3.028697896843709e-07
534 1.7279659803922682e-07
537 2.620022439612442e-07
540 2.8544244455135695e-07
541 1.345579884639841e-07
551 8.725946017025278e-07
563 1.1537588234218112e-07
573 5.2590844452288575e-05
597 1.8603625115508618e-06
598 1.997006493362657e-07
599 2.351735097721826e-07
600 1.1541429967412168e-07
601 2.1136288414185733e-07
602 1.669027459819615e-07
605 2.810822518611389e-07
610 2.854190169633953e-07
612 1.98586691329994e-07
614 2.5620165265249853e-07
615 2.0609701851439155e-07
616 1.856112793836707e-07
617 1.8399162847893307e-07
618 1.8691159650050485e-07
619 2.7896367602261117e-07
620 2.0411662437060054e-07
621 1.7681451612761367e-07
622 2.5316402044405887e-07
623 2.479449717745201e-07
625 2.614960882647572e-07
626 2.551644111041731e-07
627 2.7924945083029254e-07
628 1.8768616001492628e-07
629 2.8208555827560826e-07
630 2.2042922289305567e-07
631 2.084612446415981e-07
633 2.732771179281766e-07
635 2.919551817556047e-07
636 3.3845494087048474e-07
637 2.2904122870251155e-07
638 2.904479851612566e-07
639 2.55637526287886e-07
640 2.105859259497758e-07
642 2.2109989140713752e-07
643 1.8794585601669162e-07
645 1.5989427207552892e-07
646 3.4204154286716765e-07
647 2.324096273450629e-07
648 3.8294307676212557e-07
649 4.798903442437877e-07
651 1.769245869177511e-07
681 8.851849256552475e-08
713 2.7403593014947076e-07
718 6.074787503767561e-10
719 2.481541134238595e-08
720 2.3959621368626726e-08
172 1.2278697951868321e-05
669 2.9409830723340773e-06
45 3.370609540547577e-08
70 3.0004013820154366e-07
74 5.553470838439992e-07
97 9.663569724572784e-08
146 1.2164964617113607e-10
151 2.0869549895408212e-07
193 8.965432570358236e-09
203 2.00477073600055e-07
244 2.43660221022101e-07
246 2.22031503291405e-07
295 2.979727392289416e-07
313 4.7050992149600315e-05
339 9.268485564050824e-11
384 6.981087559566254e-06
391 9.475435072632286e-06
410 1.9864267410927514e-06
428 3.6617091720159897e-09
466 1.537926399410469e-07
513 1.016122467196004e-06
528 5.859442294734646e-06
402 3.1056675282599338e-06
16 2.429296720324728e-07
72 2.297116902135921e-07
81 3.188312963639844e-07
438 1.3156934955357288e-06
443 6.359060377877273e-06
451 2.7999660073278444e-06
456 2.5975429837957215e-07
516 2.753590870384548e-06
710 2.0609179087987497e-06
712 8.673539189288077e-08
86 8.08388205104321e-08
91 1.3503306766235175e-07
154 9.642426738173132e-07
177 2.3881636425255183e-07
185 8.230521226963958e-08
195 4.27459308578818e-08
315 6.493683450434898e-06
362 1.3195676878695236e-08
393 6.260596983894697e-06
396 3.958958956782312e-06
408 5.835043877426618e-06
420 1.045986133074281e-08
575 2.510770733859011e-06
641 1.2096082013982925e-05
106 2.2373900931301364e-06
419 3.003730418319142e-07
84 2.2698555028881335e-07
89 5.232715438163446e-07
152 3.6609542871021124e-06
202 1.540197529741604e-05
311 1.8312498415254046e-05
406 9.761849051312813e-06
449 6.504510718327924e-07
489 0.0004121422466211592
603 9.724087026177948e-06
139 5.586026067440668e-07
189 1.0701911965914502e-07
359 1.3439483877000555e-05
383 5.29530830616949e-07
445 1.2436251004892365e-06
514 4.7852622729540624e-06
105 6.775376777768767e-06
201 4.875479611596365e-06
607 0.00015111942616584286
609 1.0887749936898964e-05
57 3.4089301735914917e-06
135 1.9861469286665148e-07
250 2.1676055302051494e-06
199 1.6050115025852846e-06
6 4.7919118464936286e-06
125 5.7459535075781454e-06
431 6.311010466334119e-06
409 3.981020819832706e-05
667 1.506546745220698e-05
566 2.3095891622765632e-05
497 8.837755285787764e-05
289 2.3420401648154165e-05
300 2.7086055527347194e-05
356 2.872515404453058e-06
524 2.928396015584411e-05
665 1.4578917215004313e-05
484 0.0001403223592482341
512 1.6956286113897014e-05
116 6.960202617124305e-07
158 4.666774797923097e-06
326 3.2323799163616832e-06
561 1.6930227377370576e-07
29 0.00023513321520557512
183 3.6262627508382997e-06
117 1.1995849363485497e-06
375 3.969158831548819e-06
568 3.9233013324113993e-07
165 5.862679218995331e-06
308 9.242611067317738e-05
65 2.7279107059783374e-06
114 2.8934110281682698e-06
226 1.1315555693269613e-06
253 3.424231176386161e-07
285 7.433351889439253e-06
370 3.359036272703547e-05
1 0.00016138612148665541
25 3.759152566343376e-07
124 1.8463598421108792e-06
257 2.5479074612229684e-06
515 8.146756924826265e-06
706 3.28750873163249e-06
247 4.8828644943026855e-05
3 0.00017308411698837387
149 1.913285665329832e-05
364 2.5011957773957907e-05
455 4.8945246704054165e-05
593 1.1631172057336282e-05
35 1.4056925346754511e-06
252 3.851150696270068e-05
225 4.526429088277377e-05
234 2.675246852282216e-06
352 2.1699598297750664e-05
559 5.610553704042196e-07
682 7.167654532749379e-07
163 3.189015028259301e-05
48 6.526123441251563e-06
0 0.0003022788237322435
379 2.5091049711607075e-05
412 1.1084230537935582e-05
34 4.3292973914894117e-05
42 9.719795166122668e-05
160 4.56993424736555e-06
544 4.939012271478339e-05
145 1.2177630377232766e-05
243 4.914150987792095e-05
564 3.351600319150673e-05
565 4.198225128864007e-06
480 9.840117306729039e-05
21 7.896127148878515e-06
221 7.330543433933528e-05
342 7.603789232821035e-06
486 0.0003773227379438872
485 0.0001442543071425401
302 1.5027675283154547e-06
328 1.2791645538068133e-05
407 1.0932830854993334e-05
679 1.5810480449486076e-06
32 8.152776729491932e-06
120 8.56193538739171e-06
276 1.252450294572294e-06
306 3.5235592201890496e-06
423 1.8723448239981497e-06
659 3.416811242924554e-05
176 3.218512855984891e-06
