11 2.990598525096918e-06
19 2.609281763309676e-06
33 4.514348735690081e-06
37 6.9226954737910185e-06
136 5.598459674234767e-07
167 6.991739728525346e-08
196 3.276460151249638e-06
232 2.4052994409132613e-06
245 3.07268142779876e-06
257 2.2124168310271664e-06
279 3.134214172792702e-06
286 1.7437652020938071e-06
298 1.491042600499928e-06
307 2.418047992129627e-06
326 2.369255325022237e-06
327 2.7555178282946828e-06
343 3.2578914941656386e-06
356 1.9333664910237894e-06
360 3.467217461153291e-06
368 3.3965182085376567e-06
416 1.654580006096e-06
417 3.590437665694985e-06
444 3.5002170297615426e-06
453 1.8754956305833888e-06
463 6.609658539849591e-07
474 1.4799338695084482e-05
482 1.2791093709176706e-05
491 3.669836940852542e-06
495 1.5618158629050753e-09
508 6.220296435089049e-06
566 9.276742344170461e-07
576 2.1412531824714377e-06
581 6.291362856958371e-08
583 3.860266995736454e-06
587 2.5679546521523423e-06
591 1.4809722822308342e-06
600 1.143143032662591e-05
606 3.992161188612858e-06
663 3.12414721337721e-06
667 3.037810038833607e-06
672 2.1270098319118546e-06
674 1.6307877129566795e-06
679 2.9174337348690706e-06
681 1.0941614412067284e-05
685 5.014437762226444e-06
700 4.7079521510303633e-07
703 1.9546832970175374e-06
707 8.070729303357233e-06
709 2.207223895658195e-06
719 7.52918320482053e-07
187 7.476461952753003e-07
505 6.205983248647423e-06
592 1.1040554798860088e-05
39 3.1732537389755955e-06
379 1.4810827184087814e-06
382 4.44635414473863e-06
623 1.2759680477923092e-05
634 3.4447991426275075e-06
