9 3.490571386759031e-05
20 3.6277974829452534e-06
30 1.6384926805800865e-05
31 7.526705263467805e-07
43 1.7912430684511726e-06
46 4.289941518626321e-05
49 2.5832181018545025e-06
51 4.391361881020941e-06
56 6.621868273157228e-07
88 4.3593041417349545e-05
94 1.9924595623031324e-06
96 3.260262980632959e-05
129 3.6013510376961714e-06
130 1.5767931423471393e-06
147 4.83732599745711e-07
170 5.076125504472245e-06
171 3.6135881017537085e-06
178 6.302467372606913e-07
184 4.576446750394634e-06
186 4.727270904371284e-06
222 1.7665879768162418e-06
227 1.214491792007735e-06
229 3.567043836716449e-07
236 5.181467160730752e-07
237 2.157907023336608e-06
248 1.4454719016120433e-06
293 3.6926882797381724e-06
299 5.635521290055869e-07
314 8.64393219087754e-06
318 1.4505004968714809e-05
320 4.219762082255476e-07
323 1.489277230458819e-06
327 1.8797485764139487e-05
331 4.495674566635017e-06
333 1.033823995159958e-07
334 8.569733375581621e-06
335 4.157405704364317e-06
336 1.5123696742447934e-06
340 3.308059837516923e-05
343 1.3678293026519067e-05
353 3.4831475091591745e-06
355 7.940412056068391e-06
373 7.842028386379065e-07
378 2.5353964762742297e-06
416 4.1656799729791036e-06
440 8.630071233310688e-06
444 3.6201364198975876e-05
464 4.327364597235154e-06
467 4.9584624369110225e-05
468 1.9100968874315677e-05
469 1.5941605075951097e-05
473 5.561863551256502e-06
490 1.1740872648473798e-05
494 1.0883951285343666e-05
495 4.219676667420806e-05
505 8.098953311825247e-05
509 7.689154263635512e-06
521 5.827391633314221e-06
543 2.4597351721375032e-05
546 1.95613120144322e-06
555 5.647402373505509e-06
560 3.946815850674319e-06
571 1.1830625078668478e-06
576 6.070898502974682e-06
578 7.64709108623156e-05
579 1.28772680739072e-06
580 3.1141161892527577e-06
583 1.1478465836552954e-05
585 2.780027452606096e-06
586 3.4275000652602016e-05
589 1.3206030711513221e-05
592 1.1370692337661095e-05
594 8.296368232094657e-06
604 4.169041070676485e-06
634 5.30655773107686e-07
650 6.462444118297806e-06
654 7.102241142803977e-05
656 1.5114813893715605e-06
660 6.294226653159822e-05
671 9.606477306378721e-06
673 5.284605047647336e-06
677 6.754296781852901e-06
678 3.4287484542466222e-06
685 3.1348154612637437e-06
688 4.2313065233116737e-07
690 5.04177070429844e-06
697 1.9828269827603685e-06
700 2.0174230245514354e-06
703 2.5499206257252005e-06
704 6.076884679080031e-06
716 5.581282154297836e-07
