591 2.3619788269496582e-06
702 2.893497872315071e-06
429 3.7417448925975075e-06
122 9.55019703082011e-06
141 3.559730041794218e-06
206 2.383559864994253e-06
224 1.3927718451134545e-05
297 3.27723484823762e-05
662 3.1459868821524265e-05
695 1.8516208593038266e-06
480 0.00010614037790498265
523 2.7399529801525452e-05
564 3.594083227657897e-05
570 2.0859864918933676e-06
47 5.971998068154268e-06
80 5.582210331629475e-06
120 9.149246806631266e-06
128 2.9305343901225625e-06
251 1.8799409364251404e-05
283 6.5587183213795295e-06
302 1.6634097429988162e-06
472 6.66784547058383e-06
488 8.668742090719498e-05
500 5.066712036793989e-06
539 5.685085653444404e-07
574 8.69957281796721e-05
669 2.452045982799591e-06
675 3.982884906981427e-05
701 1.5822045194941074e-05
221 7.356694887692146e-05
249 9.012114870221499e-07
372 7.02449776054939e-05
426 8.376148416551399e-06
658 6.78248674737495e-06
588 2.7722828386705946e-06
692 2.3750045494806798e-06
0 0.000292532870989414
5 6.171477414832808e-05
32 8.818041726406306e-06
36 6.942046614821081e-06
48 6.263962683321498e-06
123 4.235696718319823e-06
124 2.7879004539084054e-06
247 6.106430128277e-05
258 4.9855501512123425e-05
276 1.4846732631283922e-06
312 3.5338039657691064e-05
332 1.72887596885084e-05
342 8.032278942847553e-06
412 1.1619645121704151e-05
435 7.960739897066881e-07
446 7.940885587675363e-05
485 0.00015823355169929955
515 1.2377362573088808e-05
533 7.441167184854844e-07
562 2.9571950971210455e-05
565 6.053171370209489e-06
679 2.2795838152552623e-06
682 7.141578357084789e-07
544 4.273165307111358e-05
6 7.406973137435932e-06
21 6.955559983213233e-06
34 4.4223065927307314e-05
42 9.941309448799512e-05
115 1.0061605608177387e-05
158 4.676544395589778e-06
160 4.915329915533761e-06
162 2.3895899117622143e-06
163 2.5422282073462733e-05
234 3.2980257230798234e-06
285 8.084957177767635e-06
292 8.838772332296091e-06
306 3.120122055360856e-06
407 1.5567323489046895e-05
434 2.7627059376489628e-05
489 0.0003933411887695107
493 8.221165439398229e-06
518 1.843327156914398e-05
587 2.6879029372610543e-05
608 2.4274412337028114e-06
225 4.375965461260049e-05
3 0.00013925021397273032
25 3.923756746839454e-07
40 5.789394838993711e-06
44 4.253245124954623e-06
57 3.3596681084824235e-06
97 3.013908392325327e-07
116 6.224969426183278e-07
117 1.6142467111649096e-06
135 2.2066621975894358e-07
143 1.1097181298032556e-07
149 2.0798562724408195e-05
152 3.7558277492532627e-06
169 3.5921279892752735e-06
176 3.1687413706192855e-06
183 3.2671225063595847e-06
192 1.374692211520372e-05
226 1.057818640427432e-06
252 4.1308069788912454e-05
269 3.082750309355823e-06
300 2.7246904228031362e-05
315 7.541819294753849e-06
356 2.6418864470890707e-06
362 1.3702295776316902e-08
363 2.8428384424715208e-05
370 3.254633301292174e-05
375 3.579140567993645e-06
379 2.2948031706363353e-05
409 3.522812219539355e-05
413 6.73967486189566e-05
420 1.8618067404533787e-08
431 7.106658802667169e-06
486 0.00035051306092112177
497 8.566940024624662e-05
502 1.2466671078163085e-05
503 3.933890643450503e-05
512 1.8374636116888687e-05
547 5.8482182455444975e-06
549 0.00012821939149171144
569 1.8356997568002825e-06
593 7.903022986172153e-06
659 4.35250610611859e-05
665 1.4276847815657226e-05
693 3.1121186438281172e-06
1 0.00012636605809292507
100 5.015402105853453e-09
243 5.6876758422806595e-05
641 1.196966279279246e-05
10 0.00016698611444216382
29 0.00020557164206905137
45 8.900949454293604e-08
60 9.21678423201178e-07
65 3.507845814767922e-06
70 6.655246062809333e-07
86 2.1374377980781252e-07
114 3.0923750851379473e-06
139 4.6097336071951647e-07
164 1.6809323643711168e-06
168 4.273728836283241e-06
181 1.0361529316211043e-07
185 1.8416182795999415e-07
189 1.9384902613075083e-07
191 5.531662676889661e-06
201 5.5128549742952805e-06
253 3.4115665095291597e-07
289 2.2078110883264123e-05
294 3.8185405606535386e-08
308 8.810652802896302e-05
321 7.417763883263673e-06
322 6.5624185109404984e-06
352 1.8561680302563056e-05
364 2.1658654077644035e-05
390 1.0253022486213776e-05
445 1.1057834825692117e-06
455 5.050478542052554e-05
474 1.3130863314985378e-07
476 9.250843190790256e-08
482 9.377713603476559e-06
504 2.434516644990433e-06
552 2.768186673519486e-06
553 1.6248435128704936e-05
559 4.5439162719858937e-07
561 2.0409500294892247e-07
568 3.867801595245931e-07
575 1.721322240506675e-06
595 9.641746571462484e-07
609 1.2676745156465596e-05
642 7.980817952228799e-08
655 6.882496278892534e-05
667 1.3287882724534124e-05
680 2.9075232713238655e-06
7 5.3439184283916244e-08
8 4.656396398959889e-08
13 5.14518968402547e-08
14 3.5417171110255027e-08
18 1.2889634016298378e-06
35 1.2122861957492212e-06
54 9.987143227295893e-10
61 6.551494334142549e-08
66 2.16862199197855e-10
83 2.2481900753946064e-09
87 0.000180735707863407
90 9.545901956687099e-08
91 3.4416449856502735e-07
92 2.919121465513678e-07
95 1.7966154652965963e-07
98 2.109659669161411e-07
99 2.5962672862276437e-08
102 2.1743532792133077e-07
103 4.425934815503024e-08
104 3.7229140550844644e-08
105 5.421025331658959e-06
106 2.3042905148037278e-06
108 1.0482831644744806e-08
110 1.0739436162817967e-06
113 4.845494862866648e-06
133 3.5984826984734127e-09
134 2.2039855640249074e-09
144 1.2503449169808624e-08
148 1.0401039614494001e-07
154 1.0979492217950472e-06
159 3.54331044607947e-06
166 6.157061293437645e-07
172 1.0932091160632372e-05
202 1.417929528294918e-05
203 3.440962763481228e-07
207 1.7438575445612628e-07
208 1.6980014651217141e-07
210 1.1050524729970204e-08
212 3.605937724951023e-08
213 1.1110904762876654e-08
216 5.0808420903854e-08
217 1.5679060986632226e-08
218 2.4715169631289747e-09
220 4.6220633568266186e-07
230 4.302497334893283e-06
233 6.833033477104606e-10
235 9.730724898436175e-10
238 4.9301630262671e-09
239 1.2724066937367707e-08
241 5.425311329564728e-08
242 1.23861852979873e-08
244 4.0538787271061365e-07
246 3.19120055042061e-07
260 6.277780610942972e-09
265 1.1808728562143512e-07
266 7.831294806589901e-08
267 2.2582546636037734e-08
270 6.762201157487956e-08
271 4.39472936142727e-08
272 3.651305362290898e-08
274 2.2095306544568383e-08
278 7.503912612076298e-08
281 2.3776493954727392e-07
286 3.1350870722517936e-06
298 2.2870714247554438e-07
303 1.819681003776016e-09
304 2.0738728780537606e-06
319 3.7119684902641675e-08
326 2.2026546526479835e-06
328 1.118455175642136e-05
348 2.3505790766736276e-09
349 2.945129752386643e-08
357 3.429952225237429e-06
359 1.1705180130022259e-05
361 9.930717518675117e-08
365 9.024921512262448e-06
368 1.0510663243638603e-10
395 6.721894201983071e-09
405 9.065871292318938e-05
406 8.561981538717552e-06
432 5.457383280081598e-06
447 3.602629772089641e-08
459 1.2672612839152526e-08
481 0.0001770836021490988
492 3.910085973372748e-07
506 4.989448326640934e-06
507 3.424913400481438e-07
511 3.688648848018707e-07
513 1.0180730971411752e-06
516 2.801400913603817e-06
517 4.647024565232653e-09
519 1.6199497247380937e-07
520 3.1122120995948985e-07
522 3.782346430849561e-08
525 4.3000555286982235e-07
526 1.844636600635299e-06
527 7.18066317626721e-07
528 6.963865920254128e-06
529 2.1550276496965022e-07
530 1.216339591520612e-06
531 1.9955620221334234e-08
536 2.4757858892065304e-07
542 2.5106289253173826e-07
545 3.1132001605505988e-06
548 2.4785986390420604e-05
551 7.018908307923682e-07
554 1.4575451737996379e-05
563 3.062163119775254e-08
566 2.3120976498512326e-05
597 1.2226190211297034e-06
598 1.1138725873299404e-07
600 1.3087136644830763e-07
606 5.510462759820711e-07
607 0.00012179948989746976
611 1.2609936181428322e-06
636 4.532400066172478e-08
666 5.9999760774257676e-06
681 3.359770729109352e-08
715 1.988416707785091e-07
717 2.209075473988244e-06
719 7.008613457967247e-09
2 6.095213816638288e-08
4 2.783371322709225e-07
12 1.0960738978678527e-05
15 2.1782149390518006e-07
16 3.6245275259698315e-07
22 7.759245566334735e-08
23 6.623597735771728e-08
24 9.345865313598292e-08
26 2.9619935887987805e-07
27 1.3019561485816223e-05
28 3.515012515769623e-05
38 5.1034928021444053e-05
50 1.979419488623897e-08
52 4.567615302878091e-07
53 5.7480288114893165e-08
55 2.7679915457893595e-07
58 7.406128711391622e-07
62 1.7817744136138865e-07
63 3.496444631908613e-09
64 1.2526174982684356e-07
67 1.5376468042016356e-08
68 1.9640331165724768e-07
69 1.9392220757220274e-05
71 1.9113221072437497e-07
72 5.580844520129582e-07
74 5.988668231202554e-07
75 1.6011141052980378e-07
76 7.980686842735224e-09
77 7.46951978306425e-09
78 1.7066909507137135e-07
79 6.399566986738666e-08
81 6.237566415859002e-07
82 4.560712798556358e-07
84 8.451274276873887e-07
85 3.3603553107085396e-07
89 1.1946420022401007e-06
93 7.11322797975743e-08
101 2.285960790845765e-08
107 8.904313056679635e-10
109 7.391834399763478e-07
111 3.6738398653177654e-08
112 1.0014435342838735e-08
118 1.1850478678026367e-09
119 2.1576793649572496e-07
121 2.152923793015721e-08
125 5.408091427675957e-06
126 2.7335870684992278e-08
127 1.968172301837401e-07
131 1.2804629524316236e-06
132 7.488407980740531e-08
137 3.666696723314733e-09
138 3.03156135786681e-10
140 9.358228243139502e-09
142 2.8317007431219145e-09
145 1.101659202686967e-05
146 1.1890610588024958e-09
150 3.5289365573092026e-09
151 5.788980622190799e-07
153 0.00011636668479051381
155 2.6096085187843367e-05
156 3.294484508652569e-08
157 1.8186718146278059e-06
161 4.343178395633972e-05
165 6.163601824737055e-06
173 9.19673617309616e-07
174 7.418678355506914e-07
175 2.782648086850372e-07
177 3.656481263515667e-07
180 1.9131558421103274e-08
182 6.084178068415344e-08
188 2.637609411418576e-05
190 7.510562275542839e-07
193 7.774532861028975e-08
194 8.294938476376347e-10
195 9.383364894258215e-08
197 1.7977438393802522e-07
198 1.0653498360750725e-08
199 2.48192842346511e-06
200 1.86079180218571e-08
204 4.231500339451549e-09
205 6.739903135809545e-08
209 2.152259554880333e-08
211 6.9337577076644275e-06
214 7.270536763515406e-08
215 2.987026870864543e-09
232 4.8120741225124044e-09
240 4.716412353096814e-09
245 3.1767111848263936e-05
250 2.1187661576155794e-06
254 6.09110210349665e-09
256 1.1453934468180587e-06
257 1.9118299048464465e-06
259 2.3177363718638643e-07
261 1.4034010417012217e-08
262 1.3877431523207723e-08
263 5.760332743584961e-09
264 1.595046827180022e-07
268 1.12290440495291e-09
273 1.017207899287744e-06
275 7.3761445225704435e-09
279 1.172842972047851e-07
280 7.112352221381687e-08
282 1.905576266354728e-08
287 5.97856479036067e-09
288 2.383943960943793e-09
290 3.249927323782828e-09
291 6.396748522243177e-08
295 3.412700199423171e-07
301 1.7929922159584184e-08
307 1.5822999733126482e-07
309 1.41018821124109e-06
310 6.93194361563449e-08
311 1.9213265301814633e-05
313 3.268252546471508e-05
316 4.748957846080798e-07
329 2.6540084530170986e-05
337 1.478705269821624e-08
338 1.5546363836485942e-07
339 8.015661995134292e-10
344 7.559999554899138e-09
345 1.4296939105663152e-08
346 1.356812318343964e-08
347 2.6195432861476844e-09
350 6.11134448129683e-07
351 6.932494305271287e-10
367 8.224584141280767e-08
369 2.992693797614644e-07
371 1.8714902021241394e-07
382 7.610055768464317e-07
383 5.354207623290625e-07
384 3.4350537105849546e-06
385 2.8768917697464813e-08
386 2.611889403733871e-08
387 6.466328001445408e-07
388 4.27048872688478e-07
389 6.127891003813556e-07
391 4.738482020508779e-06
392 1.995556831434817e-07
393 3.145639000393829e-06
394 4.7018734846047435e-09
396 2.173562279299621e-06
397 3.6360962826224118e-09
398 4.820241797605292e-07
399 3.8068969682800585e-07
400 6.652606671279318e-10
401 1.679230290990232e-06
402 1.5721623713753575e-06
403 1.1005767347330697e-06
404 3.5255209991949324e-09
408 3.604598175155826e-06
410 1.0662924771414966e-06
411 4.732981704138003e-06
415 1.3918245817943152e-08
417 1.1974289060162423e-06
418 5.280628116720359e-09
419 3.1635164650588824e-07
421 1.2621998572893583e-08
422 9.258661061981625e-10
423 1.7105817105122795e-06
424 2.354369645300264e-09
425 3.822807066608252e-09
427 5.416226615470138e-09
428 1.2442710945033716e-08
430 1.5361628183429403e-07
433 6.967977327331994e-07
436 3.739484465548166e-07
437 6.603405874037186e-08
438 1.7041230526621344e-06
439 2.4370574311280826e-06
442 4.665154947500115e-08
443 6.070367629745334e-06
448 3.83208774358101e-08
449 1.8036702767618472e-06
451 3.254967640344779e-06
452 1.1377791672047062e-07
453 2.9621792587142176e-07
454 1.4837235160408865e-07
456 5.583622796335506e-07
457 7.7895106623865e-09
458 2.877396797937544e-07
461 8.634012503817818e-07
462 4.009904867414681e-07
463 1.869411575272132e-07
465 2.2099253116453143e-08
466 4.817134463954994e-07
470 1.0089556446816453e-07
477 1.3768122376025547e-07
479 4.430245481097813e-08
484 0.00012720728837329736
487 3.325173283877722e-06
491 7.70945227414065e-05
499 0.0004497822424646566
508 2.7123124343742237e-05
510 4.338770654674709e-07
514 4.8402210730137325e-06
524 3.088881218579228e-05
532 2.0215374094984118e-07
534 9.33087211577755e-08
535 2.1932165505219444e-06
537 4.476751391757451e-08
540 1.0411578455305533e-07
541 2.5987350188953257e-08
556 7.3004897459840255e-06
573 4.9602328019335866e-05
584 6.710521808254571e-06
590 9.455408280421341e-06
596 3.8224018367969635e-06
599 8.14538583803758e-08
601 8.876939271808654e-08
602 2.0597347564040454e-07
603 9.960065102080225e-06
605 5.0357159925378763e-08
610 1.821185679682064e-07
612 2.3942651322716907e-07
614 1.636225357040364e-07
615 1.7218170796424417e-07
616 1.9370717696584425e-07
617 2.575819196751327e-07
618 1.257097049257984e-07
619 1.523749608862989e-07
620 6.680117749774728e-08
621 3.809469466050894e-08
622 1.1665285770055757e-07
623 1.0894020740144717e-07
625 1.5188093385346463e-07
626 1.9959135037207995e-07
627 3.290291713935645e-07
628 6.310884116899155e-09
629 8.891356763284984e-09
630 1.0056149211236737e-07
631 5.831596395275227e-08
632 1.6023006435995824e-07
633 1.0326360355018138e-08
635 3.746756091844433e-09
637 6.823830759402208e-08
638 1.2355030730971709e-08
639 7.597229540862955e-08
640 1.0968811170607008e-07
643 4.490273172529865e-08
644 4.3201905842852106e-07
645 1.4571623217716417e-07
646 6.455765024576353e-08
647 7.213725165565852e-08
648 3.585657953815795e-07
649 2.758151196471796e-07
651 6.978551677302662e-08
687 1.9028211709219364e-07
699 1.1543047798354413e-07
705 6.048230876578993e-06
706 4.012912506496922e-06
709 6.937960741589789e-10
710 2.4683303560373624e-06
711 4.116958886999726e-07
712 4.6925292668538097e-07
713 2.5769522502649602e-08
714 2.0908685390768243e-06
718 8.06358525025394e-10
720 1.5120850505348326e-09
