11 1.58790147397426e-05
17 7.540122691250855e-06
33 2.3520644047283734e-05
37 2.3927341655155945e-05
39 3.264922494025624e-06
41 2.627490200890694e-05
59 3.058979074424586e-06
73 5.838181309656552e-05
136 2.790737835089052e-07
167 2.4756717306119676e-07
179 9.702905646668776e-07
187 3.1560965487061447e-07
196 5.410749621516475e-06
219 1.3281323099727346e-05
223 9.09506855805685e-06
228 6.573598283140895e-06
231 2.3930943080663092e-06
255 4.46612242910056e-06
277 1.6245264626941455e-05
284 1.9932787739442232e-06
296 2.328438286453045e-06
305 4.497700939485142e-06
317 2.0169242840544856e-05
324 1.4214882236844297e-05
325 1.2414165804418127e-05
330 3.066081359702521e-06
341 4.183721178533153e-06
354 2.1030626489966557e-06
358 1.6482014119956725e-05
360 3.7582419895137324e-05
366 5.42754646249267e-06
374 3.6514777309524614e-06
376 5.982861875304024e-05
377 1.4314776963660916e-06
380 3.5868400744901056e-06
381 1.4518046568881343e-06
414 1.7169586830496724e-05
441 6.619580221762376e-06
450 3.143743889195442e-06
460 2.7083959924583986e-06
471 2.1135724345993827e-05
475 1.40482522387131e-05
478 1.29620986446953e-05
483 1.9212617913788186e-05
496 6.40601448388901e-06
498 1.3602895707408845e-05
501 9.156141998972034e-05
538 1.9270891418263488e-05
550 1.5050518805018062e-05
557 1.0364890908529054e-06
558 3.099313596407045e-06
567 9.083706613223738e-06
572 1.0410104658840893e-07
577 3.3443649401890205e-06
581 1.9295106364171455e-06
582 2.4011923239943234e-05
613 2.1214212544572424e-05
624 2.5218501609126907e-06
652 2.7835857692178454e-07
653 3.574819120642593e-06
657 1.0974545712100037e-05
661 1.0111868513481423e-05
663 7.007023226253683e-06
664 2.3985877644115893e-06
668 1.708796174747301e-05
670 2.8579906721582618e-05
672 0.00010843493748597957
674 5.085163530870767e-06
676 1.5673785749545514e-05
683 2.557025587772837e-06
684 2.3977208383866933e-06
686 3.59538011889278e-06
689 9.299469575168324e-07
691 1.06253212620154e-05
694 7.025488651504703e-07
696 1.0985156501090642e-05
698 2.8490323360252295e-06
707 2.454291261866739e-06
708 6.529790305589126e-07
19 3.6602200965535875e-06
