20 3.862695652850549e-06
43 1.867481843403718e-06
51 4.4069974501541195e-06
222 1.7388601209731769e-06
236 5.686290465658218e-07
293 2.9493156493639165e-06
318 2.055468781669925e-05
416 4.0872916864735324e-06
444 3.697313434735305e-05
467 5.3039306001361916e-05
490 1.1783770697774036e-05
543 2.0263201865865877e-05
583 1.1671601947560137e-05
650 6.914189028213144e-06
677 6.937417633268418e-06
697 2.776409388943405e-06
700 2.0960069178375495e-06
704 6.730790407849934e-06
299 7.793947364302439e-07
9 3.587565565633551e-05
56 7.720458916125364e-07
237 2.2947604843853253e-06
320 4.646092610427492e-07
327 2.0464215387256844e-05
509 8.156234147132426e-06
546 1.8747148697762518e-06
560 3.9782810629886e-06
585 2.6740312455542487e-06
592 9.799395641228963e-06
594 8.60221135964416e-06
634 4.673255700475792e-07
671 9.314017851135718e-06
334 6.940404751868532e-06
690 5.079060290320081e-06
505 8.580779050229557e-05
129 3.0178627860122496e-06
555 5.7922004050117135e-06
171 2.4199339950021935e-06
580 3.25550957906868e-06
521 5.192932217678583e-06
353 2.70012891291499e-06
31 7.466397552317428e-07
333 7.844984194293845e-08
579 1.2888043436069474e-06
373 3.531890988100748e-07
229 3.5600882542234523e-07
656 1.298395404841253e-06
703 9.504631680894206e-07
464 3.9034321871808785e-06
340 3.4717456759455345e-05
355 9.522605983065264e-06
604 2.863278896547332e-06
716 5.725667810588291e-07
227 1.4381790526486446e-06
576 4.708803713500756e-06
495 4.003973226009683e-05
673 4.610308129032101e-06
336 1.5470778096731293e-06
494 1.1033639897769352e-05
578 7.980158304913842e-05
586 3.7810894203448834e-05
331 4.5475581666176526e-06
678 3.605703462995679e-06
