593 8.295246296956872e-06
141 3.2109891880646227e-06
47 5.594004412968823e-06
48 6.0912873107010955e-06
675 3.737390874138876e-05
123 2.504933482588988e-06
562 2.613628470448369e-05
258 5.030169644107635e-05
500 4.620994061611206e-06
312 2.4936399537212674e-05
251 8.684870295270978e-06
11 1.4621922804625043e-05
255 2.9746359360756284e-06
662 1.9554118345968174e-05
545 1.1939222200184914e-06
692 1.005462961832887e-06
304 1.7767116507833934e-06
19 2.6462893359193873e-06
33 1.8117526929717876e-05
666 5.195175895002209e-06
608 1.9878382475370708e-06
659 3.190801775819387e-05
113 1.7812174269056551e-06
249 5.084970743987284e-07
547 6.016328844897474e-06
432 1.5553673196941195e-06
572 9.648830534869316e-07
40 4.139481803898394e-06
693 2.802701521599133e-06
503 3.620066797934567e-05
549 0.00012672267231376337
502 7.240794827763034e-06
414 1.680000420255319e-05
668 1.7578182295852245e-05
590 8.37550659319747e-06
670 3.8001978930011486e-05
584 5.989113069666885e-06
434 2.5377476539911533e-05
36 5.7064519055030154e-06
44 3.6342080248482876e-06
211 4.9984573644862905e-06
192 1.1715854704487783e-05
277 1.2073162027714038e-05
358 1.2188449747148937e-05
717 1.9492777592480845e-06
245 3.001395748427409e-05
596 2.5676018540442256e-06
508 1.0436401259602954e-05
417 9.278431798008762e-07
588 2.5491962034406663e-06
705 1.3177358919685576e-06
35 1.1741328495729131e-06
167 2.6573012842994786e-07
554 8.739029067261128e-06
87 0.0001769532522082472
