356 2.789556665233996e-06
702 3.0342726705049283e-06
399 4.229712238748245e-07
147 6.352505924651029e-07
128 3.1015279466571225e-06
32 9.41341298415994e-06
302 1.7677877872285743e-06
379 2.4445421292899018e-05
1 0.00013468815110677707
297 3.471948410312572e-05
122 9.869394910658636e-06
342 8.5595008090589e-06
149 2.221851464187791e-05
486 0.00037372787601098225
363 3.0194319004509554e-05
492 4.085022338867383e-07
332 1.834915934986745e-05
370 3.460024607410925e-05
124 2.7356354600863393e-06
343 1.4359628241042507e-05
641 1.2422687145256779e-05
397 1.2274784698701449e-08
400 2.2548866590963224e-09
144 8.010409696213384e-09
119 2.3461189619853052e-07
512 1.9428009074889953e-05
91 3.134166038258389e-07
116 6.552971094010367e-07
201 5.3626748436458514e-06
481 0.00018829600700444394
97 2.385391701215384e-07
715 1.5545060090451383e-07
98 1.3411106690421432e-07
108 5.698117684433865e-09
152 3.811160438714186e-06
241 5.362621402130956e-08
260 4.479695179318021e-09
278 2.8146520394867526e-08
282 3.797270490107328e-09
395 2.653152120890262e-09
454 7.198968872533653e-08
528 7.2417314191549225e-06
617 8.365069227936154e-08
620 4.478824768965388e-08
645 3.740129970412478e-08
649 2.7325573540270317e-07
7 6.478070512482836e-08
90 8.999591413953833e-08
207 1.617074322327864e-07
365 9.599043857205008e-06
484 0.00013543542788755074
513 9.413806972464997e-07
603 1.0564994278660873e-05
12 1.1608075757694158e-05
24 1.083907648940284e-07
64 1.341068722272688e-07
75 2.1970274713163594e-07
79 2.5631725462141996e-08
161 4.612578409086411e-05
172 1.160427317170418e-05
190 8.021836659032686e-07
198 3.686443776348802e-09
204 8.271132285253963e-09
212 9.923893808751663e-09
261 1.377901233874892e-08
268 2.9036403727728615e-09
279 9.554442057275071e-08
310 6.469587230818723e-08
386 1.9619851197949408e-08
422 2.508007803172246e-09
476 3.979397783215659e-08
487 3.5714956165145643e-06
522 9.613316471118542e-09
606 4.033558744725079e-07
618 1.6948791577307354e-08
642 2.4703584397085718e-08
651 6.1323169869354e-08
711 4.454730135458699e-07
720 5.2592655107535345e-09
54 2.445728348213009e-09
303 2.1102515488811964e-09
319 3.93415015505298e-08
456 6.158180197413163e-07
511 3.076963063634612e-07
602 1.9156781925898182e-07
636 7.075292496676524e-08
4 3.077637229465996e-07
13 1.5780948894413275e-08
15 2.556886994259418e-07
23 1.3464990079491955e-07
53 3.1756927490916994e-08
62 1.949953392039316e-07
93 5.887938753684406e-08
121 1.4322224783087203e-08
134 4.958518575792857e-10
150 3.8791775210559345e-09
213 3.247909404736601e-09
215 4.3049729839890036e-09
220 4.201516688366051e-07
232 2.7030877608400452e-08
256 1.198867111998155e-06
262 7.135409349839295e-09
264 1.5921495398999705e-07
275 2.212273616152217e-08
280 4.981147135182593e-08
288 3.516579095727645e-09
291 3.850224299364676e-08
309 1.5490791361241907e-06
337 1.9917535760237045e-08
346 1.6953974286925222e-09
368 1.5179890788465584e-10
385 1.4734444773217818e-08
392 2.275827454089611e-07
424 3.835018586637095e-09
437 6.467914026628456e-08
448 1.963878065590381e-08
452 1.0235737983417405e-07
457 7.404154590772287e-09
474 8.17502487693671e-08
526 1.9540673173709763e-06
531 2.095117195096423e-08
534 1.0613513150220361e-07
622 1.6385486393366942e-07
639 4.710913816702239e-08
643 4.08704097608779e-08
713 3.167330964032137e-08
45 7.81310139335817e-08
70 4.024520604618649e-07
83 6.480154984955579e-10
95 7.98232529722957e-08
194 3.2885136282868055e-10
259 2.5088452356418184e-07
265 1.1133596153695213e-07
267 1.4804862009468209e-08
281 1.8264301657875179e-07
294 3.927300865049275e-09
371 1.7762942947910516e-07
607 0.00012944363361175407
611 1.0333965034504172e-06
619 8.515001161973873e-08
621 3.654070547424817e-08
640 2.362007726225448e-08
687 1.3127005978086605e-07
404 1.1217076155404777e-08
462 3.954988662260077e-07
601 6.968716239352411e-08
22 1.0552628932786679e-07
52 4.782126149034079e-07
99 3.7211032137915175e-09
107 5.296520644999579e-10
200 2.286679884845061e-08
214 7.585661843559202e-08
240 9.439022555078297e-09
254 3.660486534184922e-08
263 6.17876191687166e-09
274 1.3405132685199419e-08
351 1.229656404716565e-08
369 3.2979151333937066e-07
394 8.200884601347575e-09
430 1.6262237862348013e-07
458 2.800213802146962e-07
465 2.3945446128512894e-08
527 7.121511407709541e-07
537 1.730027158560375e-08
612 1.707112950006121e-07
638 1.1506401924171938e-08
646 4.804246320380512e-08
714 2.2182384362682484e-06
112 6.0944805868631485e-09
307 9.190632604960947e-08
367 5.5098394961399026e-08
438 1.771853442251977e-06
148 1.5724691341142633e-07
347 8.420149307119335e-09
453 3.4452256176289334e-07
461 9.62885328683414e-07
510 4.5171802431185546e-07
541 1.2044639040296526e-08
626 1.8876441765375055e-07
630 1.5017323005651633e-07
470 1.7713888899873634e-07
66 2.0192131438932138e-10
104 4.4108563861938965e-08
173 9.833682482777089e-07
197 1.8685525372494874e-07
316 4.326501438862107e-07
529 2.2331596759793493e-07
540 7.360447764500403e-08
610 1.0034303081631829e-07
625 2.0202412620682092e-07
627 2.593575537189061e-07
629 2.1242470716072303e-08
647 2.3461518580190084e-08
100 2.376101576808906e-09
111 2.8011368210166616e-08
182 3.3578399869276075e-08
449 1.8631507690299014e-06
644 3.511646631421937e-07
648 2.2058033521139976e-07
2 6.379127935922802e-08
209 2.4633418175466227e-08
301 1.7841290861372997e-08
345 7.607617419426512e-09
439 2.6210630356469418e-06
623 1.3941066989348367e-07
628 1.2398117629960075e-08
102 1.8179245944496588e-07
269 3.215357481553725e-06
339 5.490198054607995e-10
552 2.9302960663078385e-06
665 1.5199970658389365e-05
92 2.0991407258538535e-07
300 2.8895057511733067e-05
315 7.324440659908157e-06
497 9.059150610108205e-05
525 3.5575501726622985e-07
574 9.25573740463314e-05
208 1.8500359474979668e-07
271 2.2605378423541608e-08
447 1.1359338764919583e-08
517 2.4319509296866887e-09
126 3.304667178215673e-08
233 4.602535049261438e-09
391 5.169315968308402e-06
78 1.67399437705407e-07
273 1.0958116070919366e-06
389 6.496722634265163e-07
398 4.90894640006257e-07
418 5.295276708315298e-09
459 8.524535903917177e-10
536 3.5544485008602147e-07
605 2.231401728305344e-08
431 7.826931241923023e-06
106 2.468557548004894e-06
14 2.8911332639597353e-09
388 4.7410513810618357e-07
405 9.622098928146069e-05
411 5.149227588034371e-06
425 7.72648074211381e-09
532 2.9458070351254095e-07
575 1.8309148637444422e-06
477 1.2943874656949374e-07
137 1.7116929849637164e-09
218 9.545643791808556e-10
266 1.9295172665876168e-08
615 7.68426765086804e-08
287 9.795551024155316e-09
210 2.0415944642828664e-08
344 8.073961683064135e-09
614 1.2033491046063517e-07
616 1.207540414766032e-07
298 2.3668924444708895e-07
412 1.195980862783468e-05
539 5.487831635325263e-07
573 5.280914377210745e-05
117 1.5075046375694833e-06
246 3.369620173982776e-07
393 3.4753637296705403e-06
127 2.167973738879882e-07
105 5.728535915767739e-06
244 3.705438400422034e-07
76 5.962328605432906e-09
396 2.3716741870163225e-06
516 3.020933327793182e-06
133 1.4490568771203586e-09
719 4.328347851594746e-09
77 3.891153555749003e-09
151 4.82097430097856e-07
419 3.2941628689438216e-07
442 5.148043204908896e-08
180 1.0400379293007686e-08
272 3.276037810101419e-08
205 8.381626139593661e-08
239 1.059499818728323e-08
542 1.8804095743186307e-07
506 5.183842446525251e-06
443 6.524739079015354e-06
597 1.27408558497375e-06
565 6.016096470798983e-06
38 5.418036817968094e-05
409 3.711705663765754e-05
270 4.8034202812791505e-08
491 8.205369298820662e-05
226 1.0876497775207283e-06
28 3.773164409552727e-05
514 5.212811485800723e-06
176 3.3651080252687923e-06
216 6.571321126172524e-08
402 1.7691335067905703e-06
156 4.1337893290715927e-08
401 1.8733702133870314e-06
410 1.2109100379938286e-06
519 1.4944106797243056e-07
26 2.770241326581855e-07
181 9.156760737866586e-08
142 1.6211400228495414e-09
101 2.492310476539595e-08
138 8.591520169023831e-10
436 3.044552891589598e-07
631 7.59575596891935e-08
637 2.5208338182856167e-08
67 5.74288804139166e-08
362 1.47043552240516e-08
50 2.7466626374456213e-08
109 7.898191951780852e-07
193 8.183850128973672e-08
349 4.3047099374525905e-08
451 3.505031232072775e-06
682 7.530734763872135e-07
183 3.3280788566902555e-06
569 1.847841108755302e-06
154 1.3214376979468382e-06
403 1.2400410741559575e-06
435 8.435138702302137e-07
563 1.299154268053533e-08
520 2.7564642304234726e-07
551 7.216806979988585e-07
328 1.1859382497509907e-05
535 2.682302921879314e-06
132 1.1305643360137327e-07
118 4.936637819514792e-09
709 2.1527639412213674e-09
609 1.3000987328303005e-05
55 3.533507194336144e-07
530 1.2777079024885217e-06
235 3.003539046937663e-10
375 3.7623435776072993e-06
286 3.331957940933506e-06
387 7.92332975580313e-07
140 9.540772707092905e-09
27 1.4123870549454518e-05
242 2.1990764288107817e-08
153 0.00012453100763255384
357 3.6517304302075067e-06
479 8.039259237353303e-08
699 1.6698444621029153e-07
463 2.927854285309667e-07
718 1.489685490807076e-09
433 6.478514458146066e-07
89 1.3895256959758005e-06
85 4.3394616294583144e-07
81 5.764203121979206e-07
507 4.279510295503687e-07
82 5.321794606564898e-07
427 1.5592463079712716e-08
257 2.073940343004922e-06
635 1.8413132060961027e-08
25 4.3023579559801295e-07
633 1.588132218163145e-08
632 1.4050302055698922e-07
125 5.7164831260967365e-06
103 4.126294469896716e-08
84 1.0918212274639889e-06
361 1.0200867934059957e-07
710 2.532470395543892e-06
175 3.0930421961495836e-07
428 2.500410116232977e-08
707 2.8270792533537053e-06
472 7.0393589247625935e-06
174 8.076735735489831e-07
568 4.201644349073016e-07
384 3.8086338764273547e-06
338 1.2017203020749232e-07
71 1.7619154460140862e-07
524 3.311281027096133e-05
146 1.4058686140405521e-09
420 1.9160527446871217e-08
74 7.372115986154998e-07
61 7.901714770608135e-08
177 3.8546246980031365e-07
595 1.027239261927238e-06
712 3.7198453658112825e-07
72 5.371711941901927e-07
406 9.172624619580482e-06
110 1.1518875566431825e-06
313 3.481485035524077e-05
16 5.840269914126381e-07
466 4.360262740756446e-07
600 2.1352395440205302e-07
195 1.1724246559586742e-07
348 2.498728840909015e-09
599 1.5886844508216907e-07
311 2.0568653291862634e-05
445 1.195847232135319e-06
8 8.955286217205728e-08
63 1.634642814451505e-08
598 1.5530970838487775e-07
681 6.230242607940751e-08
217 9.065411933522964e-09
415 2.3862791612910016e-08
68 2.7943772150499565e-07
238 6.731025919743743e-09
253 3.710809701438987e-07
290 1.453380361556799e-08
423 1.8680936864278502e-06
295 3.78795598609946e-07
157 1.9538234581371503e-06
