120 8.607206079019007e-06
515 1.1271730491809721e-05
168 3.8027922566714673e-06
5 6.206956928672646e-05
10 0.00016729595764796535
30 1.7335312581019857e-05
80 5.52259956219628e-06
94 2.088663216982358e-06
96 3.154288055942948e-05
178 4.749535883178086e-07
186 2.093402277749368e-06
296 4.176763396027156e-06
378 2.6334977515150247e-06
469 1.525551959369763e-05
488 8.654736769913661e-05
499 0.000475904264666931
558 4.172020296840985e-06
589 1.1580148952803919e-05
654 5.903947206526401e-05
685 2.885960768738048e-06
17 7.802042911169397e-06
88 4.656286604000849e-05
130 3.2853051843558803e-06
170 5.073361573667757e-06
374 3.713688227460476e-06
441 1.2076179957004335e-05
653 5.988682542899068e-06
660 5.831482739185686e-05
164 1.5676564765456888e-06
248 2.082753067876863e-06
169 3.3664566223866357e-06
548 2.5545505098689593e-05
324 2.3407958655596845e-05
446 6.320733023042435e-05
139 3.4393411539413886e-07
523 1.5571885983108294e-05
155 2.6263976894047395e-05
679 1.5027982740767928e-06
191 4.8239719839197164e-06
390 8.930703973028126e-06
335 3.195439417878906e-06
306 3.123404904555434e-06
350 5.4344383517329e-07
329 2.1216811255287765e-05
247 6.284493651597092e-05
283 6.71892962422994e-06
413 6.825386432110075e-05
701 1.6834268894883266e-05
688 4.162116158378669e-07
162 1.942701658879934e-06
326 1.9679534331339803e-06
655 5.333070463495689e-05
680 2.9791226912622366e-06
504 2.504134261591423e-06
