234 2.5309542528070365e-06
21 7.259348266632211e-06
360 4.012995850386927e-05
553 1.687147076660169e-05
69 2.0557114883661788e-05
86 6.622694380198378e-08
382 8.750192971988866e-07
285 6.7965512725660295e-06
482 9.961045824814607e-06
58 5.299894274512488e-07
188 2.7955984926075847e-05
6 4.147956682371297e-06
556 7.744510383096677e-06
34 4.0801283054202274e-05
189 6.998439285163258e-08
250 2.1682151493382317e-06
159 3.79869773223097e-06
42 9.852141116615611e-05
60 8.285625382322797e-07
533 8.445631042943296e-07
518 1.8487390724331322e-05
65 2.5336779260059387e-06
455 4.681893058743752e-05
158 4.748408202892792e-06
160 5.0103466394138235e-06
143 9.436016431124606e-08
114 3.0118864169414705e-06
135 2.2017351321018691e-07
165 6.1734898994391274e-06
203 4.754481323501769e-07
429 3.2534333553761123e-06
564 3.432821317733208e-05
276 1.582525993794126e-06
57 3.6110025065845914e-06
489 0.00040772906557430603
408 3.920201892516351e-06
202 1.4844573361375754e-05
18 1.373686435847313e-06
493 8.475125997388542e-06
166 6.52965020188406e-07
559 4.581481955240057e-07
383 5.058841947658539e-07
359 1.258997894320081e-05
561 2.482319932738599e-07
407 9.735445248724282e-06
352 1.96963826894373e-05
221 7.290499102772433e-05
308 8.838957097386275e-05
199 9.844237641691703e-07
292 8.309173490542072e-06
376 5.758128879199112e-05
706 3.6290355169419286e-06
289 2.355660906557843e-05
372 6.909807142111849e-05
652 3.072399830590873e-07
73 6.128024142376818e-05
163 2.621390221310606e-05
483 2.0794966936134695e-05
364 2.1656614295906034e-05
496 7.041571387791701e-06
686 3.929989006680992e-06
471 2.253831616417754e-05
657 1.4743133908335074e-05
696 1.316387970406464e-05
667 1.4017883673690203e-05
708 8.339277892533343e-07
