185 1.4495621704834918e-07
184 5.621137251015891e-06
314 9.404975988357398e-06
669 2.5302415583952668e-06
421 3.9323442210706185e-09
225 4.0094940857163005e-05
136 1.3182666263169464e-06
485 0.00016039567471802646
571 9.383777321715292e-07
498 1.7184132917204373e-05
689 2.47264679057995e-06
284 2.239209050660614e-06
0 0.0002844571443881262
3 0.00013253514807019397
39 2.9180055596624443e-06
41 2.6343171741091385e-05
46 3.6567035343861976e-05
243 3.826079880456395e-05
323 7.872797949137844e-07
354 1.8755255236396958e-06
366 4.100811905649976e-06
478 1.3576664543403172e-05
557 7.205179154083922e-07
591 2.416255299490188e-06
674 4.865021564113704e-06
695 1.3359758156062402e-06
613 2.3406772601486947e-05
29 0.00021490117178297937
49 2.2364846983497326e-06
187 7.249048570298592e-07
231 2.3837030385746995e-06
252 3.810670676285415e-05
305 3.60982183220064e-06
325 1.2223954254578366e-05
341 4.799459842782972e-06
377 1.5242231898338073e-06
440 6.648222495797273e-06
450 3.2432525177870583e-06
460 2.5436101997321566e-06
473 5.639833698872011e-06
480 8.476349458637648e-05
544 4.037289164858216e-05
567 9.09346617055441e-06
577 3.03158879979794e-06
581 1.1567098600391078e-06
661 7.371318334496974e-06
663 3.833984050044361e-06
698 2.851879377043064e-06
501 0.00010759711307689201
37 2.767552400694814e-05
196 3.4004388088353107e-06
566 2.296280778762881e-05
145 1.068304496379167e-05
