683 2.440968083878327e-06
230 2.6738976202294216e-06
587 1.9020000060189657e-05
131 6.791651304241996e-07
322 2.8939947943961477e-06
228 4.821179251796855e-06
59 1.7097155811182524e-06
317 8.826216870726655e-06
381 1.1175550337842248e-06
582 3.248628241551439e-05
624 1.9582043799957402e-06
691 4.683513429415044e-06
115 4.275104273090329e-06
179 3.854894141973882e-07
206 2.2062348013718763e-06
219 9.992704546165133e-06
321 6.541283142106811e-06
330 1.8492201139901354e-06
380 4.076741968300339e-06
426 7.670510388161826e-06
468 1.5631227527915213e-05
475 1.3041822744784398e-05
538 1.7593562210649555e-05
550 2.4221618700333907e-06
672 0.00010129074031225879
676 6.650771961545552e-06
684 5.451286639776289e-07
694 1.6259558583060933e-07
224 1.2255392429132683e-05
570 8.60644196613523e-07
223 4.75945108288344e-06
658 2.7488900138023707e-06
664 1.1267685823375523e-06
