11 9.302267099357521e-07
19 1.9740923272384293e-06
30 5.95641156829621e-06
31 1.7946337804598178e-07
33 5.543710791482072e-06
36 4.445416647331607e-06
37 1.5452919871208217e-05
39 1.5810012154137468e-06
40 2.2937969085499575e-06
43 1.310044445764028e-06
59 1.0071862501937373e-07
113 6.962200020250327e-07
115 9.789207993312483e-07
170 3.392350591834011e-06
171 9.80426783111675e-07
251 4.860035857851099e-06
293 5.299935455204397e-07
296 6.18916745404031e-07
305 1.7225287917651742e-06
317 5.697636694961118e-06
322 1.7932144889841151e-06
323 6.013075078474335e-07
324 7.20388974894728e-06
325 5.213035789553079e-06
330 1.4591010542377094e-06
331 3.7128442770206336e-06
334 2.8816414920412253e-06
336 4.496799994315756e-07
340 2.090920350908507e-05
353 1.1846731305544873e-06
354 1.2898140531807966e-06
358 2.3247408622551807e-06
366 1.8610019117830937e-06
373 3.259921570787318e-07
377 5.991982368071126e-07
378 6.669453702488643e-07
380 2.1347084906857085e-06
414 6.897934763602744e-06
416 2.119835943841265e-06
460 7.348073394543377e-07
464 2.1216936217467205e-06
468 5.792860358552295e-06
490 5.2850907645954595e-06
495 2.7741380468074385e-05
498 7.775367895835018e-06
502 4.189633897031227e-06
521 9.761354384220611e-07
538 5.701587825675183e-06
543 1.2701082522561863e-05
545 3.4295660430366556e-07
546 1.4124207546290665e-06
555 2.1807623902898038e-07
557 6.307398669465849e-07
560 1.0146607073333812e-06
567 4.38384241585809e-06
571 5.263105429815645e-08
572 1.5304429046525772e-07
576 3.2276489110240463e-06
577 3.399712302164573e-06
579 4.781267041330993e-07
580 2.5346490626459987e-06
581 7.81791136801046e-07
582 1.733958435168234e-05
583 1.0864420832318798e-05
587 1.5657777945014847e-05
590 1.159027319538251e-05
592 4.4684934708725734e-06
596 1.1445133481303511e-06
604 1.3386059858844961e-06
613 2.1955257175534333e-05
624 5.35904431130991e-07
634 3.560542442621251e-07
650 7.780114720963705e-07
661 5.429690400271105e-06
662 8.09302308134507e-06
663 1.6915549734161541e-06
664 3.4066914942010434e-07
666 4.115860157451726e-06
668 4.276061702217473e-06
670 2.0534675944332774e-05
671 4.7218375981203825e-06
673 1.7701713364896662e-06
674 5.640319167454749e-06
676 5.236627107104694e-06
677 1.4504656168934744e-06
684 1.3937269992310842e-07
685 1.579474496978877e-06
690 1.0736732516877175e-06
691 3.299912057310742e-06
692 6.63181724087252e-07
703 1.6946641108889648e-06
