297 2.486138981467321e-05
9 2.1460368812352753e-05
35 8.561709127355535e-07
41 2.757655081098846e-05
73 4.7045883075356865e-05
80 3.534686147210219e-06
87 0.00015450693042297377
122 4.646410360193418e-06
143 3.503405960172487e-08
184 2.6081308650204267e-06
191 3.2576440526868955e-06
292 5.255114330795811e-06
329 2.116678336466564e-05
332 2.1438304664232313e-05
343 1.0412249438131994e-05
372 6.524537205869378e-05
374 3.1412457824323522e-06
429 2.7334777618448902e-06
485 0.00012621278247892172
493 8.791876069541734e-06
504 1.7439755950710456e-06
539 3.5953783484203607e-07
549 0.0001027294828821165
554 7.740185369906506e-06
574 7.548677775198333e-05
591 1.954850297627543e-06
659 2.968960524968727e-05
701 1.1364986835623141e-05
413 5.5618291503125005e-05
446 6.738212121268336e-05
32 7.341010404237202e-06
46 4.1164004484305506e-05
96 2.8555740556571663e-05
123 9.764219198832515e-07
147 1.0762453657933794e-07
192 9.320474400462558e-06
211 4.349733152920469e-06
245 1.8836092454744697e-05
312 1.8409656556992184e-05
327 1.6214451827388198e-05
360 3.772096497199538e-05
376 5.345782725621404e-05
417 7.010737849196568e-07
426 8.441038797871074e-06
434 2.065448142174143e-05
494 1.0847147100860145e-05
505 6.244166249481318e-05
523 1.6486147382897835e-05
558 2.345573860320276e-06
562 2.1529991413653206e-05
578 6.719461204894354e-05
588 2.0135346844329633e-06
654 5.673171082970031e-05
655 5.821967699996145e-05
702 8.751689852911804e-07
705 4.23914212696633e-07
707 1.526655112286991e-06
717 1.4440239720696477e-06
88 4.1593740885863435e-05
162 1.8895131613681369e-06
206 6.372217228137523e-07
248 9.790503499308454e-07
249 3.2026338578885145e-07
258 4.689047182948851e-05
277 3.4852464856193726e-06
314 7.645156716911638e-06
321 6.887917906423044e-06
341 3.912218338183378e-06
444 2.2389289173780375e-05
469 1.421422202663422e-05
471 1.7528422023047865e-05
478 1.0184304786102048e-05
503 3.18142106718874e-05
608 5.142042054686942e-07
672 9.304596633677513e-05
675 2.972418535584412e-05
686 4.025879246387417e-06
695 9.836230347274282e-07
47 4.902552099012512e-06
141 1.5601331811468824e-06
178 3.2605603279299595e-07
229 1.7815061506853367e-07
231 2.0472686034969542e-06
299 4.153101091413406e-07
304 1.4638620854373871e-06
355 7.579766344321768e-06
390 6.772729944068939e-06
440 4.760356210342342e-06
473 5.406434467721548e-06
496 4.431153006161031e-06
508 7.463859206906692e-06
589 1.053154677608804e-05
657 9.503442802042861e-06
683 1.7737618191682207e-06
693 2.8089301937790544e-06
696 9.508288319002458e-06
56 1.6328216658393203e-07
131 3.244867293570075e-07
196 1.2819097987291386e-06
230 2.27644618067685e-06
284 1.869544316387603e-06
318 6.591612384947084e-06
333 8.325337092351273e-08
509 4.16946763777461e-06
652 8.70522619634428e-08
653 2.5018023201405646e-06
708 7.507739354602946e-07
20 3.1965423611252203e-06
49 1.975129327768657e-06
129 1.6397148588715144e-06
130 1.5555380128819413e-06
228 3.0562100268368205e-06
236 2.735682535770793e-07
320 3.3259042315498653e-07
467 4.6225207580824626e-05
658 2.146672333104572e-06
660 5.090124111256415e-05
44 3.3216074568361744e-06
94 1.7811203627601563e-06
222 2.092082859971591e-06
224 1.0082547052674959e-05
237 2.09801370453564e-06
255 7.649650409135491e-07
335 4.161157488167689e-06
450 1.9975485326036853e-06
475 1.1377700619859632e-05
694 1.6127034862155869e-07
704 2.588037608726227e-06
716 5.395300749746368e-07
219 4.144539042415706e-06
381 9.32184807093473e-07
432 6.892495342285599e-07
570 7.341237053405484e-07
585 2.752943862232897e-06
586 3.260797959977624e-05
656 1.0673880362793351e-06
698 2.119639823253065e-06
136 5.595026612600591e-07
227 1.4746416995527906e-06
500 3.3674794946496483e-06
501 9.411769886839812e-05
186 1.4796246906551022e-06
441 5.987370699600989e-06
550 3.87826298799937e-06
700 2.634893765776416e-06
179 4.134819427847121e-07
187 4.608668605867681e-07
688 1.0527960374316191e-07
223 4.967915068972123e-06
584 2.715917245116409e-06
678 8.914108400617206e-07
697 1.6535597556987625e-06
594 8.522342014116176e-06
689 2.1790880726049314e-06
51 2.7556436184743355e-06
167 1.0491024957939458e-07
