518 1.2993110460086147e-05
283 5.583485118406204e-06
128 2.060787600600215e-06
342 7.069739892024024e-06
357 3.512327886230985e-06
423 1.4621120124880459e-06
5 6.772856484324065e-05
120 5.224224329267862e-06
472 6.675572290438463e-06
480 8.993855017352954e-05
221 7.03343742663649e-05
533 2.0354018513235056e-07
595 6.508634686356176e-07
679 1.1616902201516586e-06
306 3.2466982620771105e-06
407 8.425890269103077e-06
176 1.955674608488511e-06
276 9.505837665894679e-07
302 1.2527230648606396e-06
17 6.861828826879816e-06
412 1.134045997345224e-05
435 4.5930146165012007e-07
564 3.313549551334486e-05
565 3.446911604036972e-06
25 3.3227554743097545e-07
488 6.43720949578731e-05
234 2.312042512345356e-06
253 2.918935176375866e-07
257 1.6416559153524737e-06
328 1.370365824433824e-05
593 6.630979116190262e-06
486 0.0003204630161593412
163 2.508201824701343e-05
160 4.326427641513065e-06
547 4.892686784747877e-06
289 2.0577007417295595e-05
559 3.6333600061342176e-07
706 3.37214746198829e-06
544 3.873111235663951e-05
455 4.169700417594519e-05
515 4.985509099621946e-06
243 4.3520941899599084e-05
1 9.999453770801992e-05
124 1.3943762460975042e-06
226 8.584142116918197e-07
561 1.3653610050065933e-07
667 1.3311111889038633e-05
682 5.536853958961295e-07
65 2.283951049536852e-06
183 2.4058410973354236e-06
285 6.614294679930133e-06
364 2.3643870991892397e-05
489 0.00033118118555940633
145 9.793361555333804e-06
42 9.388785166813118e-05
48 5.677395363888889e-06
3 0.0001396931227341298
21 4.092014002649202e-06
114 2.3448800030200575e-06
116 4.873064576756731e-07
139 3.6064134249010923e-07
326 1.7918601366539585e-06
350 5.325108038658383e-07
356 2.2467071364472093e-06
370 3.2815561827278544e-05
375 2.8235848997951936e-06
38 5.914717247646085e-05
117 9.269788388915613e-07
300 2.9996619824337067e-05
308 9.734104905740892e-05
568 3.10731803137393e-07
569 1.3472580272125315e-06
0 0.00020318997316612494
379 2.2241928496547784e-05
135 1.645411560044406e-07
250 1.8554944423516451e-06
359 1.1121386943598234e-05
553 1.3374973589389654e-05
512 1.340321435759402e-05
60 5.276635151247958e-07
199 9.736637055053454e-07
201 4.629856664693388e-06
252 3.566365959943904e-05
315 5.448764696989461e-06
6 3.29318608416919e-06
431 5.337617295994461e-06
497 7.457757127376743e-05
188 2.5014581111288648e-05
514 3.73392595670724e-06
34 4.402045059208324e-05
149 1.518050175747227e-05
153 9.950787428104964e-05
566 2.1203683018016826e-05
164 1.6872105346256897e-06
352 1.724650102721269e-05
575 1.4552073400803339e-06
125 4.974875107207555e-06
189 8.460744248350038e-08
158 3.893194047695307e-06
168 3.7104537191889424e-06
552 2.2965868129446943e-06
665 1.1714152801284236e-05
573 4.40410085297213e-05
484 0.0001017435822074595
482 1.0156972913745157e-05
29 0.0001716609111977465
45 2.6228841392181163e-08
86 7.170354215131535e-08
110 9.66077474451203e-07
146 1.173436299042782e-10
159 2.716514757866048e-06
161 4.454001540142955e-05
166 5.407135419515914e-07
174 6.079361497744365e-07
177 1.1526159114791967e-07
185 7.175346578143392e-08
202 1.2208410993652669e-05
247 3.368255905013461e-05
286 2.9615519640853635e-06
339 6.171148347023784e-11
362 8.801451472335094e-09
363 2.043067198788879e-05
365 8.16777361502881e-06
419 2.3105822443048022e-07
420 9.372694686980527e-09
428 3.2748107940351473e-09
443 5.114611494808396e-06
445 8.253508498185498e-07
483 1.194227331148381e-05
491 6.923376294542475e-05
499 0.0004379936645647683
548 2.0687904972644592e-05
669 2.213057408135818e-06
680 3.246822001721764e-06
2 8.954228923776416e-08
4 2.750811438746691e-07
7 1.8991337894259053e-07
8 2.087692098990775e-07
10 0.0001499686119451225
12 9.480395333885456e-06
13 7.743780392514979e-08
14 7.506256665867498e-08
15 1.9917737917338487e-07
16 1.1463507293321793e-07
18 1.2019039981155442e-06
22 2.3593715005464696e-07
23 1.3616749057713843e-07
24 2.527347439117023e-07
26 1.83792154789279e-07
27 1.310088253575818e-05
28 3.5292762048436276e-05
50 7.490861062681928e-09
52 4.789488680936455e-07
53 2.946348909551711e-08
54 3.814599414387879e-08
55 3.833653412367683e-07
57 2.085208288376608e-08
58 3.9449865179811036e-07
61 3.737228702139807e-08
62 2.2564862657952666e-07
63 5.8784826716343986e-08
64 1.7290427259429388e-07
66 1.5589154743093514e-09
67 1.8991461229895463e-07
68 2.8829189873785206e-08
69 1.862293400497655e-05
70 1.8140487880513431e-07
71 1.050900496331049e-07
72 1.055463458713587e-07
74 4.538984862572626e-07
75 2.3311801147318312e-07
76 2.1643216551145903e-08
77 2.1643216551145893e-08
78 2.0878002834782822e-07
79 1.1757204271690575e-07
81 2.780711186413069e-07
82 1.1003006442181143e-07
83 1.8852866025708934e-09
84 1.5635197890938042e-07
85 9.063397084603501e-08
89 3.5000089377726437e-07
90 3.645774141326869e-08
91 1.078426285593532e-07
92 1.0255464867544108e-07
93 1.0422903387687224e-07
95 2.189237262388374e-08
97 7.071003826436464e-08
98 4.26321828989208e-08
99 4.473290358969956e-08
100 6.511333405900665e-10
101 3.141137557544965e-08
102 7.381677291610606e-08
103 1.5526629881008678e-08
104 5.881887621016964e-08
105 5.009376672713761e-06
106 1.9127146682477116e-06
107 3.382604792626276e-09
108 4.014182058556855e-09
109 6.297237541479742e-07
111 2.384579475222471e-08
112 3.482137378257933e-09
118 6.761113934567179e-09
119 1.3735647760169505e-08
121 1.898930194187278e-08
126 3.772714570369399e-08
127 1.9352317027237158e-07
132 6.674208286849944e-08
133 5.555356910212915e-10
134 3.228469165579361e-09
137 1.2462047369191852e-09
138 2.8331493003896567e-09
140 3.7541706244627273e-10
142 8.211781812049067e-10
144 2.4888245886674035e-10
148 3.218246391557482e-08
150 1.239666850444658e-08
151 1.0610878397313903e-07
152 3.083627405610178e-06
154 6.147684467870245e-07
155 2.0350093896261273e-05
156 8.93104155222336e-08
157 1.2460750997572178e-06
165 5.209022414566598e-06
169 3.327276346752213e-06
172 9.417291001620261e-06
173 8.278856096482957e-07
175 2.275902344737187e-08
180 8.798442640650553e-09
181 5.969442972936747e-08
182 3.778794366975862e-09
190 7.075478375648925e-07
193 7.662904113696817e-09
194 1.125352689390738e-09
195 3.485459975285566e-08
197 1.5619710322406696e-07
198 3.622469886296459e-08
200 2.6335862947311144e-08
203 1.8053325589790285e-07
204 4.0566830289965246e-08
205 9.209944609111826e-08
207 1.2172089905322259e-07
208 1.2529002530409009e-07
209 5.8346440267890686e-08
210 2.4665855004804253e-08
212 2.890298742553968e-08
213 2.1089569345997885e-08
214 1.10750436074152e-08
215 1.49162094481463e-09
216 7.35446427966709e-08
217 2.760178631768946e-08
218 1.4748163187494787e-09
220 2.8304231766106794e-07
225 4.7635650850148055e-05
232 1.2815602485748503e-08
233 4.607599575342141e-09
235 7.176851004524614e-09
238 1.0275486554408171e-08
239 1.1809573347323842e-08
240 5.591357713986894e-10
241 4.462714864130509e-08
242 4.483014733932951e-09
244 1.2675331647121973e-07
246 1.2646818497945853e-07
254 4.425095304801557e-08
256 1.0785260054012778e-06
259 2.598807259921543e-07
260 4.328302504217954e-08
261 1.626613667370004e-08
262 3.4724246715545594e-08
263 3.690804627125928e-08
264 1.5315786507455826e-07
265 4.425272320421825e-08
266 1.1855723142285721e-08
267 1.4019278720500678e-08
268 2.5259039188985634e-08
269 2.8060439772712675e-06
270 4.752362335594449e-08
271 1.3816412131872917e-08
272 1.9581622989780036e-08
273 9.436965600089689e-07
274 1.832371736309249e-08
275 2.8863138390522157e-08
278 4.907081377196467e-09
279 1.0371203817239008e-07
280 8.678445287783046e-08
281 1.1381065575337821e-07
282 2.9496500278590538e-08
287 5.5426704013054706e-08
288 1.7986661445454196e-09
290 2.4740676090333406e-08
291 2.0705320810980845e-08
294 2.5385081212147235e-08
295 2.746230828571233e-07
298 1.8579126638804605e-07
301 3.4967842412532457e-08
303 3.1771116183283224e-08
307 9.115319555867824e-08
309 1.3669918023504924e-06
310 9.255733734828312e-08
311 1.4875205822990013e-05
313 3.962039370890395e-05
316 2.3696841646216779e-07
319 2.1510663105908995e-07
337 2.899120879258408e-08
338 1.057760293643067e-07
344 1.4160286586825954e-08
345 2.1008320443927167e-08
346 1.4995767908364544e-08
347 3.195377695435264e-08
348 1.0319606292904057e-09
349 2.402995228286984e-08
351 5.944433245828008e-09
361 8.867972714965538e-08
367 4.843344762224015e-08
368 1.1201817157663447e-11
369 2.777073197337846e-07
371 1.045091297546774e-07
382 4.4892459587030976e-08
383 1.0427109791950625e-09
384 9.049720205489125e-08
385 9.50715309252711e-08
386 5.764202668004457e-08
387 1.1727807617700304e-07
388 2.42868422819221e-07
389 5.108016761680816e-08
391 1.5152602865739797e-07
392 4.776941686385977e-08
393 1.5189726705497605e-07
394 4.116140252376771e-09
395 3.22823019482626e-10
396 9.428657890404117e-08
397 1.9044729168942547e-08
398 1.1914683886567575e-07
399 1.7166036562183695e-07
400 2.2379103440887803e-09
401 4.950116821915718e-08
402 6.885403109703995e-08
403 1.1850817559287835e-07
404 4.530157048999781e-08
405 8.140243636135958e-05
406 8.300895143610465e-06
408 9.769533503877097e-07
409 3.595146805050027e-05
410 6.193459836180506e-08
411 9.460377120205765e-08
415 6.988091780530426e-09
418 1.1739040251061816e-10
421 2.0710227795694547e-09
422 1.8963688286666445e-09
424 2.0707921433745855e-09
425 1.0124509790621804e-09
427 5.5616747232224566e-11
430 2.4128683307531024e-07
433 3.267700127026928e-07
436 1.3770268067733967e-07
437 1.1006926841020686e-07
438 1.4373583147096234e-06
439 2.358601685671744e-06
442 1.71374196953164e-07
447 1.749391571298631e-07
448 1.8117431069114706e-07
449 9.310319809388115e-07
451 2.2553679072468713e-06
452 2.0764708381987793e-07
453 1.1379113441887779e-07
454 1.8206608784112276e-07
456 1.738858935825644e-07
457 2.5726513123105024e-09
458 1.0796029323608175e-07
459 2.7143549036238366e-08
461 5.895679894634372e-07
462 3.0559473741876123e-07
463 1.1770850963569449e-07
465 7.503798772678142e-08
466 1.1128895830295125e-07
470 1.2411043062498182e-07
474 9.182781577590456e-08
476 8.795940417308279e-08
477 5.477189824251098e-08
479 6.225733684638135e-10
481 0.0001311422826043758
487 3.731046452935202e-07
492 4.639949465632592e-07
506 3.945427272866076e-06
507 3.2410703450975263e-07
510 4.935571436734591e-07
511 1.7239949223627552e-07
513 5.90556296694646e-07
516 2.704870508034779e-06
517 1.187678625684842e-08
519 1.2881728817082825e-07
520 1.5478727350658132e-07
522 1.4626173290487592e-07
524 2.9404850187989063e-05
525 1.9505516290817208e-07
526 1.1810156283771494e-06
527 7.227465114196215e-07
528 4.317932224286765e-06
529 1.1923772627312915e-07
530 1.022522369672841e-06
531 6.045450615511445e-08
532 2.938208868092272e-07
534 1.3326692722517788e-07
535 1.646182134400635e-06
536 9.733914445406342e-08
537 1.8053426721778507e-07
540 2.1011440317365785e-07
541 8.828689816205554e-08
542 7.943667122073983e-08
551 7.37581638433409e-07
556 7.65133297798553e-06
563 7.562758872588095e-08
597 1.1399238143140818e-06
598 1.419720003172635e-07
599 1.952238363305384e-07
600 7.808544835848675e-08
601 1.6953039938321677e-07
602 1.074451926470343e-07
603 9.441710966608077e-06
605 2.0128983202488172e-07
606 3.087141068538237e-07
607 0.0001285520075607101
609 1.0745687651972007e-05
610 2.0473881840519363e-07
611 8.402075950829445e-07
612 1.5856866331451044e-07
614 1.9191145454273094e-07
615 1.5005506298971037e-07
616 1.3084994736229474e-07
617 1.444762100057823e-07
618 1.3507369985078036e-07
619 2.3435726540389122e-07
620 1.365102661840982e-07
621 1.1617147437055737e-07
622 2.016420733777669e-07
623 1.7235106824141907e-07
625 2.259133504143599e-07
626 2.1010252230676479e-07
627 2.3359817571704015e-07
628 1.2092709244861938e-07
629 1.814808922330413e-07
630 2.0365479605491064e-07
631 1.660626937612816e-07
632 1.302800591983838e-07
633 1.8640124388303678e-07
635 1.8611847984820092e-07
636 2.1118032972074215e-07
637 1.8511161468200938e-07
638 1.8647068564632963e-07
639 1.7499400998735467e-07
640 1.6365599191120092e-07
641 9.445073718301708e-06
642 1.506834604494916e-07
643 1.398504449531122e-07
644 3.8947532233458706e-07
645 1.4038835416551525e-07
646 2.393208355077938e-07
647 1.6854063366897423e-07
648 3.14636319516096e-07
649 3.9634893365316793e-07
651 1.4197381800767422e-07
681 5.697727819275112e-08
687 1.623983739095338e-08
699 2.8578946944492462e-08
709 4.6457719652516943e-11
710 1.7948499845489375e-06
711 2.3255806221242924e-07
712 6.43374968290855e-08
713 1.7624315588636524e-07
714 2.217867730509521e-06
715 3.047632015094717e-08
718 2.6266259622468074e-10
719 1.6739203126799794e-08
720 1.4903173271731518e-08
