551 1.0470798884831194e-06
98 1.3178430518808447e-07
208 2.6874912978657146e-07
632 7.55016763243396e-07
90 1.4386328225024192e-07
266 9.126749190168166e-08
157 1.723110997196997e-06
278 2.7869076866447635e-08
479 1.4382127761288586e-08
463 5.799417154699052e-07
95 1.0096242424552975e-07
181 8.460934537152905e-08
477 1.2226635148080472e-07
309 1.9506643427074197e-06
421 5.54661421163961e-09
316 5.631278257441549e-07
207 3.020655161483356e-07
220 4.5171487975089977e-07
699 8.762749721280979e-08
265 1.248918249690146e-07
329 2.4249805496932095e-05
110 1.150825909890105e-06
295 3.117880635264092e-07
411 5.025211483344336e-06
433 8.827469166290532e-07
82 5.552329959013202e-07
458 5.649705512536828e-07
102 1.4898956326741115e-07
687 6.441548776975354e-08
701 1.2506235911660143e-05
175 2.690844917998668e-07
365 1.1045821544054731e-05
146 9.068475089775426e-11
193 1.2444183530457843e-08
203 2.6083129669503614e-07
715 8.447273631784042e-08
298 2.467421396076025e-07
506 5.427555564112027e-06
611 1.2824051658299684e-06
68 1.9709269869629787e-07
85 5.184470799242648e-07
461 1.0028251691653024e-06
195 4.795011127217812e-08
369 3.379989811321714e-07
5 6.468436673718833e-05
428 1.4987294547400283e-09
81 8.91039874770204e-07
466 4.5975589615158006e-07
511 6.11413696517269e-07
525 6.241537125392847e-07
542 3.326712580110776e-07
712 4.336060162934761e-07
388 4.129802734202478e-07
451 3.2244539428629277e-06
92 1.7629187969536337e-07
148 1.0541629293601149e-07
401 1.733576625654831e-06
339 3.8672344371249053e-11
410 2.034348304073822e-06
38 5.5617911928077404e-05
357 5.272126175529336e-06
597 1.8749538883228247e-06
456 6.373425912954128e-07
710 2.498220635785961e-06
16 5.723763232538058e-07
58 6.89094419300132e-07
536 4.9047041711884e-07
45 2.8497410167625552e-08
97 1.0693927710564051e-07
273 1.0480944209118732e-06
143 6.887604493570263e-08
435 9.737699153301456e-07
533 6.237229518522493e-07
548 2.7543137322194672e-05
169 4.199781847314911e-06
591 2.9290197194261083e-06
343 1.1470689757864935e-05
539 4.548738353239944e-07
174 7.296575965050053e-07
91 1.2228778233482436e-07
396 3.943495065083171e-06
84 8.754826626639107e-07
151 3.9939747289378163e-07
528 6.057107801031453e-06
70 3.89520009140205e-07
72 6.154518288882284e-07
74 6.934937208188525e-07
384 6.9791154733246605e-06
391 9.519010429366851e-06
155 3.616438655786809e-05
164 2.4086144458376977e-06
168 4.853365999906228e-06
153 0.0001083338962684251
574 0.00011379119621304884
680 3.402246548133169e-06
488 9.253499585179218e-05
12 1.2494552800710934e-05
286 3.6668939193719555e-06
420 8.113904736080824e-09
185 5.86924091064057e-08
246 1.6884019527981695e-07
106 2.221070783254847e-06
311 1.8923932740962333e-05
408 5.759066165288227e-06
10 0.00019611696864880765
573 4.936932670119396e-05
128 2.1431927156299935e-06
69 2.176727167660871e-05
406 9.989822645894598e-06
513 9.34838526850589e-07
86 4.66849883382657e-08
244 1.8203789855043677e-07
393 6.191200291801288e-06
481 0.000179324596615001
491 9.484249150333185e-05
166 6.943840429758435e-07
535 1.8900183065411825e-06
269 3.0534526252096987e-06
362 1.0155687992201958e-08
159 4.08895526875865e-06
152 3.7379562484337403e-06
161 5.414821738932641e-05
89 8.488057610041873e-07
17 8.758038776339258e-06
383 5.197372848284185e-07
363 2.6045308322799646e-05
154 7.845262509734468e-07
641 1.2045851358270583e-05
177 1.3358385632928863e-07
189 5.497915718926937e-08
350 6.725654338915087e-07
566 2.4215200215820768e-05
497 9.438287896008319e-05
682 7.013261735826578e-07
253 3.1332115018587253e-07
512 2.0939333208750123e-05
609 1.105403272592793e-05
313 4.7588500173203195e-05
409 4.085487445073055e-05
105 6.809085665809443e-06
25 3.6151852314969964e-07
423 1.7581969830430478e-06
561 1.1161821486373005e-07
568 3.8028830941614515e-07
18 1.497431904866062e-06
669 2.93516423340217e-06
595 1.782734872515583e-06
6 4.840780894013084e-06
308 9.586558321880239e-05
431 6.4075086475711134e-06
188 3.384898671707606e-05
302 1.4958815531039913e-06
306 3.541879395222477e-06
342 7.675236387050849e-06
139 5.427726235575199e-07
445 1.149794115670877e-06
183 2.984423758884081e-06
569 1.3498630261637053e-06
114 2.899575373450022e-06
117 1.1893315692819337e-06
300 2.7546724570710692e-05
356 2.8454774565206674e-06
370 3.4136488080930896e-05
565 3.5630279652897743e-06
359 1.3438247363944538e-05
201 4.589803454122235e-06
407 9.947084347586791e-06
315 5.8960189942182965e-06
405 0.00010640478105452583
446 6.812142486736017e-05
455 4.774604258875415e-05
489 0.0004203966858268856
515 5.464533025014949e-06
553 1.4191084452617102e-05
199 9.858769748978099e-07
514 4.6632382118469e-06
57 3.4196134454465026e-06
116 6.217578259289139e-07
124 1.3821282172131108e-06
135 1.7092532179725738e-07
176 2.9279361082016905e-06
226 1.027035667636382e-06
234 2.50725229923938e-06
285 7.127401223480385e-06
559 4.871769687230751e-07
679 1.4180239103839862e-06
364 2.492406225374866e-05
472 8.876614398345276e-06
276 8.869767395592099e-07
706 3.0243325767716817e-06
27 1.3257623345745454e-05
419 2.645188204385138e-07
556 8.128999523476706e-06
60 6.031068674966028e-07
65 2.217671749631642e-06
326 3.075755358494852e-06
375 3.8025525034909784e-06
28 3.877515669419161e-05
163 3.207661108644387e-05
250 2.1504720478910587e-06
289 2.265869295585933e-05
499 0.0005319434995581721
