441 8.958368782827636e-06
51 5.27497205067736e-06
572 1.8892279378713032e-07
697 1.7467655172684399e-06
331 3.748712175211649e-06
432 1.7745238614475444e-06
450 6.138081771756326e-06
550 4.217514184914442e-06
586 4.0588093487804925e-05
678 8.927847320240115e-07
689 2.1466693448131223e-06
167 1.4038147063844574e-07
179 4.706154555075712e-07
186 1.6423397527254207e-06
187 4.643818937726484e-07
381 1.2410492110583963e-06
475 1.4746858133877384e-05
501 0.00011776046074160142
585 3.1572679148377907e-06
700 2.6701790895322473e-06
666 5.0354092174679586e-06
56 1.3512300490607498e-06
136 5.783627921050247e-07
206 1.5988860800044062e-06
227 1.7622146473269445e-06
594 1.084394861558753e-05
688 9.242249518884303e-08
223 6.073788165769603e-06
284 2.4688102163442102e-06
467 5.918567238129337e-05
694 1.907148716260201e-07
236 4.5323852318183155e-07
652 3.6994282498624145e-07
698 2.7062645308245282e-06
94 2.294396358250936e-06
341 4.57015405216406e-06
656 1.1359615145386712e-06
49 2.0926272488636257e-06
693 2.8237786799353444e-06
255 6.573057548502483e-07
584 4.224865212231707e-06
196 1.659021609412302e-06
333 1.0312505153159085e-07
222 1.9078429545212314e-06
237 2.3720457524715838e-06
130 1.4774347340289916e-06
129 1.5926972848643413e-06
299 6.837854958927407e-07
320 3.9861980621148167e-07
716 6.11848583462531e-07
658 2.1402239135400586e-06
141 1.5591241580963532e-06
231 2.2934969974362717e-06
473 6.707452619084292e-06
608 9.93276425222713e-07
683 2.5657536617112083e-06
708 6.916017712090528e-07
570 1.0714531323985655e-06
131 3.4680643510282996e-07
178 4.4734025050750057e-07
229 2.186362957135112e-07
249 3.9886863875755917e-07
478 1.4218418177924261e-05
228 3.4365409972888048e-06
335 4.608751986767392e-06
440 8.668302125402511e-06
469 1.554163848453846e-05
695 1.3416447718144716e-06
702 1.2321542431999493e-06
588 3.51919811030426e-06
426 8.11168826004027e-06
686 4.795918508087406e-06
717 2.849992500109879e-06
496 6.1924262000898325e-06
417 1.475454719312353e-06
504 4.346974604085264e-06
707 1.8185710111647841e-06
191 3.826366982919483e-06
493 1.227242933048637e-05
304 1.7336597575924928e-06
429 3.831075962729114e-06
482 1.2484508961763266e-05
20 4.4964496054185614e-06
30 1.8914326287620443e-05
162 2.229598252458587e-06
219 1.5859694578829153e-05
340 4.4841652450676426e-05
483 2.887753759870409e-05
495 4.161494287772528e-05
509 1.1037106624311236e-05
523 2.029813634557305e-05
578 8.22579639564804e-05
19 3.0755123060028994e-06
44 3.706881385068564e-06
192 1.3025130870847877e-05
211 5.049523727853184e-06
224 1.0370395325530697e-05
230 2.45407741159962e-06
258 5.6898133149641564e-05
390 7.985068161002645e-06
494 1.1510434544865055e-05
518 1.800587153210279e-05
660 5.7912542677897943e-05
696 9.361362993298403e-06
704 3.5978385072588826e-06
655 5.829258621876475e-05
88 5.036267856283472e-05
434 2.0915625901034976e-05
374 3.9167405503364026e-06
122 5.325528265359199e-06
96 3.356378254614536e-05
355 8.087586619835641e-06
248 1.234694795977313e-06
376 5.96543510292097e-05
314 9.594834432786092e-06
321 7.181150324600273e-06
87 0.00016308323931904452
508 9.838586387629752e-06
705 6.617967789428671e-07
327 1.8360130037348267e-05
360 3.937636120405338e-05
184 3.2691641338497983e-06
672 0.00010682531259152063
318 7.351261222477573e-06
653 3.2591402202578233e-06
558 3.3751412032095574e-06
277 4.100122517668227e-06
123 1.431703918300794e-06
147 1.0054262563736714e-06
589 1.2933324046209584e-05
657 1.1424374580678762e-05
471 2.2096607248678218e-05
245 2.92380127465535e-05
444 2.8003439092717247e-05
73 6.263880260420421e-05
654 6.22183920372031e-05
312 3.0004510855795633e-05
554 1.0235980788985625e-05
549 0.00013485180168354587
372 7.121120010623298e-05
413 6.889520372907954e-05
292 7.0458314072471605e-06
332 1.8703708425791496e-05
547 9.983023487038488e-06
297 3.0818728675457676e-05
80 5.349382664693992e-06
