11 5.510529823678923e-06
33 6.845795166164526e-06
37 1.702493654916496e-05
39 2.7933743624148257e-06
59 1.3406521173110525e-06
113 1.504236208664696e-06
115 2.6177039729995416e-06
170 5.645667785622863e-06
171 2.018486918158601e-06
251 6.238409281563398e-06
296 7.031429596952806e-07
305 2.350663591932118e-06
322 2.364486518541411e-06
323 7.365030318343927e-07
325 6.280770018808731e-06
330 2.111058202775375e-06
353 2.1447476464399606e-06
358 2.6826079201757745e-06
366 2.244019798384061e-06
373 3.8468224770425106e-07
378 7.635499816609051e-07
414 7.99465194897617e-06
460 2.341331380061665e-06
468 7.930323309644109e-06
490 9.39366565243595e-06
502 6.076066508494796e-06
521 1.2667326238816217e-05
538 1.7236107122869432e-05
546 1.890983640958294e-06
555 3.0126150574248435e-07
557 8.019461037398611e-07
560 1.1256014035800678e-06
571 6.131750302955635e-08
580 3.083152176801105e-06
581 8.983331293061882e-07
582 1.9356803482103875e-05
590 1.3699271781061674e-05
592 5.6295082472590904e-06
596 1.5584011357150137e-06
604 1.5311660860828392e-06
624 5.309047034781524e-07
634 3.790677030382523e-07
650 8.638792106505377e-07
661 5.6079366124492895e-06
664 4.027251566264232e-07
671 7.215593840930884e-06
673 2.24986125279161e-06
674 6.221251437411979e-06
676 6.894800486459768e-06
677 1.450962222674355e-06
684 2.296360363008194e-07
685 2.0968295993115666e-06
703 2.2272246434101958e-06
31 2.0015162520691492e-07
377 9.178871699722248e-07
416 2.1668404925008714e-06
543 1.479006891933206e-05
545 3.923452170008218e-07
663 1.8742813200593203e-06
668 4.532608179112101e-06
670 2.0370841106989674e-05
691 4.552422482787736e-06
692 7.607971812135213e-07
43 2.4434677116519997e-06
293 6.112214060376537e-07
334 3.8784359229948636e-06
336 6.892238664753685e-07
464 3.683695066467285e-06
567 5.823059620745914e-06
576 3.981481088687574e-06
583 1.2470962638131907e-05
662 8.910466124257205e-06
354 2.0116990355307772e-06
380 2.6167274385049914e-06
577 2.851403106749296e-06
579 6.056569779272154e-07
690 1.176533994775366e-06
498 9.813500156480464e-06
587 1.7769955685920997e-05
317 6.9143553057165986e-06
324 7.96216489907148e-06
36 5.086798934143639e-06
40 3.92102884294983e-06
613 2.656965850450753e-05
