500 4.856729471347281e-06
41 2.9651436710601327e-05
47 6.039857087126007e-06
503 3.170184125486947e-05
505 8.810348833156657e-05
675 3.403411135053969e-05
9 2.5619876876531974e-05
21 7.074754199246547e-06
34 2.644997272042638e-05
46 3.89395255141645e-05
145 1.0245792470370903e-05
243 3.3285892604076065e-05
283 6.02717758629928e-06
480 7.890426376467483e-05
485 0.00012560121358899627
486 0.0003768234504270219
562 2.794679057730051e-05
659 3.539035483217425e-05
0 0.0002690348802684969
1 0.00014633571541554965
3 0.00014972825953306172
35 1.2953379287566876e-06
42 6.868312218817675e-05
48 5.4573265341997805e-06
160 2.961573160887353e-06
221 7.063124533491592e-05
225 4.248480252206101e-05
352 2.1099545834289848e-05
379 2.0712654111746085e-05
544 4.3322541374518114e-05
564 2.421738002805183e-05
593 1.1648285028928568e-05
173 1.0163944473698078e-06
242 1.3850194666183056e-08
76 1.627032702138029e-08
112 1.95207280873143e-09
215 8.447033740589148e-10
241 5.1136276104041465e-08
519 1.718273883975297e-07
394 6.1957345752211474e-09
4 4.0168580822280215e-07
77 1.6270327021380205e-08
109 8.707381584791991e-07
395 5.21289798105356e-10
400 6.761491256018469e-10
29 0.00020438282815090072
149 1.1382413208412249e-05
158 3.2282278025578687e-06
165 3.924782568823048e-06
247 4.281987889823143e-05
252 3.5569032855846635e-05
484 0.00011903654783921121
524 2.0550493375426805e-05
552 3.1309172630600017e-06
665 1.325146123421598e-05
667 1.4367299270895764e-05
52 7.038060524168923e-07
61 1.0156100896071726e-07
103 5.6697032620577734e-08
140 2.6196220821350097e-09
197 1.799476592632883e-07
281 1.760483740330966e-07
338 1.5346264060886194e-07
402 3.3035782438629995e-06
425 1.14173389995932e-09
2 7.139012075838578e-08
8 1.1875170971900103e-07
14 2.8896851018499493e-08
23 2.1814666484939455e-07
53 5.304122238877215e-08
62 2.2058788281575653e-07
64 1.5641826951760438e-07
67 8.089556628187311e-08
78 2.725084254399539e-07
83 4.3651480321510396e-10
93 8.353251535166895e-08
99 1.8729974266794224e-08
101 2.5899237982130826e-08
108 2.5091345693667592e-09
119 2.3063484823579735e-07
132 5.8901469680110943e-08
134 1.1655139590733448e-09
138 9.390241594047524e-10
150 4.259822599471787e-09
180 1.5505753171157503e-08
190 8.068257392470425e-07
194 3.2680193666328763e-10
200 2.2640879044624947e-08
205 6.913235326915698e-08
210 2.4791117110610298e-08
212 5.499587392815356e-08
217 3.804725585283572e-08
232 8.22401588956721e-09
235 2.2397634628915887e-09
239 7.2643451845604064e-09
254 2.2608068804674026e-08
256 1.2416808879242135e-06
259 2.6161766864263717e-07
261 1.5509896658737256e-08
263 1.5310025715493506e-08
268 1.0386693547833835e-08
270 4.725515741887422e-08
275 1.0211133562065978e-08
279 1.247789950796695e-07
282 1.6423441285741005e-08
288 4.2680418341952683e-10
290 9.813346617574214e-09
303 1.3149633356198895e-08
307 2.313592339006839e-07
345 1.0348773600512904e-08
347 1.3722310417626036e-08
349 3.869261835044968e-08
351 1.7953707692760582e-09
361 1.0273125454034827e-07
367 5.841905099430899e-08
382 8.764113459060398e-07
386 2.7108512551269763e-08
389 6.299835571703323e-07
392 2.1131920901219019e-07
397 7.430148925123501e-09
399 5.528102742189658e-07
404 1.8164777874769788e-08
430 2.201445285784865e-07
437 1.188463271035812e-07
442 1.276269573726032e-07
448 8.73180677295949e-08
453 5.764002239084163e-07
457 3.49933008209495e-09
462 4.574750332296816e-07
470 3.0883383084758253e-07
507 5.005403371613268e-07
517 7.028442906581032e-09
529 3.0349548977364816e-07
531 7.254850865762191e-08
534 1.176544675545636e-07
540 1.2500084453710765e-07
599 1.1736214790645591e-07
601 1.276278053409512e-07
605 9.609662787758885e-08
612 3.090709980242804e-07
614 1.0285519273738231e-07
616 1.5583764985996343e-07
618 9.135538718518904e-08
620 8.913321114482742e-08
622 2.0431942033797367e-07
625 1.8400424875253926e-07
628 5.6560224350917945e-08
630 2.1522283545515843e-07
633 9.378966018278438e-08
636 1.6179674662521173e-07
638 8.371135742335857e-08
640 1.2063852890135037e-07
643 8.089254615354079e-08
646 1.6747052433032133e-07
648 5.074757547407038e-07
651 1.104577974730869e-07
709 3.34825452897569e-11
718 8.799283090936923e-11
720 6.6664907587108265e-09
125 6.032165558972242e-06
202 1.5925255935306125e-05
438 1.3406116170901409e-06
443 6.8713472219874454e-06
449 8.596967255778431e-07
516 2.8585645787326285e-06
520 4.830246251818543e-07
575 2.550918484713678e-06
603 6.938469412703188e-06
606 5.64114553579637e-07
644 6.292969855075115e-07
26 5.73106360000195e-07
55 5.945958323230589e-07
75 6.487761019554833e-07
172 1.244326302614183e-05
436 4.3925426837655526e-07
439 2.6442783504178505e-06
474 1.476621939587271e-07
526 1.97763203908156e-06
627 5.969189053399e-07
711 6.598583700088423e-07
127 2.1644517605657826e-07
144 3.635250277480958e-09
182 1.9939875828595593e-08
214 7.162203573465317e-08
272 9.888091941731275e-08
403 1.311056442879991e-06
418 8.086160977216304e-10
424 3.841600802316247e-09
427 2.866093986360811e-09
492 7.944252108213477e-07
607 0.00015415490363811617
714 2.6461883439875967e-06
7 1.1244391625827245e-07
13 3.068993617987009e-08
15 3.153098308385772e-07
22 1.5343775951171926e-07
24 1.5377977012316982e-07
50 1.4019778937124415e-08
54 1.615572295101182e-08
63 2.9026949950723792e-08
66 3.506713874898346e-10
71 3.655038642860418e-07
79 4.9277447398794585e-08
100 7.612859299716865e-10
104 5.890214024067245e-08
107 1.3114019789859851e-09
111 2.4500042992173807e-08
118 2.165952874322072e-09
121 8.460705131283761e-09
126 4.2061535619017664e-08
133 2.0549474881347297e-10
137 3.131685531018359e-10
142 2.1159662795832565e-10
156 6.095438752232319e-08
198 1.5837347778839863e-08
204 1.5022891071726495e-08
209 2.357892331706856e-08
213 4.2691114702982916e-08
216 5.4888533758003765e-08
218 4.5828794072687457e-10
233 1.6131068252550471e-09
238 3.7065681765465335e-09
240 1.297634509407347e-09
260 2.032389682823797e-08
262 1.6896625737741843e-08
264 1.5782992177950077e-07
267 2.2305893149976752e-08
271 2.3445428908921237e-08
274 2.566576584287864e-08
280 7.755624498156605e-08
287 2.713337626359782e-08
291 2.2196596833927753e-08
294 1.3468216504546191e-08
301 1.4874529750897667e-08
310 6.24493940095868e-08
319 1.2077975639162295e-07
337 1.1718835079856173e-08
344 5.37637748475772e-09
346 4.6439280780378885e-09
348 2.2787288481746304e-10
368 1.756558300055595e-11
385 4.41974470383794e-08
387 7.459112239328468e-07
398 5.632025965956215e-07
415 1.4247455068352617e-08
422 5.024331248425518e-10
447 9.194049755618121e-08
452 1.2426612887730765e-07
454 2.4668161012018175e-07
459 8.94828329249417e-09
465 3.287973570556575e-08
476 1.2727538116707048e-07
487 6.944839249948784e-06
510 3.7977633302787905e-07
522 1.437350860212255e-07
527 1.0607794629334245e-06
530 1.5107796317240047e-06
532 3.351729888809303e-07
537 9.298733067497562e-08
541 3.450998577657893e-08
563 4.1220473356116914e-08
598 1.6209253002576244e-07
600 2.851543370942535e-07
602 4.324426700982993e-07
610 1.3784125558443915e-07
615 1.558587112872619e-07
617 3.4018393720587804e-07
619 1.8793625437353654e-07
621 5.645736734795011e-08
623 1.724331528226618e-07
626 2.7809177936424054e-07
629 8.056661357457266e-08
631 1.4908515208395704e-07
635 8.427744947921975e-08
637 1.1712315794426421e-07
639 1.3909715942071993e-07
642 1.3236813794075964e-07
645 2.1626797604339946e-07
647 1.672276158484966e-07
649 3.1305002629928157e-07
681 3.1641982134566874e-08
713 7.819169178345471e-08
719 6.366515743815541e-09
371 1.505414866789067e-07
120 8.025515419221917e-06
328 1.2685273998061835e-05
32 8.266236598100348e-06
412 1.1539210768491008e-05
257 2.5618339441485595e-06
