0 0.00020759274794673725
1 0.00010184291937857211
3 0.0001459241729403361
9 2.4166758598041045e-05
21 4.173724673901983e-06
29 0.00017439470394846028
34 4.0719276984535874e-05
42 9.461435440778475e-05
47 5.236553445910383e-06
48 5.573911982143624e-06
145 9.791839059452069e-06
149 1.4697632516093753e-05
157 1.3559404683289063e-06
158 3.468352846561484e-06
160 3.942573040447185e-06
165 4.7454095637881705e-06
172 1.0188138470325615e-05
214 2.373753900147255e-09
243 3.349961083881678e-05
247 3.557830924896624e-05
252 3.682097155969676e-05
283 5.742736906094593e-06
352 1.8644308434978356e-05
379 2.291771987377096e-05
438 1.9966938886994524e-06
480 8.463205597776513e-05
484 0.00010014829371714578
485 0.00011957379543287582
486 0.00034303672096794513
487 1.7745783209533562e-07
503 3.3192287058987613e-05
524 2.6179224040092852e-05
544 3.9074909714961096e-05
552 2.4739123909647794e-06
564 3.3831394403740944e-05
603 1.061536753003936e-05
665 1.1929493531267744e-05
667 1.414658429640867e-05
714 2.2103445208530155e-06
23 7.832406808545414e-08
26 2.2765861948446363e-07
35 8.926378677507542e-07
46 4.304512620580453e-05
52 4.416324218838565e-07
55 4.042279586761142e-07
57 3.0994913133246954e-08
61 4.2824989540934074e-08
68 6.63922460604523e-08
75 2.2679755386532318e-07
82 1.2716627399863437e-07
85 1.7803863295599644e-07
90 4.95065102455442e-08
95 3.387592257021909e-08
98 5.486714450949646e-08
102 1.0753455545638722e-07
103 2.1951662532980654e-08
104 5.224589856232362e-08
111 2.5411546740151935e-08
114 2.405994240288986e-06
117 8.150932302309803e-07
125 5.165653070891626e-06
126 3.4711806161569647e-08
127 2.0318399980858308e-07
132 5.587509240337422e-08
181 7.241595829824171e-08
190 7.697233334763949e-07
195 4.0270544032578373e-08
200 2.0576957976746993e-08
202 1.2994123374973916e-05
203 2.017355481624506e-07
205 1.0668539263205533e-07
207 1.568550900678299e-07
208 1.4816064468084075e-07
210 1.646662241049608e-08
212 1.820793810205078e-08
213 1.1794862727450965e-08
217 1.596368713425965e-08
220 3.6070414603392346e-07
221 7.115644924883839e-05
245 2.0407532175430764e-05
265 6.220388051549173e-08
266 2.5503247584315084e-08
267 1.538596739040032e-08
270 4.455107450572256e-08
271 1.3428964718604165e-08
272 3.5423799667933646e-08
281 1.2829515569419893e-07
295 3.068312754098009e-07
307 8.761154838311438e-08
309 1.5647787040290607e-06
316 2.7673446170418195e-07
328 1.4715649533687246e-05
338 1.22052442878799e-07
349 2.665920247946979e-08
370 3.570448470365837e-05
382 8.94590969717668e-08
383 1.739333695073543e-09
384 1.3006848834918215e-07
387 2.354924856951946e-08
389 6.915903623308466e-08
391 2.2338647524784702e-07
398 1.471066290984767e-07
399 2.0145582914240002e-07
401 8.822512372984818e-08
402 2.1207070856912598e-07
403 9.029224210368864e-08
410 1.305699913638227e-07
411 1.369312996910059e-07
412 1.1262893240190113e-05
430 2.282590189257212e-07
433 3.933577769517233e-07
436 1.8139048856036405e-07
439 2.7104727687177317e-06
443 5.3376326616318495e-06
453 1.1192657067636496e-07
458 1.344833062457305e-07
461 6.742822113535344e-07
462 3.2667583116802617e-07
463 1.2372930376514503e-07
470 1.1400777960036041e-07
474 1.0907444691471515e-07
476 4.410466155476983e-08
477 6.699268895625328e-08
505 6.870343750739678e-05
507 3.71657574441e-07
511 2.7905926524076106e-07
516 2.757312939204567e-06
520 1.506676350201559e-07
522 6.212723706440853e-08
525 2.7402826918061855e-07
527 7.703885014980147e-07
529 7.845610129988284e-08
530 1.0357623793034812e-06
531 2.1204095307506318e-08
532 4.159146624137123e-07
540 8.941590652726897e-08
551 8.178530816807932e-07
562 2.2299007767471878e-05
593 7.15319881232162e-06
598 9.65949524307078e-08
599 2.1439560990829706e-07
600 6.712361656524945e-08
601 8.865524924087898e-08
602 8.472150510812284e-08
606 3.629976217643405e-07
611 1.0323144834990536e-06
612 1.6313098558947247e-07
614 7.73090235573017e-08
615 8.763124302989455e-08
616 7.644953115495828e-08
617 1.0039421849836162e-07
619 1.2789623089464542e-07
622 1.5626458854378366e-07
626 1.654237315570323e-07
627 2.739414477619232e-07
630 2.3197796291330868e-07
631 8.629230689611045e-08
632 1.5966024628593551e-07
637 1.5332797033347063e-07
640 7.904270719670062e-08
642 4.85477020330348e-08
643 6.524633637967438e-08
644 4.1254917988404745e-07
645 1.4168574172757518e-07
647 5.611488711737332e-08
648 2.6722271548506457e-07
651 8.075386754276356e-08
675 3.079483734100533e-05
687 3.5327578906231056e-08
699 4.299320866472584e-08
711 3.885621571035232e-07
63 2.638483260232707e-08
64 1.527382494937005e-07
101 2.4781340748359877e-08
173 9.03779390187851e-07
287 2.5081105215382385e-08
319 6.871670891259774e-08
482 1.11477751575119e-05
563 3.067725588276932e-08
646 1.38084558189764e-07
2 7.786607013782724e-08
4 3.137812751092149e-07
7 6.096356652178923e-08
8 1.3374036760853792e-07
13 2.5909098278333536e-08
14 3.461520928642767e-08
15 1.3248331942743887e-07
22 1.917424929912654e-07
24 1.7024867001482194e-07
50 7.623168888549242e-09
53 2.779531137567279e-08
54 1.571064573560683e-08
62 2.0813778186077988e-07
66 1.1416141250654093e-09
67 1.0317552873074524e-07
71 6.719537952416858e-08
76 1.0658729411617826e-08
77 1.0658729411617834e-08
78 1.4390750426196023e-07
79 5.074791473881421e-08
83 1.1681604619702462e-09
93 7.496764899895742e-08
99 1.954494739629588e-08
100 1.9469435002997477e-09
107 1.5767701532471444e-09
108 3.3935588375228433e-09
112 4.359562891721747e-09
118 3.526558490763813e-09
121 9.230836517866991e-09
133 9.83684774204989e-10
134 1.6513303421356046e-09
137 8.65529819083762e-10
138 1.5659447109914737e-09
142 1.0035200955714215e-09
150 5.637414211921457e-09
156 8.341549082189294e-08
180 8.480435577611065e-09
182 1.0193400950392572e-08
194 6.321325450763619e-10
197 1.713284120918138e-07
198 1.589969689937769e-08
204 1.7780084482747563e-08
209 2.5263746059096197e-08
215 1.7191969790576626e-09
216 6.71689618600332e-08
218 8.85890464734718e-10
232 7.362472602025223e-09
233 3.2053331160203844e-09
235 3.802988321042833e-09
238 5.14548754869812e-09
239 1.2974041617380288e-08
240 2.0490128646959255e-09
241 4.9934425304310856e-08
242 1.0416867528292724e-08
254 1.9375445017526746e-08
256 1.1832387646391911e-06
259 2.501947440308918e-07
260 1.9800000526963656e-08
261 1.4856409186643616e-08
262 2.204049548693262e-08
263 1.935823779032542e-08
264 1.5336991830321452e-07
268 1.1172433321606593e-08
274 1.2893984383069806e-08
275 1.6607753423291738e-08
278 1.4272050464938755e-08
279 9.561215906324016e-08
280 7.052428377281332e-08
282 1.4506731944879936e-08
288 1.4337440338423307e-09
290 1.096292596732265e-08
291 1.3453528731522074e-08
294 1.6008508352455134e-08
298 2.2632510924924628e-07
301 1.536983101259619e-08
303 1.4009068875125855e-08
310 3.642797348454346e-08
337 1.5666664081936213e-08
344 6.3761013583811225e-09
345 1.3489053816965846e-08
346 8.931486250321409e-09
347 1.768651778233987e-08
348 1.032879949667648e-09
351 2.9211857098368904e-09
361 9.260793040889941e-08
367 4.753886699342695e-08
371 1.1882674601094658e-07
385 4.041430175376286e-08
386 2.498626741990393e-08
392 5.444751965055067e-08
394 5.873426238658978e-09
395 1.0724207258641983e-09
397 9.121573814351857e-09
400 1.7614413743726452e-09
404 2.966332777911746e-08
415 7.972208509356335e-09
418 1.547599848657665e-09
422 1.53202026930425e-09
424 3.437631752989622e-09
425 3.4068305216851846e-09
427 3.360449097460743e-09
437 5.713191147600521e-08
442 9.795115986594045e-08
447 6.593244463771041e-08
448 6.277854133181271e-08
452 1.3176028736198053e-07
454 1.8724860472610108e-07
459 1.3276717251046733e-08
465 3.399661768895332e-08
479 8.589505217555012e-09
492 6.045746979115146e-07
510 5.20224785483427e-07
517 6.307132564610815e-09
519 1.303625119133224e-07
526 1.4981756205678003e-06
534 1.0226795602559679e-07
537 8.992028647052878e-08
541 3.802327162884155e-08
597 1.2516236201355447e-06
605 1.512566084258249e-07
610 1.8783743752912858e-07
618 1.1755290092917098e-07
620 5.347830551597418e-08
621 5.473949296631611e-08
623 1.4221243087704814e-07
625 4.929175676597196e-07
628 5.3430790206696735e-08
629 7.808815651188042e-08
633 8.389020724541168e-08
635 8.074356992083273e-08
636 1.0798805215107169e-07
638 9.967129511401842e-08
639 1.0354627224880521e-07
649 3.2556228073754216e-07
659 2.6442265807607755e-05
681 2.598907664138771e-08
709 3.3923112085561965e-10
713 7.584397611550519e-08
718 5.627087667683471e-10
719 1.143014984865926e-08
720 7.123230142302515e-09
109 6.910985737900172e-07
119 2.0673713147812882e-08
312 1.7363307321411927e-05
368 1.174297915231231e-10
457 4.180301399747546e-09
547 5.293313368876058e-06
575 1.5939054318509642e-06
715 5.73674623673142e-08
144 3.911259294981778e-09
92 1.414902267217081e-07
148 5.5210066384862844e-08
311 1.638717691012036e-05
388 3.79229740948771e-07
466 2.291466506039243e-07
506 4.490176178919062e-06
536 2.4855179107870384e-07
542 1.6301980969493593e-07
140 2.8781308372637857e-09
193 1.5459655985499107e-08
369 3.159625756931645e-07
421 6.242807777993457e-09
225 5.127710567553462e-05
110 1.0699882856241024e-06
16 2.7107160569037283e-07
97 1.1885233565004311e-07
710 2.1160537133066014e-06
712 2.02124736411111e-07
45 4.317310000743998e-08
175 6.617898730209321e-08
566 2.3149796678877272e-05
58 6.449181578821262e-07
69 2.118610740210135e-05
72 3.3553152532290824e-07
74 8.937841179643886e-07
81 5.771243129441181e-07
273 1.1416442053954108e-06
393 2.9961679108662197e-07
396 2.4860717119557e-07
408 1.1972901631996494e-06
451 2.74014227922639e-06
456 3.9376576557624716e-07
497 8.192354687976495e-05
146 4.922352731903576e-10
286 3.287399027822308e-06
339 2.1235988390669376e-10
365 9.149433041102512e-06
91 1.456615164159998e-07
449 1.80427724360433e-06
12 1.1284685166528522e-05
106 2.10755667962116e-06
185 8.936855306324229e-08
428 9.028444502795375e-09
70 5.910621581339308e-07
84 4.659389425609003e-07
89 4.441886485088364e-07
151 4.7480462314699476e-07
244 2.2197159266032338e-07
246 1.8969753240882758e-07
406 9.600052964193274e-06
513 1.2601041468740002e-06
528 5.434685649008643e-06
535 2.3527644194125766e-06
641 1.0898967182498802e-05
18 1.3529435546464045e-06
166 6.079085392496664e-07
420 1.2118637512157012e-08
86 8.000078418884944e-08
174 7.584808601116956e-07
607 0.00014393494109067655
105 5.480868444710411e-06
152 4.495920641574469e-06
154 1.0381093329727926e-06
269 3.258292494841401e-06
609 1.2491556926116938e-05
177 1.7185950426519948e-07
189 1.1463766884082762e-07
362 1.1932508352434336e-08
514 3.8046073774613627e-06
300 3.2766220297699514e-05
313 4.4330542921285035e-05
431 6.3108250983318175e-06
445 9.921989897646758e-07
6 4.687853464232435e-06
199 1.424194714848295e-06
201 5.121432824572856e-06
308 0.00010536642192994474
359 1.229988422470173e-05
409 4.196230303335897e-05
556 1.0189541620237396e-05
419 2.742870814985232e-07
27 1.564884936873884e-05
28 4.2749666966378645e-05
315 6.342353259337865e-06
512 2.0697989236422e-05
116 5.366037440467851e-07
135 1.890342889088597e-07
159 3.606665182220153e-06
65 2.5281932022198647e-06
405 9.39830783592921e-05
363 2.2690482635870242e-05
669 2.463905973330612e-06
250 2.0368849902157345e-06
356 2.5045567286993738e-06
41 3.0494974446413398e-05
60 7.97615291294224e-07
124 1.4768662510534193e-06
364 2.5576411557700023e-05
285 7.126906878535527e-06
553 1.9204782946897526e-05
188 2.750581793680238e-05
139 4.4517091387463795e-07
375 3.1418270140769166e-06
568 3.4606653315838923e-07
481 0.0001562316300104119
569 1.826389698197335e-06
226 9.310329115436099e-07
326 2.0756374316979823e-06
561 1.812158546585709e-07
