236 4.528416839010229e-07
237 2.6063137594587403e-06
333 2.628549853034828e-07
475 1.3459599712091544e-05
20 3.346457351972449e-06
131 5.150861185746753e-07
219 4.342645685816857e-06
284 2.1984781728505877e-06
450 3.2525517384169452e-06
652 1.647329326330445e-07
708 9.921222874781838e-07
129 2.163424190092195e-06
222 3.1265513489200383e-06
255 1.4649742971672814e-06
335 4.735997526804474e-06
586 3.698386944281743e-05
704 2.7701174156591756e-06
49 2.1641141726888863e-06
224 1.1136704147749848e-05
467 5.2964622222581954e-05
658 2.6890942056921494e-06
120 4.884781240602919e-06
44 3.630865354683234e-06
130 2.475824448535558e-06
228 3.6846233016274773e-06
229 2.3641273337950832e-07
299 6.166516973655954e-07
496 4.881243819323181e-06
589 1.4294376275453787e-05
473 6.0804285531986444e-06
509 4.667631514378992e-06
653 4.063876784858949e-06
683 2.078597183301252e-06
178 4.897841300650214e-07
230 2.485094417447779e-06
660 5.639902371040346e-05
196 2.315481635856223e-06
558 3.1135080010265147e-06
32 8.033817163585214e-06
141 2.0890846802874956e-06
231 2.5681353155363446e-06
249 4.6587256687168697e-07
355 9.074913383279895e-06
608 6.012522756883163e-07
693 3.065623000184019e-06
147 1.6043414481226414e-07
206 7.367844071892616e-07
304 1.653651316909795e-06
318 8.46288267177387e-06
321 7.976383927926217e-06
390 7.520799832426222e-06
695 1.1311534797603611e-06
306 3.3706952204138533e-06
302 1.2184224011808683e-06
332 2.3158415460244404e-05
374 3.2568110715794653e-06
342 6.7332121804327e-06
248 1.3516658477386593e-06
258 5.125469441559874e-05
440 5.1985404876545094e-06
494 1.0607931846409645e-05
578 7.119064098731264e-05
588 2.1714282181094423e-06
657 1.2651280351530874e-05
162 1.953426984592499e-06
277 5.245125008311491e-06
341 4.3009061738715995e-06
417 7.401700051689683e-07
444 2.8081881683911916e-05
469 1.569648147544551e-05
478 1.1412058513870253e-05
504 1.8420515457795905e-06
508 9.222761555193672e-06
595 6.871649454695943e-07
686 4.386208946647826e-06
696 9.988318676134589e-06
707 1.579949952802738e-06
717 1.598002204704263e-06
25 3.037076467185021e-07
80 3.5980334772514437e-06
88 4.524641812636853e-05
96 2.7564403806029585e-05
143 1.2124627391650298e-08
164 1.7152365105907557e-06
168 3.5933933413952163e-06
314 8.973544077699408e-06
357 3.5591347951858344e-06
471 2.0615672018233753e-05
491 7.460211595826774e-05
493 9.334813768830046e-06
591 2.1282214253035265e-06
672 9.856153394263627e-05
702 1.0364814968658525e-06
705 8.490326952218544e-07
499 0.0004776073500901269
5 6.496283903513696e-05
123 1.2190856561548581e-06
161 4.9180466232838374e-05
184 2.4505726646909708e-06
191 3.045259566886309e-06
192 9.765840630442518e-06
253 2.763231769657746e-07
257 1.7482759889268027e-06
327 1.769060992521798e-05
350 6.403885341008299e-07
360 4.0540467787898005e-05
376 5.838528339381284e-05
423 1.314475498667034e-06
429 2.674082474065096e-06
435 4.165862135304811e-07
518 1.2382452598049165e-05
523 1.4727049435331943e-05
533 7.082102151488161e-08
539 2.1986811438738656e-07
548 2.3139436344792722e-05
559 3.6195031106239043e-07
654 6.399250532273494e-05
680 3.6189313217762585e-06
682 6.131009363153118e-07
701 1.0905341929044296e-05
17 7.42868252472317e-06
73 5.2129023728509577e-05
87 0.00016878431648084463
122 2.9882189830469794e-06
128 1.3787344136845149e-06
169 3.7860155926496663e-06
176 1.7372845286000469e-06
183 2.95843635508316e-06
211 4.381676110804838e-06
234 2.3433123495537417e-06
276 6.547810479435427e-07
289 2.3349896607765405e-05
292 5.2774094129256625e-06
329 2.069476924782638e-05
372 7.021794563871743e-05
426 9.708105369144534e-06
434 2.2247225837600894e-05
472 6.325858483571942e-06
483 1.2671558912438039e-05
488 6.963523267339777e-05
549 0.0001133470127643777
554 7.403209441852934e-06
565 2.962371261948756e-06
574 8.174622070013354e-05
655 6.242261087477141e-05
679 8.210392289708488e-07
706 3.6483706313991397e-06
10 0.00016678830895894978
38 6.535082094379148e-05
153 0.00011826246565654056
155 2.3884455928066643e-05
163 2.720051841138145e-05
297 2.6754670227146906e-05
343 1.1019267196264921e-05
407 8.979649611961889e-06
413 6.093981751768273e-05
446 6.73080121083699e-05
455 5.172436114631223e-05
489 0.0003816836360411672
515 1.2899238790724747e-05
573 4.677337405656158e-05
