170 3.6600375987815826e-06
500 3.690047100972242e-06
11 1.17492790558996e-06
19 1.8880738781430159e-06
30 6.043405865068375e-06
31 2.652897221153321e-07
33 6.123818063100804e-06
36 4.863590091732123e-06
37 1.6828797423414012e-05
39 1.9552327625350063e-06
40 2.429222151477235e-06
43 1.4444322052812083e-06
51 2.4624845348830807e-06
56 4.2053233830958946e-07
59 1.096209234088702e-07
94 2.26394854948633e-06
113 5.433689064429607e-07
115 8.384511390945875e-07
136 7.671406965967463e-07
167 5.9534447000013356e-08
171 8.705489340500284e-07
179 4.242200855788605e-07
186 1.7662839325230448e-06
187 4.724417234861073e-07
223 5.1664200423236825e-06
227 1.9089851303687405e-06
251 4.776001499334537e-06
293 8.411455570751444e-07
296 8.375631038507854e-07
305 1.8709851040837285e-06
317 6.695452342068501e-06
320 4.2342822669101747e-07
322 1.8303875395666065e-06
323 6.042593044212023e-07
324 7.79434358953377e-06
325 6.192159262902227e-06
330 1.5961388302930123e-06
331 3.7926726232586996e-06
334 3.521406768311824e-06
336 5.731370992616964e-07
340 2.153758942719443e-05
353 1.3876594532180344e-06
354 1.4526665580998174e-06
358 2.358318491602679e-06
366 1.8962548570787027e-06
373 3.7451379009821196e-07
377 6.938443201286708e-07
378 9.306375130405471e-07
380 2.1754522367035127e-06
381 1.0896600261195468e-06
414 6.6677292529980694e-06
416 2.6604334277733057e-06
432 1.1346726627662877e-06
441 6.765456341368147e-06
460 7.464744745446807e-07
464 1.973758086949884e-06
468 6.7688452664891285e-06
490 5.682477608647246e-06
495 2.6590854868972385e-05
498 8.834735819714044e-06
501 0.00010337147086178691
502 4.741890649553616e-06
521 1.0011398623448631e-06
538 5.38124194635054e-06
543 1.4559221698242994e-05
545 4.5442775666524087e-07
546 1.361627989552303e-06
550 5.370890788918253e-06
555 3.1022173951261713e-07
557 7.636751628002382e-07
560 1.2851027742904824e-06
567 4.161049104939644e-06
570 9.145202158594517e-07
571 1.2935345429033583e-07
572 6.299538999205666e-08
576 3.838034007641532e-06
577 3.861265208350329e-06
579 6.09919324870846e-07
580 2.8338819124765925e-06
581 1.0908910369146913e-06
582 1.8391148851388345e-05
583 1.2094889657516528e-05
584 2.792441439756702e-06
585 3.762482215000829e-06
587 1.7213414478709146e-05
590 1.2679364340316834e-05
592 5.455974086502647e-06
594 9.218478943691285e-06
596 1.4851706138974346e-06
604 1.851401393166185e-06
613 2.349359428267535e-05
624 8.220921911331692e-07
634 3.9148591018728286e-07
650 1.06500790290269e-06
656 1.3794978806272078e-06
661 6.540016218533519e-06
662 8.993690789563963e-06
663 2.354071929805971e-06
664 3.8069894812385804e-07
666 4.464196051162503e-06
668 5.506467572448095e-06
670 2.2342404364614303e-05
671 5.430946136913425e-06
673 2.291986654476328e-06
674 6.163481914821892e-06
676 5.490668221398896e-06
677 2.1285216711276275e-06
678 7.66083232859463e-07
684 1.8305418627016302e-07
685 1.7433815455837418e-06
688 7.012299884975622e-08
689 1.8935383642805642e-06
690 1.3339607625733522e-06
691 3.6248091973569886e-06
692 6.910433171898855e-07
694 2.9882767190137896e-07
697 1.4988451497838832e-06
698 2.565912785215517e-06
700 2.9451798138966917e-06
703 1.259657090419035e-06
716 6.753538160110788e-07
