0 0.0002847090879904478
3 0.0001429385236016359
11 1.8070875610891696e-05
19 3.3339119937228407e-06
20 4.5329408128250055e-06
29 0.00021846028623021045
31 8.412928871541445e-07
33 3.561196376633066e-05
34 3.585561207130587e-05
36 7.413895661258783e-06
37 3.512737148301499e-05
39 3.3371219305389297e-06
40 5.98958561274684e-06
41 2.4779569842315395e-05
42 9.437182335993439e-05
43 2.2485941896379504e-06
46 3.704385053891735e-05
49 2.546974640838288e-06
51 4.592501996316553e-06
56 9.401419099812175e-07
136 2.8890892125039434e-06
162 2.453287618944773e-06
163 2.753878872281713e-05
184 2.9661754924105998e-06
187 3.1818947764616917e-07
196 7.229139301580277e-06
222 3.66541701652841e-06
223 8.80322945239778e-06
224 1.278249349801048e-05
225 4.369028021288452e-05
231 2.434226626992741e-06
237 2.5311898915216764e-06
243 3.980999141998386e-05
249 5.471005416371967e-07
252 4.1991548467575425e-05
255 4.0312880224039e-06
284 2.7251204716596364e-06
304 2.155789699894142e-06
305 4.73947241938841e-06
308 9.447788055622864e-05
314 8.809263917543669e-06
320 6.116122169070957e-07
323 9.819805862628781e-07
325 1.789502735908346e-05
327 2.459030069790653e-05
331 4.276032196894294e-06
333 3.459577746904534e-07
341 4.66923280798201e-06
352 1.9593875985690967e-05
354 2.065229312447264e-06
366 4.768256690458014e-06
372 6.739453168484433e-05
376 5.8943625802093713e-05
377 1.4305121794981997e-06
416 9.340906482915957e-06
429 3.8655374140682e-06
432 4.1972104621739715e-06
434 2.8075520818088968e-05
440 7.505214955337396e-06
450 4.286053836053828e-06
460 3.2010416151165477e-06
467 5.591910073055088e-05
471 2.154315572187497e-05
473 5.315439812611902e-06
478 1.3202531210526464e-05
480 9.851603973026623e-05
485 0.0001363914345070341
486 0.00037522126137796047
490 1.7580685531827252e-05
496 6.9904680289985696e-06
498 2.203996959665311e-05
501 0.00010688274342605284
504 2.5583411252169875e-06
509 8.764210806035081e-06
533 7.568796321094128e-07
538 2.6671362143589262e-05
544 3.989983902925028e-05
545 2.0426783802295356e-06
546 2.963774553366837e-06
555 5.5449572238665204e-06
557 8.968994842755069e-07
560 4.969687042399015e-06
567 1.4678910796335071e-05
570 1.1506920361074143e-06
571 9.150662587551268e-07
577 3.418183677919468e-06
579 1.3700814227583812e-06
580 3.473617604925949e-06
581 1.835818263840152e-06
583 1.4386268771255786e-05
613 2.6440236126839155e-05
634 6.72926842060021e-07
652 4.280842157586656e-07
657 1.3925194245555086e-05
658 3.6356268287298767e-06
661 1.207673253331477e-05
663 8.097594352189712e-06
664 2.236298726886291e-06
674 5.104851443627492e-06
677 9.896481809445563e-06
678 1.7551671406901093e-06
680 3.0551731417400928e-06
683 2.545320661538404e-06
688 7.725678041196463e-07
689 6.855356286763836e-06
690 6.321735284357438e-06
692 1.5042705311031083e-06
693 3.1810839510353368e-06
695 1.293515574667611e-06
696 1.3134493450321485e-05
697 2.9005039492368823e-06
698 2.41546905027128e-06
701 1.664391585372314e-05
706 4.543989882949994e-06
708 8.812160122432984e-07
236 1.1891517077809108e-06
650 8.856269151158364e-06
671 2.4839682194846763e-05
686 3.822306775090957e-06
120 9.515490586462836e-06
318 2.4388793609659936e-05
550 1.2808674261752951e-05
228 7.73603552345278e-06
468 2.163331081165665e-05
684 2.572370893863833e-06
407 1.784698624587891e-05
115 9.501213830568768e-06
219 1.4423389383735147e-05
375 3.6987659403050913e-06
672 0.00011755409571260816
144 5.332224331005775e-09
206 2.3270762128607094e-06
582 4.3880770919054966e-05
624 5.917646934875267e-06
