114 3.6595938094863896e-06
423 1.9550715300260763e-06
700 8.469327834813073e-06
297 3.4999690435767446e-05
679 2.7047899561535954e-06
122 1.0350396705939495e-05
608 2.6909512276960344e-06
113 5.2245291280603065e-06
176 3.2798528675843934e-06
326 2.6303175510681543e-06
444 5.274080826934683e-05
483 2.1246243240021786e-05
591 2.562931889206311e-06
704 7.4022894372708e-06
411 5.2748768839728345e-06
174 8.848307889536373e-07
391 5.2590922281117714e-06
145 1.1896099002625404e-05
195 2.4178885773022714e-07
211 7.75166072403742e-06
289 2.416667296047595e-05
503 4.222111691420218e-05
524 3.467285321406026e-05
549 0.00013816302288582563
662 3.355905609090422e-05
585 1.0125442722757347e-05
44 4.576930197229804e-06
47 6.365466705213917e-06
48 6.72158654274311e-06
311 2.2237674172286265e-05
312 3.782543478185577e-05
350 7.029093271374432e-07
455 5.970504042979383e-05
472 7.27523747577946e-06
659 4.619416581497641e-05
666 6.4701662902762156e-06
669 2.654736909028819e-06
500 5.305841201757401e-06
396 2.3858728666805744e-06
1 0.0001358350204138453
65 4.838487551276767e-06
90 2.130001326187873e-07
105 5.770729893721742e-06
143 1.7946337039140812e-07
276 2.473121206943221e-06
358 2.7091541756723296e-05
364 2.3920054335132152e-05
379 2.4697780358236405e-05
406 9.91602417682628e-06
420 2.774318445608649e-08
508 2.893061242458659e-05
518 2.0285121414329643e-05
566 2.5430063645661812e-05
574 9.3327931761418e-05
675 4.233681495873589e-05
445 1.3662561421386475e-06
494 1.192490323500378e-05
25 4.4893912729020276e-07
27 1.5024464946060988e-05
57 3.893037165846006e-06
67 4.3053162670534636e-07
87 0.00019125084821688967
110 1.217570458906606e-06
125 6.16635199211102e-06
135 3.449923937964991e-07
141 3.6017307819829634e-06
149 2.2255589678208507e-05
167 6.175006881536353e-07
177 6.189528084370932e-07
192 1.4188765725749304e-05
238 9.307454329625009e-08
244 3.3245858870686e-07
253 4.107047850041287e-07
257 2.117535220504852e-06
258 5.258779520099157e-05
313 3.595320716023039e-05
332 1.824851970633419e-05
348 2.1489644645246695e-08
357 3.6872187452396122e-06
359 1.3161123927068016e-05
492 7.047980610239061e-07
511 2.3546185218598047e-07
559 6.781090313903049e-07
561 3.678596472514073e-07
562 3.111482141808583e-05
568 4.434376042809609e-07
588 2.9410474864551853e-06
592 1.805659823213958e-05
598 7.271993282023499e-07
599 7.351861707789637e-07
600 1.1045741857444819e-06
636 4.547279473698481e-07
667 1.4296583707043475e-05
681 5.327248998178784e-07
705 6.131530531484522e-06
717 2.359726208253951e-06
2 1.9505676509016601e-07
4 3.2619727214383106e-07
5 6.435607938976464e-05
6 5.0747430920597945e-06
7 7.185502846586456e-07
8 5.181239691017457e-07
9 3.789034769662404e-05
10 0.0001749878946718341
12 1.2160365878785386e-05
13 4.2524545716369633e-07
14 1.1771211613909577e-07
15 3.1061072049927935e-07
16 5.735102232936289e-07
17 7.979466184567645e-06
18 1.4138895431386716e-06
21 7.458446223469336e-06
22 1.5559609910009788e-07
23 1.5218746632398966e-07
24 3.4151129019657566e-07
26 1.108213582720646e-06
28 3.844058162804432e-05
30 1.858997259328162e-05
32 9.435248457243688e-06
35 1.2754456975794524e-06
38 5.4322917525611606e-05
45 5.724333348606186e-08
50 2.5318003022340936e-09
52 5.906787380084584e-07
53 3.6769386324334337e-07
54 6.844127329612719e-08
55 6.709175657895622e-07
58 7.94923250415785e-07
59 4.0260379154024885e-06
60 1.1151110463290606e-06
61 7.779585981305851e-07
62 2.156721156501278e-07
63 1.4267206972178637e-07
64 1.477684762087141e-07
66 2.2830410527680655e-09
68 1.1863973549471208e-07
69 2.003299210526284e-05
70 2.103200668483624e-07
71 1.6135336968816902e-07
72 2.9492646259761566e-07
73 6.602819195995681e-05
74 2.2583742226354277e-06
75 6.645310054258573e-07
76 8.10791449264949e-08
77 1.1625460929629684e-07
78 6.215283440828397e-07
79 6.168079675781686e-07
80 5.740370994431591e-06
81 1.5927474813544848e-06
82 1.4098165425370876e-06
83 6.409678684732872e-09
84 2.072300678555747e-06
85 7.396183597096747e-07
86 4.8088269597144645e-08
88 5.804984219183999e-05
89 2.660563009664065e-06
91 1.9472076226261235e-07
92 1.1974147442475408e-07
93 2.25884934336326e-07
94 4.563186947561171e-06
95 1.2635257761798782e-07
96 3.627863084643856e-05
97 2.0608851621467196e-07
98 2.7935762591907807e-07
99 1.414773333455211e-07
100 1.5293270058181965e-08
101 5.9083485862512547e-08
102 2.7904138860793926e-07
103 3.0194032547775774e-07
104 7.275275122459874e-08
106 2.430191577132514e-06
107 7.318338528655887e-09
108 2.8021454497053732e-08
109 8.162370742998947e-07
111 2.7109376170594026e-08
112 6.716266504323202e-09
116 6.206312903959766e-07
117 1.3507756910685704e-06
118 2.3144550669519083e-08
119 2.3986086477677674e-07
121 1.547041954183021e-07
123 4.347855545837423e-06
124 2.2658151246882174e-06
126 9.341071927446123e-08
127 3.020748828264801e-07
128 2.6930285274213694e-06
129 4.03655070257043e-06
130 1.0142756253850724e-05
131 1.2255866314896459e-06
132 2.1168387538593505e-07
133 1.1592438732941154e-09
134 1.3843158556792584e-08
137 8.20013365144317e-09
138 1.1081140746406618e-08
139 4.916021197787582e-07
140 2.62421773701364e-08
142 5.7696029689958815e-09
146 4.284371852562203e-09
147 6.19528533351086e-07
148 2.604045642672335e-07
150 6.228359564750547e-08
151 2.3327586139979738e-07
152 3.270891937474819e-06
153 0.000125060540796649
154 1.3013857763906323e-06
155 2.7328488965272243e-05
156 1.7852605742499268e-07
157 2.0932642159696213e-06
158 5.221636371698945e-06
159 4.177240568772972e-06
160 5.484296806052253e-06
161 4.553195570918558e-05
164 1.8182665330321204e-06
165 6.938504821696037e-06
166 6.969390991717143e-07
168 4.576025909562781e-06
169 3.8234340652524284e-06
170 6.006618428605683e-06
171 6.070864402363838e-06
172 1.184374182063842e-05
173 9.967691308862582e-07
175 2.9612172880831137e-07
178 1.201961880728162e-06
179 1.8481166009771529e-06
180 4.3790895136398454e-09
181 1.1617387677651594e-07
182 5.157862643944965e-08
183 3.2750157590825146e-06
185 1.9895701350880104e-07
186 7.823665955282183e-06
188 2.824894365618767e-05
189 1.0246379307971243e-07
190 8.018965610445893e-07
191 5.9068481449528164e-06
193 2.2172957684023015e-07
194 4.832376072737739e-09
197 2.550985435216355e-07
198 1.2241418246029215e-07
199 3.648009122507072e-06
200 4.931258698991415e-08
201 5.290411446855607e-06
202 1.5865940453180712e-05
203 1.0556667847475914e-06
204 1.0388246794471783e-07
205 2.2030463404517445e-07
207 1.4578575231131736e-07
208 1.9767572329187554e-07
209 2.601116540228444e-07
210 1.1559882537456127e-07
212 2.3098868661294912e-07
213 2.1886445491302065e-07
214 1.1394581418884197e-07
215 4.8690584718389384e-08
216 1.2713827804709457e-07
217 1.8282114136389952e-07
218 6.1254400519582375e-09
220 5.054423070783276e-07
221 7.78373390442922e-05
226 9.270980856227256e-07
227 7.193772842985555e-06
229 5.951930835480374e-07
230 4.55077198783335e-06
232 1.5780704905364095e-07
233 1.660953986682619e-08
234 3.1416363703706016e-06
235 2.4399372052945824e-08
239 5.984177763660452e-08
240 5.249460220758073e-08
241 5.399153396703201e-08
242 2.3404372372640686e-08
245 3.3758963240187975e-05
246 2.381614914290843e-07
247 6.498029244390667e-05
248 3.671344131957618e-06
250 2.2823184525616766e-06
251 1.9418019770337365e-05
254 3.9200160647294574e-07
256 1.3971212190579647e-06
259 3.1210018285285764e-07
260 8.50090814451633e-08
261 3.4545676926526466e-08
262 2.2179802952905124e-08
263 1.4667249283367914e-08
264 3.26388145761546e-07
265 2.815283778216239e-07
266 3.661190944433694e-08
267 2.26230387316926e-08
268 1.916083713133509e-09
269 3.2216006844484787e-06
270 8.213587704098368e-08
271 1.3704130759310643e-08
272 1.6248267886684757e-07
273 1.135615869165733e-06
274 4.0633461080443786e-08
275 1.146538132054742e-07
277 2.322855890157175e-05
278 4.319278842413492e-08
279 2.706123765970717e-07
280 1.9830458791375422e-07
281 2.4047257473509733e-07
282 6.206275356233986e-08
283 6.940959047443328e-06
285 8.020530517196663e-06
286 3.514700303395893e-06
287 4.960061866699591e-08
288 1.724620597476668e-08
290 1.5341431934199746e-07
291 3.0364028962604525e-07
292 9.949491472015436e-06
293 1.2832280196633607e-05
294 6.83165501381013e-08
295 3.3057880450352603e-07
296 5.9204453964575655e-06
298 3.3755585362559313e-07
299 1.281526784921344e-06
300 2.854143732276636e-05
301 1.8126249251388897e-07
302 1.6534707105117525e-06
303 1.5410509655586259e-07
306 3.219675248743783e-06
307 2.2339273272386364e-07
309 1.4145119535773597e-06
310 5.763505233599688e-07
315 6.45225081940178e-06
316 1.1160903880688247e-06
317 2.4549224342781075e-05
319 9.280771015056565e-07
321 7.64267384090158e-06
322 6.539162561072957e-06
324 2.8843159039734e-05
328 1.1808578733825006e-05
329 2.858486458805332e-05
330 5.160709853994429e-06
334 1.4866983971746924e-05
335 4.929191647812602e-06
336 4.648990908886133e-06
337 1.6797759341750508e-07
338 2.844557284465212e-07
339 4.5956438290844493e-10
340 5.226165613253225e-05
342 8.3191634806943e-06
343 1.3625446528390781e-05
344 5.225047060464902e-08
345 5.924026805293815e-08
346 4.924906358671779e-08
347 1.1782830043156733e-08
349 6.968441378060068e-08
351 1.1074895171051488e-07
353 4.593245380066135e-06
355 1.2696779494146242e-05
356 2.7508085299230134e-06
360 4.4128992841476915e-05
361 3.370881073823401e-07
362 2.174679760460016e-08
363 3.04336167126865e-05
365 9.667903674209479e-06
367 1.0832466773374389e-07
368 7.282780567255321e-10
369 3.788944339283606e-07
370 3.4380723637060904e-05
371 2.729480967066639e-07
373 2.18351341692546e-06
374 4.195086559663365e-06
378 7.765043527631123e-06
380 8.861747433715716e-06
381 2.320545496918692e-06
382 1.3435888095739177e-06
383 6.272741134237238e-07
384 4.082343127123713e-06
385 1.428012276019224e-07
386 1.9310288597571344e-07
387 1.1822211512318472e-06
388 3.755264546452757e-07
389 6.570113151474485e-07
390 1.0868918954173507e-05
392 3.912972728444964e-07
393 3.941965352521987e-06
394 6.164617977280427e-08
395 1.6043526539198e-08
397 6.556287883939535e-08
398 5.044821960665703e-07
399 6.615927589703452e-07
400 5.281902256214786e-08
401 1.998434713505496e-06
402 1.9331568850582333e-06
403 1.442119836434403e-06
404 3.249386187241921e-07
405 9.752445221881553e-05
408 3.7949583492786256e-06
409 3.695923996148201e-05
410 1.3646494275954371e-06
412 1.1430695488545992e-05
413 7.206875473355101e-05
414 3.0689325632233265e-05
415 4.650470090744929e-08
417 1.244421687443141e-06
418 8.192670278283493e-09
419 2.9936824440475474e-07
421 1.2014258691939291e-08
422 2.5831535165130006e-08
424 1.7675522988904916e-08
425 1.6588127976350328e-08
426 8.679490844986575e-06
427 3.842026575996718e-08
428 6.707034194908044e-08
430 5.162160336518212e-07
431 7.977628243624368e-06
433 1.1864552553787078e-06
435 8.548709580924548e-07
436 6.889038638414114e-07
437 4.3720951984087246e-07
438 2.423473761694258e-06
439 3.0302756660504832e-06
441 1.595719831500265e-05
442 2.0118452819576617e-07
443 7.0482069333887654e-06
446 8.269265351052999e-05
447 1.94148488940946e-07
448 3.4179375725502734e-07
449 2.8461045884042095e-06
451 5.052984833839146e-06
452 9.135667492316098e-07
453 1.677839348931613e-06
454 4.568215751756043e-07
456 1.444636941641978e-06
457 1.7317445232258666e-08
458 1.1699527148857057e-06
459 4.7490878143709965e-08
461 2.2610349918634637e-06
462 9.75843960725294e-07
463 1.7018845556506637e-07
464 1.4843629202052907e-05
465 1.464948804739792e-07
466 1.9739071960495774e-07
469 1.7711735017567478e-05
470 1.1079698492027634e-06
474 5.529169111084386e-07
475 1.8141618223217402e-05
476 5.324841367084538e-07
477 1.613394955492159e-07
479 1.1851907115409439e-07
481 0.00018795590116047603
482 1.0022517397858444e-05
484 0.00013761006030970824
487 3.959265848933633e-06
488 9.24547347813391e-05
489 0.000420686485978617
491 8.195089875978598e-05
493 8.818984948443422e-06
495 5.075653435951438e-05
497 8.924815198708367e-05
499 0.00047995012573851605
502 1.2905029122945438e-05
505 8.965256687696253e-05
506 6.333870763966176e-06
507 1.1785520653953932e-06
510 4.7261416126518357e-07
512 1.985781547593628e-05
513 5.765275362675952e-07
514 5.0844314319982946e-06
515 1.142020706006261e-05
516 3.0933763989212826e-06
517 2.030773394073886e-08
519 1.7395265866737048e-07
520 1.4715196320632014e-07
521 8.573821799293083e-06
522 2.1949773986216596e-07
523 2.8497422718129965e-05
525 3.3368698063273903e-07
526 2.0711454462114582e-06
527 7.427584171467651e-07
528 7.2840962293444765e-06
529 4.0068122258763355e-07
530 1.5961865151436044e-06
531 4.0283089713366214e-08
532 5.018454118437844e-07
534 2.9905903270020817e-07
535 4.059116269360477e-06
536 5.154376171251864e-07
537 2.647310378509494e-07
539 4.817976213416162e-07
540 5.563675913062941e-07
541 2.8054067628426094e-07
542 4.017015999854279e-07
543 4.278770927621249e-05
547 6.178329835363918e-06
548 2.6546227769071083e-05
551 7.563205625679417e-07
552 2.9363108539902176e-06
553 1.5715737043500743e-05
554 1.3584962322898967e-05
556 7.6106176327973325e-06
558 5.562890606852198e-06
563 6.839231583686945e-08
564 3.907562862758202e-05
565 5.468605246837587e-06
569 1.8015131340970245e-06
572 1.0321563555559056e-06
573 5.292839293812467e-05
575 1.8474193555213065e-06
576 1.1207017622653382e-05
578 8.326694231730692e-05
584 7.020912205730937e-06
586 4.294790859833508e-05
587 2.9133372545283157e-05
589 2.611059255936349e-05
590 9.928178434035755e-06
593 8.38678657552369e-06
594 9.626006770859903e-06
595 1.0301100090636135e-06
596 3.917052977853231e-06
597 1.3860583890966593e-06
601 7.383834792739118e-07
602 1.0222170225149006e-06
603 1.1451726830857598e-05
604 9.271594592850525e-06
605 3.7256917088644366e-07
606 1.080647719143161e-06
607 0.00013018647162721505
609 1.4068258024211768e-05
610 6.244796888530391e-07
611 1.1086670759744182e-06
612 8.425891569293077e-07
614 4.813513368239003e-07
615 4.0060918567687805e-07
616 4.639892121099601e-07
617 3.806469765403931e-07
618 4.3959011868106715e-07
619 3.531689289717279e-07
620 3.4712521146708674e-07
621 2.6935698527019614e-07
622 6.974009588261096e-07
623 2.5932223555172775e-07
625 2.7319173288841486e-07
626 2.4281083063745496e-07
627 4.244905411577421e-07
628 1.1386609776620284e-08
629 1.1084677370483465e-08
630 1.2259287428050715e-07
631 1.9709277965415033e-07
632 6.218963207399567e-07
633 6.904371338193484e-07
635 1.1677019525845232e-06
637 2.1416872994753117e-07
638 3.4081728677206922e-09
639 1.692126570946006e-07
640 3.2381474113884673e-07
641 1.2020861618729013e-05
642 4.2698712704984873e-07
643 1.380650070208573e-07
644 4.038654186199663e-07
645 5.709367711579912e-08
646 8.286534012762241e-08
647 2.1018520921290685e-08
648 5.802598810217819e-07
649 5.204014192169239e-07
651 1.3682632034176837e-06
653 9.67325155757817e-06
654 8.339363353617685e-05
655 7.359109900719099e-05
656 3.2473223033245177e-06
660 6.925808712531209e-05
665 1.529403138379953e-05
668 2.7818530147686832e-05
670 4.539112841268919e-05
673 9.979096344336997e-06
676 2.061222748419239e-05
682 7.391919266045565e-07
685 6.351823316684671e-06
687 3.6309944751980413e-07
691 1.4620801683852533e-05
694 1.140054978067662e-06
699 3.697627510507104e-07
702 2.6487115704211655e-06
703 1.3650040099482198e-05
707 2.716704631200001e-06
709 6.486875430465597e-09
710 3.645033923016851e-06
711 3.459754445125105e-07
712 2.1381619715841243e-07
713 2.617360568633124e-07
714 2.6621875038876314e-06
715 2.0759086214620037e-07
716 1.2355453764565088e-06
718 2.09407322905549e-09
719 2.2268285815846577e-08
720 2.4545738694434512e-08
