16
1.9629446938643393 -0.317069385918835
1.787951741852972 -0.44041453025223626
1.483753958563632 -0.6595077825756939
1.1730404031411779 -0.7011846426625284
1.860200361456059 -0.08422227659920146
1.6977781944578074 -0.23981530060069972
1.354229321779262 -0.4730762734104936
0.9267158052692179 -0.3989815703415305
1.8363777105827226 0.37336445938775353
1.6150050198498305 0.17895688528074397
1.1043950171501558 -0.20605360049055438
0.21970714121298654 0.1888913623707447
1.8901778415993435 0.6248583389471882
1.603057371714987 0.3472989105167579
0.9753230010606985 -0.05677507877931271
0.037137935744011544 0.2780991272228201
