16
-0.30589469230073674 0.9139583528186819
0.02989532514738444 0.6161764411168883
0.3430825375314281 0.5432739813081606
0.5059751667640426 0.5372661642047222
-0.09055844902445427 0.30002424758256896
0.09784257075840137 0.47859532457723675
0.3617077438125955 0.460306787875414
0.5004327732753207 0.4263551625413436
0.1667838339271185 0.8623552777085367
0.0940968266956446 0.7402799809445956
0.4062147572301496 0.3327594305445101
0.5485145638696107 0.13677428502024017
0.24539549327565 1.2279593635875707
0.18665300725849418 0.8462600550219891
0.38817040788948837 -0.344799317020355
0.5513608368458854 -0.641967188576471
