170 3.6760520429050587e-06
500 3.8040471308626505e-06
11 1.0710027562090065e-06
19 1.9876699535330956e-06
30 6.1567794079216875e-06
31 2.255536215964258e-07
33 6.250806231914869e-06
36 4.8616270209559524e-06
37 1.7125793168352476e-05
39 1.8203463462424807e-06
40 2.4446014362673164e-06
43 1.4208184694689477e-06
51 2.7753010717234924e-06
59 1.0748150219439589e-07
113 6.688381547457635e-07
115 9.73046079152605e-07
167 8.176038003623251e-08
171 9.753582487461144e-07
179 5.278864988587407e-07
187 6.089891090910333e-07
223 5.562282757846091e-06
251 5.2560891809243566e-06
293 6.436173352235682e-07
296 7.333305694382269e-07
305 1.863625695398016e-06
317 6.279389086796116e-06
322 1.8989639492952021e-06
323 6.268698533999912e-07
324 7.595700750428243e-06
325 5.878422929365632e-06
330 1.5982634355131608e-06
331 3.928323601639499e-06
334 3.2460919593672204e-06
336 5.150909002422098e-07
340 2.1760933402864114e-05
353 1.3362091622508312e-06
354 1.4093740708028114e-06
358 2.5039750386409235e-06
366 1.9741215182570993e-06
373 3.6034447433439266e-07
377 6.687037016429571e-07
378 8.12949332993371e-07
380 2.2099269998956607e-06
414 7.336708310653899e-06
416 2.4458333008466e-06
460 7.803543669469018e-07
464 2.1481140091133873e-06
468 6.517449751368261e-06
490 5.734570508002043e-06
495 2.7726010355431317e-05
498 8.450012706991708e-06
502 4.683007506585132e-06
521 1.0074870529179422e-06
538 6.437713875706524e-06
543 1.4017864829482214e-05
545 4.0416166334061835e-07
546 1.4572702473223168e-06
555 2.645908223985698e-07
557 7.247484617814836e-07
560 1.1548238415087777e-06
567 4.3280306455463735e-06
571 8.550711432629898e-08
572 1.0629219919497025e-07
576 3.6438253556456936e-06
577 3.769286042958992e-06
579 5.600639030639587e-07
580 2.7958433775339332e-06
581 9.583839795297651e-07
582 1.8588178456974264e-05
583 1.1898234301959926e-05
584 2.900072903232244e-06
587 1.714392840600281e-05
590 1.2683228081881922e-05
592 5.1497296690445175e-06
594 9.277735913459644e-06
596 1.348385238690427e-06
604 1.6194596254846823e-06
613 2.3640197860636557e-05
624 6.828788997151238e-07
634 3.8679893236141587e-07
650 9.280086145636067e-07
661 6.1872114191826295e-06
662 8.9114777287618e-06
663 1.997582848156419e-06
664 3.6537128585104894e-07
666 4.514586147255656e-06
668 4.92085826529957e-06
670 2.2339614593214924e-05
671 5.2781172113714665e-06
673 2.087761481440043e-06
674 6.118637960002218e-06
676 5.7491126326924425e-06
677 1.7567883433134429e-06
678 1.0518470679406908e-06
684 1.57491921201594e-07
685 1.7334301550389087e-06
688 1.2023855371769198e-07
689 2.5641930773382123e-06
690 1.215423481070848e-06
691 3.5981813103194266e-06
692 6.982881756829248e-07
697 1.978756105745995e-06
703 1.62376008977688e-06
