501 0.00010437072258538286
700 3.0958877880614696e-06
186 1.914068212492724e-06
381 1.1308184070363225e-06
441 6.880885017485316e-06
136 7.222632400048273e-07
227 1.7868150943360242e-06
550 4.730483156449616e-06
432 8.572144331866437e-07
585 3.293406080061447e-06
716 6.350137995451232e-07
94 2.054565143348362e-06
570 8.140023877847414e-07
656 1.2176988176436733e-06
694 2.326235307403651e-07
698 2.3347777871899582e-06
9 2.4162801759959808e-05
237 2.3553215385031042e-06
475 1.2793109100376927e-05
56 2.559093298594119e-07
219 4.088213703598644e-06
236 3.4318778601366757e-07
320 3.8093582779543374e-07
333 1.4641249852626724e-07
450 2.4174143763955076e-06
586 3.60873197744588e-05
20 3.3064523551106455e-06
129 1.8763319326393093e-06
131 3.890429551010784e-07
222 2.353730264253445e-06
255 8.826528585651616e-07
284 2.085708550028562e-06
335 4.550738126994184e-06
704 2.545301395913211e-06
44 3.5901546967617345e-06
224 1.0690439731718892e-05
467 5.115891142636235e-05
652 1.147702620213766e-07
658 2.2659728625736594e-06
708 8.686423494644396e-07
49 2.139281547109758e-06
130 1.6823211017436265e-06
228 3.2181418137544032e-06
229 2.026877085334298e-07
230 2.402612652189586e-06
299 5.122409434699305e-07
473 5.941093801197005e-06
496 4.641083458309265e-06
509 4.311883531836252e-06
589 1.2077014607823684e-05
653 3.127452333658811e-06
660 5.559758135002324e-05
683 1.961510256538902e-06
178 3.8118437327820623e-07
196 1.5868911356138735e-06
141 1.8312808968160086e-06
231 2.346334274332121e-06
355 8.498212692484961e-06
693 3.0753673979707277e-06
558 2.822752240091408e-06
32 7.893653346403855e-06
147 1.2155709709017107e-07
206 7.06434387630414e-07
249 3.868752690357252e-07
304 1.6025306790529128e-06
318 7.180279615634152e-06
321 7.680275588644015e-06
390 7.307057840924387e-06
440 5.0832152427031524e-06
608 5.749072801714939e-07
695 1.067471104310015e-06
332 2.3242250953389012e-05
342 7.083024339977334e-06
374 3.3012061017165563e-06
248 1.100359737721977e-06
258 5.082146254202444e-05
277 3.9817624784407055e-06
341 4.269364760216275e-06
444 2.5899255142471807e-05
478 1.1166505935171482e-05
494 1.0894910010741552e-05
508 8.064386553847104e-06
588 2.1511229153111083e-06
657 1.1089558201056663e-05
717 1.5776096222145758e-06
162 1.9779157373449474e-06
314 8.660893708480042e-06
417 7.345938147273e-07
469 1.5541879152504383e-05
471 1.9713195157440713e-05
504 1.8444853237235604e-06
578 7.144924224740248e-05
591 2.1253270194961822e-06
672 9.907258185499304e-05
686 4.3992961846557484e-06
696 9.597694694955656e-06
702 9.574228566885241e-07
705 5.158804959563836e-07
707 1.5591371839776475e-06
80 3.689192643763633e-06
88 4.46682242178211e-05
96 2.8601664871237746e-05
123 1.1367964079127886e-06
143 1.621689298567755e-08
168 3.9943700340959965e-06
192 9.932477169542353e-06
357 3.640136009930053e-06
376 5.834129798763725e-05
426 9.485413414533604e-06
493 9.431372369268883e-06
539 2.8251182492353745e-07
595 6.935397555990313e-07
499 0.0004853670498652546
573 4.839475527390331e-05
5 6.955438010584605e-05
164 1.8569896230194798e-06
184 2.6245434154794995e-06
191 3.299626221237545e-06
211 4.659251178897253e-06
327 1.745071246079284e-05
360 4.090053376668598e-05
372 7.098511147912432e-05
423 1.489205433735404e-06
429 2.8240735257363357e-06
434 2.2639424009585494e-05
472 7.024116774557554e-06
518 1.3088999336617468e-05
523 1.5964748714745498e-05
533 2.0130527412791733e-07
574 8.229714531545464e-05
701 1.1598596276742764e-05
73 5.219309557766892e-05
87 0.0001694447996707029
122 4.345838056798004e-06
128 1.9757037217100387e-06
292 5.761346110323772e-06
329 2.193123867626941e-05
483 1.3051652818167326e-05
549 0.00011325149243717105
554 8.481888989493658e-06
654 6.258445774190954e-05
655 6.209623484745649e-05
38 6.71223360568369e-05
446 7.225170307717017e-05
