0 0.00021375608967550878
1 0.00010487222725029792
3 0.00014872729403923318
21 4.281552386227311e-06
29 0.00017961868653124414
34 4.387490585022796e-05
42 9.836822680658913e-05
48 5.833160427083046e-06
149 1.5490288667022756e-05
158 3.8125147924894125e-06
160 4.255620277640192e-06
165 5.145418098208648e-06
214 4.27635507052586e-09
243 3.9567182812556565e-05
252 3.712461301189517e-05
352 1.867999662178425e-05
379 2.351616654618494e-05
484 0.00010503625600730549
486 0.00034400512394095
524 2.866144013048731e-05
544 4.028748116799127e-05
552 2.4797380522719227e-06
665 1.2304690157983439e-05
23 1.0529940350892678e-07
35 9.236089230479086e-07
46 4.441801398538232e-05
47 5.486954552184383e-06
52 4.827843021943273e-07
55 4.3389083137466054e-07
61 4.141113493234981e-08
75 2.624388543132817e-07
103 2.0139717707118483e-08
125 5.243648444356048e-06
126 3.647125377364739e-08
127 2.031958372450099e-07
145 1.0145166822581728e-05
180 6.856857368718889e-09
190 7.689932592605897e-07
202 1.3043549289273578e-05
210 1.6289175186807188e-08
212 1.762248359263157e-08
213 1.0094708037451183e-08
217 1.562212141271649e-08
221 7.255173294151147e-05
247 3.4200489117771734e-05
267 1.411361130764279e-08
270 4.673458750669023e-08
271 1.2453422495160887e-08
281 1.2513159536537986e-07
283 5.880825959892969e-06
307 8.01381843398839e-08
328 1.4758041100937186e-05
338 1.155333114546149e-07
349 2.5747257552852192e-08
367 4.56183586267158e-08
370 3.560435199310592e-05
387 5.642163515733674e-08
430 2.648503137866143e-07
438 1.8979188864874562e-06
443 5.361228290802229e-06
449 1.3526674744355744e-06
470 1.4492368453495067e-07
476 5.242891920945115e-08
480 8.790603048322935e-05
485 0.00012426345904976638
487 2.470325158100016e-07
516 2.8687181017737554e-06
520 1.6021640580074217e-07
522 8.360761588069832e-08
527 7.869927572440965e-07
529 9.604610164914192e-08
531 2.8009369959790782e-08
540 1.0980453233257062e-07
564 3.400859201754439e-05
598 1.0601223705335225e-07
599 2.1521302545722785e-07
600 8.04997712141628e-08
601 1.1681062034954388e-07
603 1.0278334590946348e-05
612 1.742355788610673e-07
614 1.0004582640264461e-07
615 1.0255564085866638e-07
617 1.2389818498500116e-07
619 1.6778702828929636e-07
630 2.4561875760096505e-07
631 1.1267855837237308e-07
640 1.0423854055313287e-07
642 6.268158040755423e-08
644 4.324977235621761e-07
645 1.6083943311125646e-07
647 7.7945790354672e-08
648 2.962176782187109e-07
651 1.0290027475847531e-07
667 1.4286941430637243e-05
714 2.2049006444941413e-06
482 1.1106554807336855e-05
7 7.418360741528914e-08
8 1.2803675937891952e-07
13 2.8054064684516397e-08
14 3.5030110292227226e-08
15 1.1518340642736118e-07
22 1.7086464177762734e-07
24 1.6397659337437294e-07
50 6.436014143481878e-09
53 2.336776840985469e-08
54 1.5533477220174168e-08
62 2.1050133341301975e-07
63 2.67107995131862e-08
64 1.5261680981574198e-07
67 1.0885701595508937e-07
71 5.6615993700695595e-08
76 1.004864868438047e-08
77 1.0048648684380474e-08
78 1.379712907346954e-07
79 4.8927068119210365e-08
83 8.112358690031141e-10
93 7.38410708280057e-08
99 1.8466288308148932e-08
101 2.5075085860247034e-08
104 5.208208690646604e-08
107 1.3428655135700003e-09
108 2.1931035993410953e-09
111 2.490910004575758e-08
117 8.513621987073902e-07
118 2.776775566884138e-09
121 8.295358523555962e-09
132 5.6901569699428616e-08
134 1.2992195158562622e-09
138 1.1687480522551629e-09
150 4.984338232633637e-09
156 7.607544119496684e-08
172 1.0175054245007905e-05
194 4.562817933954655e-10
198 1.4764984304086509e-08
200 2.1016247670875813e-08
204 1.687060198946202e-08
205 1.014084314818296e-07
209 2.453132306367022e-08
216 6.367182930297754e-08
218 6.242671100175622e-10
232 6.640303621792754e-09
233 2.192345133938518e-09
235 2.976696335327687e-09
238 4.2378017664673745e-09
239 1.097818783621344e-08
245 2.0666187539393017e-05
254 1.9834982852275876e-08
259 2.4855037676268146e-07
260 1.901393589032261e-08
262 1.8204821818226114e-08
263 1.7941866718671592e-08
264 1.5341177926060233e-07
268 1.0260215260384044e-08
274 1.0511479026511294e-08
275 1.3898080484541864e-08
279 9.141978323741288e-08
280 7.124282167769417e-08
282 1.4444484018677855e-08
287 2.4522233009668823e-08
290 1.0055920944302322e-08
291 1.1682100357759066e-08
294 1.4880573247097464e-08
301 1.4289697590864418e-08
303 1.3000264293891733e-08
310 3.909158363331591e-08
319 8.231850391855217e-08
337 1.3182876008314292e-08
344 5.704598899319924e-09
345 1.1178177894856025e-08
346 7.479520317408139e-09
347 1.5304559792861086e-08
351 2.3857129935662576e-09
361 8.954753714475868e-08
385 4.197241173250066e-08
386 2.601513362452332e-08
397 8.173336794241036e-09
404 2.83124966428294e-08
412 1.1362729891466412e-05
415 6.215262445763969e-09
437 5.951269527430273e-08
442 1.03731259517522e-07
447 7.410366011514399e-08
448 6.357518396546292e-08
452 1.2668558972324982e-07
454 1.7001545589241238e-07
459 1.189621170754997e-08
462 3.190134337472883e-07
465 3.45226456258018e-08
474 1.0307049064741801e-07
503 3.425598178645012e-05
505 6.937782679237528e-05
507 3.466024398583396e-07
517 6.320889254379137e-09
519 1.2417566927970693e-07
530 1.0308112236600658e-06
534 1.0343942779727845e-07
537 9.379583172348817e-08
541 3.699157203247112e-08
562 2.340503469573302e-05
563 3.246688426374421e-08
593 7.161211587790186e-06
602 7.695395637917286e-08
605 1.4194703698712832e-07
610 1.643720855239708e-07
616 7.874007093617637e-08
618 1.0611318439308612e-07
620 5.7607288333580964e-08
621 5.625197368649968e-08
622 1.638856558249664e-07
623 1.3093306323452777e-07
626 1.7007416357416682e-07
628 5.1324669658824385e-08
629 7.587249709821307e-08
633 8.977933120900306e-08
635 7.68469823827825e-08
636 9.592756095159017e-08
637 1.6254517625266596e-07
638 8.971687031863242e-08
639 1.0211682048202135e-07
643 7.806034683249986e-08
646 1.3903827297927555e-07
649 3.3508429163360257e-07
659 2.7105301397542922e-05
681 2.5048797193941223e-08
713 7.366818689957728e-08
719 1.016642910684693e-08
720 6.652328601665081e-09
157 1.3546471538119814e-06
403 1.2285982910074516e-07
606 3.9419018139588306e-07
547 5.294675835915184e-06
312 1.794358686798722e-05
575 1.5884333459225282e-06
675 3.188655266396475e-05
453 1.1085231084226665e-07
492 4.592641672765372e-07
2 7.157979695071702e-08
4 2.985174466315749e-07
66 7.362040844703339e-10
100 1.0294680651322638e-09
109 6.822636201441883e-07
112 3.491439565489573e-09
133 5.457880489638836e-10
137 5.691984629703999e-10
142 5.736696697568028e-10
173 8.974837024234114e-07
197 1.6948053090449955e-07
215 1.001525727462789e-09
240 1.1012421629150528e-09
241 4.9065218034355616e-08
256 1.1686340143787443e-06
261 1.4153594023262377e-08
288 8.936066805398685e-10
348 5.91257427510699e-10
389 6.38715892720339e-08
392 4.673887236275883e-08
395 5.708876482676328e-10
400 1.1065970838861835e-09
422 9.44597732485665e-10
510 4.88964898958546e-07
526 1.396373028388913e-06
718 3.070200266754425e-10
26 2.514730663361194e-07
57 3.3003049446414494e-08
384 1.4610579116361588e-07
398 1.5649453968593683e-07
399 2.0089337721519567e-07
436 1.8982289086510865e-07
439 2.67168371799082e-06
463 1.3187487147109004e-07
532 4.119190936862941e-07
551 8.023110614916596e-07
627 2.841971643453e-07
632 1.7531099181182004e-07
90 4.255888987190356e-08
95 2.682770531134137e-08
98 4.938941086801078e-08
102 9.192568788851812e-08
181 6.993461978042765e-08
203 2.003882094990156e-07
207 1.3423772770587062e-07
265 5.897014012248151e-08
266 1.8548060692439125e-08
272 2.657345330224612e-08
477 6.51032326629176e-08
699 3.979641714047836e-08
119 1.5167722867280695e-08
182 6.88943455433537e-09
242 6.909319904781065e-09
368 6.40081197390368e-11
371 1.1298692143430824e-07
394 4.5019990525988915e-09
418 9.153954106822094e-10
424 2.7201271726826507e-09
425 2.4751820921087486e-09
625 3.708315810167039e-07
709 1.8118802241761798e-10
82 1.1467715870723588e-07
208 1.4482524917360057e-07
220 3.388129006561545e-07
225 5.183304218221796e-05
309 1.5610795049865636e-06
316 2.772566464889553e-07
382 9.669731527686517e-08
391 2.5576452582122127e-07
401 9.451046203626863e-08
402 2.0573526505055036e-07
411 1.4958169727887295e-07
433 4.1549769324496434e-07
458 1.3475717713808183e-07
461 6.658338336411862e-07
497 8.147901666296071e-05
506 4.2594040450239105e-06
611 9.92045484698501e-07
711 4.2131702225293745e-07
195 4.0688361211591046e-08
295 3.047572535253085e-07
92 1.2442841758366392e-07
140 2.0225612459561213e-09
144 2.607206477540145e-09
175 4.5307034944390055e-08
193 1.3156021133616063e-08
383 1.303782840181933e-09
421 4.992509488873485e-09
479 5.607766863050743e-09
687 2.71712170380957e-08
715 4.504786226332778e-08
110 1.058483745697555e-06
278 1.0203393309806641e-08
298 2.1344513157958038e-07
369 3.092475617464621e-07
427 2.07002423593193e-09
457 3.6593167373204478e-09
16 2.505571792408915e-07
58 6.109554276031487e-07
68 4.3062242505224325e-08
69 2.0875915692263127e-05
72 3.214699310621913e-07
81 6.08566608509968e-07
84 4.6875999114968156e-07
85 1.603164704741137e-07
148 4.74039076491364e-08
273 1.088928660547689e-06
311 1.6310551802439568e-05
388 3.3905933719783894e-07
393 3.038936416839011e-07
396 2.557948836381481e-07
408 1.1960068206209806e-06
410 1.4177124930343355e-07
451 2.718478634554585e-06
456 3.897471258865847e-07
466 2.2092351504926954e-07
511 2.765557327930959e-07
525 2.675300781792716e-07
536 2.027247065068508e-07
542 1.5084217197543598e-07
566 2.3363514461816216e-05
597 1.2403511250383501e-06
710 2.0985949186768773e-06
712 2.0094844516048673e-07
339 1.7092134941394097e-10
286 3.244386358294553e-06
365 9.004291537661468e-06
146 3.853251874343325e-10
428 7.2357540328627976e-09
45 3.5772146353800545e-08
174 7.064775186428683e-07
185 8.280102740789083e-08
12 1.0818670202517485e-05
70 5.084536306889868e-07
74 8.559753259978924e-07
89 4.116486832165744e-07
91 1.229039749011423e-07
97 9.190218103251293e-08
106 2.0832772130905663e-06
151 4.277503807619575e-07
244 1.658353607903404e-07
246 1.646194869039879e-07
406 9.419556549234406e-06
513 1.0195294305097251e-06
528 5.378101370953095e-06
535 1.986887401697592e-06
607 0.00014243282709459866
641 1.0675255528963901e-05
420 1.1664826227665424e-08
18 1.3288807491430878e-06
166 5.976850648503826e-07
362 1.115066952402968e-08
86 7.274990271917127e-08
177 1.3487718601687113e-07
105 5.449559833539862e-06
152 4.249005072787316e-06
154 8.264613459324209e-07
269 3.1461186417615385e-06
313 4.374058458965474e-05
609 1.2114365575809397e-05
114 2.4226620527268564e-06
669 2.428937223703311e-06
189 1.0167413733997039e-07
445 9.4113376096487e-07
514 3.723632825544732e-06
6 3.7398668140177505e-06
201 4.942478700383633e-06
308 0.00010381452740849117
359 1.2138327330502262e-05
431 5.97752532629933e-06
556 9.32948976898295e-06
159 3.2912889995638353e-06
363 2.241841979143098e-05
419 2.62680671581967e-07
27 1.5202060793310874e-05
28 4.035001752665608e-05
199 1.0493329544741504e-06
300 3.263148385203973e-05
315 5.769468090161275e-06
405 9.138050695999758e-05
409 4.1095625293308755e-05
512 1.7045198329527813e-05
135 1.8353358148708304e-07
250 2.023425564764586e-06
60 6.656969922093322e-07
116 5.271225104283174e-07
356 2.4631260972643474e-06
65 2.2796733719396603e-06
553 1.5975550098874176e-05
188 2.7319686620940857e-05
285 6.874656937355439e-06
364 2.5372509776032842e-05
481 0.00014893781045845287
124 1.2521094406995914e-06
139 4.148058899618084e-07
375 3.067865389651123e-06
548 2.2892435148157206e-05
568 3.41376842873275e-07
680 3.5771509887090868e-06
326 2.0063815498910256e-06
569 1.6258974162595319e-06
226 9.091679837104373e-07
489 0.000366493996826778
350 6.160788614800756e-07
561 1.6099078047860777e-07
682 6.11310949938799e-07
155 2.328327496403666e-05
455 4.6592739103539e-05
515 7.175638764902163e-06
183 2.7434372838506863e-06
289 2.2694964002047906e-05
565 2.850088324653851e-06
706 3.614571659754864e-06
153 0.00011498832615568708
407 8.453250101458293e-06
161 5.079454453955682e-05
257 1.7717498119055406e-06
559 4.0018086840106994e-07
169 3.870969394681555e-06
234 2.406401396186278e-06
297 2.6704952247066556e-05
488 6.972819734332418e-05
491 7.590434722085039e-05
17 7.464297839349907e-06
163 2.73648483994612e-05
176 1.8735502880989407e-06
10 0.00017376494185460865
120 5.064904574030638e-06
306 3.4817169843649592e-06
302 1.3057588022558377e-06
435 4.825845149935178e-07
276 1.0110931237360455e-06
413 6.094195228098299e-05
253 3.3457106613452234e-07
679 1.1458619714870057e-06
343 1.1460363313857852e-05
25 3.653920904737471e-07
41 3.0586091564355214e-05
