211 6.706842009638282e-06
434 2.4205813649929072e-05
87 0.0001666789065810683
123 3.291744727016323e-06
312 3.127131973476077e-05
504 4.234226571966248e-06
523 2.6395458880809013e-05
562 2.9949768474195202e-05
707 2.5453111197307504e-06
9 2.489400357214464e-05
96 3.5687234156594206e-05
122 8.456467864036899e-06
184 4.705980111035194e-06
191 4.733821515669662e-06
283 6.258419482150294e-06
329 2.8107708761272888e-05
360 4.077001291635988e-05
374 4.010464239405232e-06
417 1.5979314372320853e-06
429 4.088800845955198e-06
549 0.00013122016680548604
21 7.663104975583147e-06
80 5.135854097164566e-06
120 8.280118662149815e-06
128 2.3572201306272987e-06
143 7.26016837697195e-08
292 7.338299894346103e-06
297 2.9365792833922477e-05
328 1.2219622877189752e-05
332 1.785408725512953e-05
343 1.1333282827911613e-05
357 5.1373133664184e-06
372 6.797477609675756e-05
413 6.463205236414754e-05
435 9.463344636157015e-07
446 7.636618088524933e-05
472 8.627399726063912e-06
480 9.859561861209444e-05
485 0.00014422117997625242
486 0.0003633940516586477
488 8.826266034573141e-05
493 1.1730507605675903e-05
533 6.45187696435833e-07
539 4.533432584331469e-07
547 9.384123917053619e-06
554 1.1485036285989417e-05
591 2.7532111478422257e-06
659 3.563576874499271e-05
701 1.3183681019316522e-05
32 7.78412953940502e-06
482 1.1800331862231753e-05
518 1.8686258612263434e-05
680 3.2311026145207197e-06
0 0.0002947357463337796
17 8.285557732486774e-06
25 3.5158276715869454e-07
42 9.802211404524076e-05
48 6.4226492841243425e-06
57 3.2182922931736143e-06
65 2.3140577868381298e-06
114 2.71432963833289e-06
116 6.220882647103341e-07
117 1.0970552556197486e-06
124 1.508193718000397e-06
135 1.7307395612586222e-07
139 5.15493433708008e-07
160 4.629025928197512e-06
176 2.9180015224733344e-06
183 3.1965027031048e-06
199 1.1761020421485768e-06
221 7.18413737341502e-05
226 1.0228361627463543e-06
234 2.454022683805006e-06
243 5.083040787998881e-05
250 2.043434593722457e-06
253 3.1336785030569116e-07
257 2.4171829924899417e-06
276 1.0464815368362811e-06
285 6.8741281829897655e-06
289 2.1889773717886882e-05
300 2.5754413220241005e-05
302 1.4072671987098812e-06
306 3.331467670171356e-06
308 8.791713226688858e-05
326 2.987491042670332e-06
342 7.242738661428081e-06
350 6.862130323442629e-07
352 2.092514274137293e-05
356 2.6908078004950684e-06
364 2.3672564035574536e-05
370 3.19449121255954e-05
375 3.678360786301673e-06
379 2.479211853912446e-05
407 9.377782314015897e-06
412 1.061022469380292e-05
423 1.7293368833737111e-06
455 4.498596016338279e-05
489 0.0003903955625311326
515 5.852627613653552e-06
544 4.840682646179255e-05
548 2.6727008077443608e-05
559 4.92683675508286e-07
561 1.3529732859876534e-07
564 3.3781161889670256e-05
565 3.646291889989606e-06
566 2.195374816198984e-05
568 3.667633758717817e-07
569 1.5637202724841266e-06
574 0.00010857666111802248
593 1.1126241638508083e-05
595 1.6761889711194887e-06
679 1.4234145793349986e-06
682 6.726925473518087e-07
706 3.0137792374332004e-06
5 7.018891864393394e-05
34 4.447703844189783e-05
35 1.361777387621292e-06
38 5.682365797500384e-05
145 1.193734907493008e-05
163 3.0322408408279182e-05
225 4.4053822158935875e-05
491 9.078744299356175e-05
3 0.00016971321248093502
6 4.019671164477302e-06
12 1.2277699376232028e-05
16 2.2967991219711598e-07
28 3.866232235488842e-05
29 0.00023096605725115318
45 2.3181214893854503e-08
52 7.808566045657564e-07
58 4.482993920969575e-07
60 6.852752051831558e-07
61 8.280058130918983e-08
68 8.304198255597914e-08
69 2.0698692949207395e-05
70 1.958036435095416e-07
72 1.951130823706497e-07
74 4.675447831327459e-07
75 4.723308111920154e-07
81 3.4830754811639776e-07
82 2.4538961804564993e-07
84 2.0168446892151806e-07
85 2.3602182030826528e-07
86 5.097624100609948e-08
89 3.4139703020283665e-07
90 7.73546318257462e-08
91 9.367922820200883e-08
92 1.179660088737837e-07
95 4.484757870022322e-08
97 7.132833073278482e-08
98 6.833156782804335e-08
100 6.6526227629520625e-09
102 9.289017417474236e-08
103 4.2160458113744364e-08
105 6.359071924641216e-06
110 1.0668079540256722e-06
125 5.500344775430849e-06
127 2.417920740927466e-07
140 8.127308124014708e-10
144 1.048797276001661e-09
146 1.599957129756711e-11
148 7.963720941771093e-08
149 1.992663103393138e-05
151 1.1529187876928593e-07
152 3.1872665065455805e-06
153 0.00011573568797494575
154 7.067516632846804e-07
155 3.678137473361287e-05
158 4.731766316487227e-06
159 4.040593729459065e-06
161 5.4672324262964625e-05
164 2.4478887595116438e-06
166 6.67930094246449e-07
168 5.077362454114631e-06
173 9.854390423110238e-07
174 6.967456939278621e-07
175 2.462137595185706e-07
177 1.7773393222933665e-07
180 3.677180381586692e-08
181 6.717709460803657e-08
182 1.525212467004334e-08
185 5.850322062252153e-08
189 7.292542225489843e-08
193 4.628755786155834e-09
195 3.637372767085506e-08
197 1.770103328763352e-07
201 4.389325157866055e-06
202 1.4787713992763319e-05
203 1.9123299092432925e-07
207 1.9344367384261615e-07
210 7.108247016636129e-08
212 1.0392873050254306e-07
213 8.502025979316368e-08
214 8.131097594326238e-08
240 5.846842696571174e-09
242 1.4631369579392683e-08
244 1.806075368092817e-07
246 1.6461941406414283e-07
252 3.794125913925797e-05
265 7.510449484053e-08
266 4.1752812059583576e-08
267 3.4520210697066606e-08
271 4.930434318595828e-08
272 5.1155271249919706e-08
278 1.043425549764238e-08
281 1.4831125373271884e-07
286 3.4770649125411307e-06
295 2.8053923383726985e-07
298 2.0850302111657735e-07
307 1.9315591813966036e-07
311 1.7425476613971712e-05
313 4.4640926333519697e-05
315 5.738344014886513e-06
316 3.2871755058788624e-07
338 1.4935864097254708e-07
339 2.3598080739506816e-11
359 1.2688971324761564e-05
361 1.325814326691216e-07
362 1.0725013242579679e-08
365 1.0334290345108375e-05
367 9.010191998754861e-08
368 2.722007089804779e-10
369 3.1170261826541284e-07
371 1.2038930824583436e-07
383 4.919469437362403e-07
384 6.596254400887874e-06
387 8.534383432700244e-07
388 2.9997571075106345e-07
391 8.946113509107492e-06
393 5.8566936176187925e-06
394 1.0808572301922835e-08
395 3.1158808087754405e-09
396 3.685753788954294e-06
398 4.854086214172267e-07
401 1.5741338301665491e-06
403 1.220390891856649e-06
406 9.202820587843121e-06
408 5.438521666264553e-06
410 1.8656585059911348e-06
411 4.595581332724591e-06
418 2.0525029969651114e-09
420 8.216474368395481e-09
421 2.256888909353121e-09
424 5.316475229923193e-09
425 4.36298852511914e-09
427 2.317635254074521e-09
428 9.690420354967876e-10
431 5.644824950490591e-06
433 5.093618618646116e-07
438 1.539166080224662e-06
443 6.254198653654895e-06
445 1.136123592168451e-06
449 9.430732822431953e-07
451 2.7050041396479025e-06
456 2.3161973099429974e-07
458 2.5296595051935867e-07
463 2.804538094118463e-07
466 1.7543341420939044e-07
477 7.446215195634186e-08
479 2.9234634543555365e-09
481 0.00018057625243051513
484 0.00013855887536861608
487 6.79898410075445e-06
492 8.018990690090261e-07
497 8.471273609968455e-05
506 4.726413068971853e-06
507 5.210745862111908e-07
511 2.812292955599904e-07
512 1.5166035380859479e-05
513 7.571401055691953e-07
514 4.435341025118979e-06
516 2.9703557302314514e-06
520 3.5331600084868946e-07
524 3.075361172222413e-05
525 3.087135740220173e-07
528 5.485621943777793e-06
535 1.788506218927182e-06
536 2.4497391890289453e-07
542 1.2898913294723945e-07
552 2.9596462125610525e-06
553 1.4447367534005008e-05
556 8.426425819341381e-06
575 2.4009630778473804e-06
600 2.9479482943818693e-07
606 4.854487294774475e-07
607 0.00014440416199317893
609 9.993704712594991e-06
611 9.548360107832375e-07
630 4.194832232449529e-07
632 3.396459295941534e-07
641 1.1316701723011639e-05
644 6.324145386187816e-07
665 1.4234567577338582e-05
687 2.8270411275808234e-08
699 4.618117282510978e-08
709 8.261840322664605e-10
710 1.9921781084901487e-06
711 3.328065032666499e-07
712 1.0897285896855422e-07
714 2.610120919350093e-06
715 3.561083436629268e-08
1 0.00015752467617506674
2 1.921036831850662e-07
4 3.782886400520344e-07
7 5.714434005484317e-07
8 5.710798636124218e-07
10 0.00019840079626629126
13 2.423876838412142e-07
14 2.3407849247157813e-07
15 7.81136098816829e-07
18 1.4508301074826563e-06
22 6.265231943497295e-07
23 3.788051154922215e-07
24 6.330738611242147e-07
26 3.6144400688889804e-07
27 1.296125251201744e-05
50 3.36287768767568e-08
53 8.750189053056545e-08
54 1.273543687201633e-07
55 6.134233491350197e-07
62 3.3495399465683705e-07
63 1.7117292443438132e-07
64 2.871051628514616e-07
66 7.518747382947688e-09
67 5.334748685979743e-07
71 3.095565265120938e-07
76 8.08770617681641e-08
77 8.087706176816413e-08
78 4.803752280938165e-07
79 3.6577670417305523e-07
83 8.382577394720295e-09
93 2.216829843117625e-07
99 1.4702928455554232e-07
101 6.01739330756428e-08
104 1.2265616787907166e-07
106 2.0968465559565297e-06
107 1.2371321098395879e-08
108 2.089019561255476e-08
109 8.539645792895403e-07
111 3.888362167645471e-08
112 1.0380605123785615e-08
118 2.7354414119927154e-08
119 2.5693554532838404e-07
121 7.346006186567663e-08
126 7.45254972173996e-08
132 1.3518230259238415e-07
133 4.049505701429755e-09
134 1.2948885273104903e-08
137 6.069887926430402e-09
138 1.2026123907500673e-08
142 5.1407902875399994e-09
150 4.2535878785331466e-08
156 2.3177834562441544e-07
157 1.5905887650134275e-06
165 5.973148233568062e-06
169 4.344619078247012e-06
172 1.181454668338759e-05
188 3.1798825306934816e-05
190 7.816010041475946e-07
194 4.96703488114975e-09
198 1.16477357343012e-07
200 5.8545727567802954e-08
204 1.3455821416685153e-07
205 1.9193691041724295e-07
208 1.73921902001376e-07
209 1.9000262291964322e-07
215 8.644091582668161e-09
216 1.6175407380162746e-07
217 9.609506044206514e-08
218 6.68864262378874e-09
220 3.3594177168612823e-07
232 4.2776571767881105e-08
233 2.237440262983677e-08
235 2.9363596076629417e-08
238 4.055018187355301e-08
239 3.155504582470469e-08
241 5.101243361227045e-08
247 4.798219602176574e-05
254 1.3072464704809905e-07
256 1.18656278547505e-06
259 3.591059667109358e-07
260 1.3188536838131666e-07
261 3.357420388904103e-08
262 1.1456453387802269e-07
263 1.1723609019557288e-07
264 2.169710409906458e-07
268 8.336496554074228e-08
269 2.98190974577579e-06
270 1.0085386530925996e-07
273 1.0185498502325856e-06
274 7.073217007248382e-08
275 1.0280593367148301e-07
279 1.9583836245075697e-07
280 1.7667834674176637e-07
282 9.921633048971604e-08
287 1.6555855389619855e-07
288 9.086556506424722e-09
290 8.199273600215991e-08
291 7.67657818993161e-08
294 9.547124157170435e-08
301 1.1479213817049526e-07
303 1.0547604982053802e-07
309 1.580209935162262e-06
310 3.0093750854287867e-07
319 5.995300101079351e-07
337 1.0832101368811231e-07
344 4.8191776598799235e-08
345 6.663987572176668e-08
346 5.2826928628053044e-08
347 1.0517026742595459e-07
348 5.898792929146183e-09
349 5.6959999601343965e-08
351 2.2446839109226236e-08
363 2.4812769111444344e-05
382 7.637037460577851e-07
385 3.0547429056865863e-07
386 1.9190528067686793e-07
389 6.674855105564709e-07
392 3.0405971701761475e-07
397 6.981133543754699e-08
399 4.998657442644158e-07
400 1.1106279965383989e-08
402 2.984286329000736e-06
404 1.4281338819894903e-07
405 0.00010186963503056555
409 3.776092433961764e-05
415 3.674580275091141e-08
419 2.686361475942966e-07
422 1.0118508357379714e-08
430 4.4805723688915424e-07
436 3.2047923498896554e-07
437 3.282493507775865e-07
439 2.6604017401868978e-06
442 4.3589579648763706e-07
447 5.204968815323533e-07
448 5.449543844801506e-07
452 5.262521757526481e-07
453 3.0347748017951427e-07
454 4.401553919085157e-07
457 3.946404324629315e-09
459 9.017439643722988e-08
461 7.353465753494827e-07
462 4.978026836904029e-07
465 2.2686273695000082e-07
470 3.2067909518629895e-07
474 2.3344876129372794e-07
476 2.417425002260656e-07
499 0.0005021475536266091
510 7.93769964736695e-07
517 3.44053190357517e-08
519 1.9467061962807038e-07
522 4.2587160944889406e-07
526 2.170755776852609e-06
527 9.036381013127167e-07
529 4.361721102006894e-07
530 1.3394456739891026e-06
531 1.965982450032891e-07
532 4.821441653978293e-07
534 2.937597624758469e-07
537 5.251741823787605e-07
540 5.420923545066224e-07
541 2.7725904487358664e-07
551 9.093636701935864e-07
563 2.159692025796458e-07
573 4.8820962477740136e-05
597 1.7618025566984424e-06
598 3.457245177764628e-07
599 4.6951366619950737e-07
601 4.3794352770765103e-07
602 3.423862286890322e-07
603 1.0078630789847057e-05
605 5.505774323060099e-07
610 5.413583472376378e-07
612 3.9007484217854484e-07
614 5.084372707996094e-07
615 4.3494908018699296e-07
616 4.0697360424982024e-07
617 3.5678440138888164e-07
618 4.2253037003101176e-07
619 5.113440424477333e-07
620 4.462863946776011e-07
621 3.732550693625691e-07
622 4.6168173801970214e-07
623 4.870409515864439e-07
625 4.87267431300438e-07
626 4.507164246865072e-07
627 4.2052324403297036e-07
628 3.6603760227963945e-07
629 5.607706480899954e-07
631 4.3059076118455413e-07
633 5.429229769313778e-07
635 5.744875424190485e-07
636 6.197713883898139e-07
637 4.706113971907312e-07
638 5.723442204914296e-07
639 5.069448655547764e-07
640 4.4171215399665775e-07
642 4.627472765826433e-07
643 3.8577105262413903e-07
645 3.581664894566941e-07
646 6.214284425891759e-07
647 4.660851379729784e-07
648 5.739698259973574e-07
649 7.294398128823549e-07
651 3.684369407845525e-07
667 1.4617471470355907e-05
669 2.7951645183620026e-06
681 1.9463681224430268e-07
713 5.449947110324517e-07
718 2.1131804547566567e-09
719 5.564684032380173e-08
720 4.960568815458519e-08
