11 6.917524207104791e-06
19 2.7852161919479442e-06
20 4.492137559887413e-06
30 1.8314176916292987e-05
31 5.096467437962997e-07
33 8.812057250203887e-06
36 5.2403591427764176e-06
37 1.6410956183286816e-05
39 3.848983248130748e-06
40 4.204247818844847e-06
43 2.845854417414824e-06
44 3.517899736328857e-06
46 4.781013370952098e-05
47 7.25108922500617e-06
49 1.9250180458959427e-06
56 1.1877549483865337e-06
59 1.64584156984615e-06
73 6.484447459327452e-05
88 5.3365000354925875e-05
94 2.144254659526397e-06
113 1.0762468084220769e-06
115 2.5326718177281024e-06
129 1.6252326705032418e-06
130 1.3454242466262787e-06
131 4.347436545871527e-07
136 2.4037114196030077e-07
141 1.8031824649994757e-06
162 2.5973368338195685e-06
167 8.232379687350887e-08
170 5.157216743495366e-06
171 1.8284939048063166e-06
178 6.595748911093214e-07
179 2.881573140964806e-07
186 8.667015944996364e-07
187 2.4346956154357153e-07
192 1.5042864248305977e-05
196 1.8219721866523117e-06
206 1.4438126635007667e-06
219 1.5939550028336873e-05
222 1.7856759770668748e-06
223 5.278091567445948e-06
224 9.819103269037287e-06
227 1.2155699555020811e-06
228 3.3904163313936546e-06
229 2.5794362017155953e-07
230 2.426362996190615e-06
231 2.5516076533804893e-06
236 3.787331226262258e-07
237 2.2090091023711983e-06
245 2.8035735616935162e-05
248 2.3007093456763657e-06
249 5.436676745369395e-07
251 4.903130357867662e-06
255 5.050055781146684e-07
258 5.624162432198236e-05
277 7.0704565595232e-06
284 2.2768591093002803e-06
293 2.5687671554559234e-06
296 1.6474425768020603e-06
299 7.044032918780456e-07
304 1.8727442577588033e-06
305 2.447400117325482e-06
314 1.0123553612742162e-05
317 9.890363296489541e-06
318 7.477025339107786e-06
320 3.878680464693471e-07
321 7.358675878468992e-06
322 2.11102419493592e-06
323 6.851322231277578e-07
324 9.989283098506658e-06
325 8.47570735818034e-06
327 2.5242673402416836e-05
330 1.954635417727067e-06
331 3.0738101883130628e-06
333 1.0883171373000049e-07
334 5.65015581970234e-06
335 4.398674349008294e-06
336 1.4001106701532688e-06
340 4.2641634721269576e-05
341 4.216178095752296e-06
353 2.405716336224644e-06
354 2.2694926138910594e-06
355 8.16892779243349e-06
358 4.046020180851762e-06
366 2.1004459134328256e-06
373 5.220367255028931e-07
376 6.122240949163348e-05
377 1.007628789374748e-06
378 1.8635375395913348e-06
380 2.7341771018289796e-06
381 1.0387832871137766e-06
390 8.155037959340699e-06
414 5.8945658362995045e-06
416 3.5991446564792214e-06
426 8.222090910688686e-06
432 1.1658745580022493e-06
440 8.498897559660323e-06
441 7.086673109777787e-06
444 2.8933459525631226e-05
450 4.6812624077981025e-06
460 2.44479227706856e-06
464 3.4236622884706555e-06
467 5.517628354079177e-05
468 1.0395951676292057e-05
469 1.5763384180514625e-05
471 2.3800896031092584e-05
473 6.446147036869308e-06
475 1.3466559390610023e-05
478 1.426817834935301e-05
490 9.96630953425771e-06
496 6.110853755597986e-06
498 1.3545087007409822e-05
500 4.83671528411657e-06
501 0.00010934114842940819
502 6.645888417340682e-06
503 3.536498913578862e-05
505 8.435709008696909e-05
508 1.098242800719363e-05
509 1.2042526499830247e-05
538 1.6678501329679676e-05
543 1.8401511090397443e-05
545 8.045405980360207e-07
546 1.4382520478273207e-06
550 1.9458256638503043e-06
555 1.0073625586633716e-06
557 1.074715825726166e-06
558 4.670903872118149e-06
560 2.200444875324827e-06
567 6.924354649898289e-06
570 1.020976357710514e-06
571 4.0419888145750404e-07
572 4.5525102693077164e-08
576 5.170360837567313e-06
577 3.3530521185083086e-06
579 9.660557834898198e-07
580 3.2690268909548123e-06
581 1.7112789116158904e-06
582 2.0511274755720112e-05
583 1.3356538132950656e-05
585 2.4379656055478836e-06
586 3.73302526964622e-05
587 1.6663553879367257e-05
588 3.572182732779866e-06
589 1.2098425617001451e-05
590 1.2838796167681928e-05
592 7.508987901677491e-06
594 9.99949892888946e-06
596 2.3942808693612274e-06
604 3.154310798242114e-06
608 9.761031981268627e-07
613 2.4067595245927308e-05
624 1.480359577319399e-06
634 4.4061507931299585e-07
650 2.3196169617901744e-06
652 3.3898940984434666e-07
653 3.413186743527361e-06
654 6.699431714651294e-05
656 9.92449816689732e-07
657 1.2620260528245986e-05
658 1.9477967433456982e-06
660 5.783026428239936e-05
661 8.961878495327369e-06
662 1.0303298308596212e-05
663 4.961744803614249e-06
664 6.980856639909374e-07
666 4.621260252712401e-06
668 9.140517866323341e-06
670 2.127857613811741e-05
671 9.043145751292965e-06
672 0.00010337367566746714
673 3.3229314944412827e-06
674 5.9832084259585585e-06
675 3.47562343856666e-05
676 6.390117941446937e-06
677 4.201611009659222e-06
678 2.538492660279621e-07
683 2.520719339742281e-06
684 5.584836587693546e-07
685 2.311041181469498e-06
686 4.5731287692371954e-06
688 2.9593937118839116e-08
689 5.920769936782867e-07
690 2.3167843098138574e-06
691 4.902443261731247e-06
692 7.856541925117579e-07
694 1.2157175955594271e-07
695 1.6071879764157473e-06
696 1.1630063628642549e-05
697 5.514189205407389e-07
698 2.3842748072786e-06
700 1.92979696238428e-06
702 2.2379799444461967e-06
703 1.0185380032578228e-06
704 3.838929662660903e-06
705 3.07344457026939e-06
708 7.201207253605749e-07
716 5.935059019224632e-07
717 3.05335023572894e-06
41 3.014612637654503e-05
51 4.413807102271846e-06
147 1.0827198226220378e-06
483 2.70865472085039e-05
494 1.2399206107311427e-05
495 3.9753370787268175e-05
521 1.3201332470622313e-05
578 8.513248320811196e-05
584 3.940708624090352e-06
655 6.552349885076638e-05
693 2.6794002041280557e-06
