0 0.00021398425950297186
1 0.00010448848985386012
3 0.0001501614926483352
9 2.4904808926252e-05
21 4.239241713392554e-06
29 0.00018038572094121252
34 4.3654029495723103e-05
35 9.010420888485252e-07
42 0.00010146540298319235
46 4.4141225373667424e-05
47 5.230179152065669e-06
48 5.7507952738175394e-06
145 9.92758179709601e-06
158 3.760788151712827e-06
160 4.187898917852751e-06
243 4.6073571003224545e-05
245 2.016537954261329e-05
283 5.8483724205796646e-06
328 1.4806249849351634e-05
379 2.4037486649671343e-05
480 8.752890415710043e-05
484 0.00010553728371152625
485 0.00012844550001273763
486 0.00034676105116226616
503 3.3156809710153547e-05
528 6.825416134023565e-06
562 2.3086542521304572e-05
564 3.454902183409945e-05
593 7.106590120056459e-06
641 1.1516808761391572e-05
665 1.2365266524341042e-05
675 2.9972837377398504e-05
69 2.1981097217443038e-05
70 1.138085138519781e-06
74 1.512995724760487e-06
149 1.6520761552795585e-05
151 1.1666989108431015e-06
165 5.139336113873428e-06
221 7.497299932719891e-05
225 5.293090076932462e-05
302 1.2654088205052573e-06
306 3.4449973968726975e-06
332 2.3534758439275534e-05
370 3.5859128767486186e-05
393 6.529110589311938e-07
401 2.403570362491149e-07
408 1.632790511290315e-06
411 3.655111249504199e-07
505 6.927366295038594e-05
513 1.622558985315988e-06
524 3.076556551130463e-05
544 3.9984990836619e-05
558 3.1129577137820917e-06
566 2.4565600443322588e-05
6 6.08598585934493e-06
41 3.0594367620714224e-05
58 1.0298576468618727e-06
65 2.4389155497343607e-06
72 9.206597698623133e-07
81 1.4712101329330473e-06
89 1.357721186213004e-06
114 2.395041418798738e-06
116 5.097130884871097e-07
117 8.798939345848422e-07
124 1.2221342324222656e-06
125 5.449494466873288e-06
152 6.429326514820886e-06
154 1.1494955467321839e-06
176 1.66895448292251e-06
199 1.3957625452974303e-06
201 5.207859833615855e-06
202 1.2947700288756659e-05
246 1.9798436793168184e-07
285 6.67892440128755e-06
292 5.2753789182267485e-06
297 2.6373988172520556e-05
300 3.2941084920875536e-05
311 1.6549413157742126e-05
352 1.8702920924859444e-05
359 1.2146468510712097e-05
388 4.515242759863261e-07
391 5.771232206039233e-07
396 7.031858406364436e-07
409 4.38994958897631e-05
412 1.1107962283069072e-05
431 7.283762379661875e-06
497 8.69177108224915e-05
506 4.495320857216655e-06
511 5.595331649927693e-07
512 1.9937423419397227e-05
535 2.2671310856863113e-06
536 4.421858301973718e-07
542 3.334226291885138e-07
552 2.4554417952771398e-06
556 1.0251682932710482e-05
609 1.4493093678632888e-05
611 1.2244981681073053e-06
667 1.4388159248110318e-05
16 6.048222225887814e-07
27 1.64150820713762e-05
28 4.144766648964222e-05
57 6.303413632687009e-08
68 6.075555627756016e-08
75 3.991097008767397e-07
84 1.7053308527926586e-06
85 3.411681729138802e-07
91 1.3137954201331748e-07
92 1.2995125801445862e-07
97 9.400270588407376e-08
105 5.618611959972233e-06
123 1.5643541063789384e-06
148 5.8397202518526235e-08
157 1.374048488571564e-06
189 9.446605804808372e-08
203 2.3174289643252923e-07
207 1.48429446714706e-07
234 2.2830234621794907e-06
244 1.7027123716817735e-07
252 3.786754950368702e-05
273 1.1496537635509082e-06
308 0.0001051197754049852
309 1.731690506995313e-06
313 4.429236716393415e-05
315 5.533135233943734e-06
343 1.1425922520606641e-05
384 3.4982949744929304e-07
387 7.619884575698147e-08
403 2.1620145813586447e-07
406 1.039735420082758e-05
407 7.063757123068509e-06
410 3.755316779570919e-07
413 6.122686751769817e-05
426 1.0397461322387823e-05
433 6.699172862540641e-07
451 3.4864100238403404e-06
455 4.571922817094896e-05
456 1.1558732199142073e-06
458 2.589657888175278e-07
461 7.866079669290528e-07
463 2.2221001916951212e-07
466 6.132142711637986e-07
514 3.508778656438699e-06
515 5.947141670054132e-06
525 4.880637846896859e-07
527 8.791227494930555e-07
565 2.188431498484833e-06
679 1.0006883581593808e-06
710 2.757366202612477e-06
711 8.715282924329707e-07
712 6.963537783139699e-07
715 5.442697296077927e-08
12 1.1276980617146067e-05
23 1.5005639955293524e-07
26 4.5319580708382793e-07
45 3.2160927803941886e-08
52 5.516208629036094e-07
55 5.79761582653762e-07
60 6.80791423179345e-07
61 4.7846259504558896e-08
71 3.063522337078892e-08
73 5.320002644824764e-05
82 2.414403193256862e-07
86 5.5695550343964225e-08
90 4.5244178831444896e-08
95 2.695037608058476e-08
98 5.074612560093468e-08
102 9.740404059415244e-08
103 2.5132936156174754e-08
106 2.1182042828459114e-06
126 3.954113134859363e-08
128 1.887415195402329e-06
175 6.52145636437811e-08
177 1.0689677637014194e-07
181 7.119517324910604e-08
183 2.635590571979669e-06
184 3.104419062209567e-06
185 8.119951141124892e-08
190 7.756390059864734e-07
193 1.3159782043692013e-08
195 4.667457261611908e-08
208 1.7257199685430756e-07
212 1.5815734210304512e-08
213 7.242160789855812e-09
214 2.3543973297760805e-09
220 4.4414242212908534e-07
226 8.52659694205336e-07
265 7.269162825982876e-08
266 2.2031987227893755e-08
269 3.1765380512689957e-06
272 3.175231623818575e-08
276 8.835992181148545e-07
281 1.2981438447618638e-07
289 2.2459016276631508e-05
295 3.0759142302849317e-07
298 2.1316853215698437e-07
307 8.651869055159227e-08
312 1.563891724522497e-05
316 3.796051208260997e-07
326 2.0131040047079522e-06
338 1.1468256741959569e-07
356 2.449304816554987e-06
364 2.5304359098693554e-05
365 9.194181720461917e-06
372 7.185914942178299e-05
382 2.496915992322086e-07
383 1.9585254066597457e-09
398 2.6464584210885033e-07
399 2.5276362179144763e-07
402 5.821836395716458e-07
405 9.304572110337891e-05
430 3.9163060422404544e-07
436 3.652973422521975e-07
438 3.3006982172029514e-06
443 5.372603477355817e-06
453 1.6284668638757036e-07
470 2.697026944935574e-07
472 6.735978145274937e-06
476 5.830261915069162e-08
477 7.464752483336847e-08
487 2.5358405725507177e-07
492 6.96597665727895e-07
516 3.360347410627241e-06
520 2.4687129004048665e-07
522 8.613016897641802e-08
529 1.368243804516834e-07
530 9.958815443859368e-07
531 2.414535727675131e-08
532 6.84808916512381e-07
549 0.00011168468597073308
551 8.466331893378447e-07
553 1.6460125579890523e-05
554 1.0051574534018836e-05
597 1.2359259006504983e-06
598 1.010221404580446e-07
600 1.6603579033186002e-07
601 1.3573927042110962e-07
602 8.077896950080616e-08
606 6.21525444961854e-07
607 0.00014771898954343504
612 2.7439563906440995e-07
617 1.7958671079255805e-07
619 1.8839794488405514e-07
627 4.55412243463637e-07
630 3.875550896746509e-07
631 1.2357738124648405e-07
632 3.395620667282995e-07
640 1.1133460277053782e-07
644 6.042742070359958e-07
645 2.8374173283433953e-07
647 7.884598473526704e-08
648 3.522070469303836e-07
651 1.2212901133052698e-07
687 3.125203691723158e-08
699 4.9300189875121826e-08
706 3.485767608298282e-06
714 2.2432516855494425e-06
482 1.1150020572952279e-05
4 3.0119250368353143e-07
7 2.8596705559514446e-08
8 8.826356085515395e-08
13 7.1161976972654476e-09
14 1.6816098456081904e-08
15 6.402655174329803e-08
17 7.421864619545684e-06
22 1.358223508924606e-07
24 1.1668336245414241e-07
38 6.66015620137145e-05
50 7.963055394161742e-09
53 1.971141038585085e-08
54 4.86180118503782e-09
62 1.992328342617575e-07
63 1.0680064961339154e-08
64 1.3780347668957782e-07
66 2.0214558389654714e-10
67 7.805681082822762e-08
76 5.397020004188233e-09
77 5.397020004188242e-09
78 1.0964518049803373e-07
79 1.4093193960352866e-08
83 1.7356447996080536e-10
93 5.8406289958293176e-08
99 5.1863565532618854e-09
100 7.746322663134006e-10
101 2.1361902436149895e-08
104 5.195557105483039e-08
107 2.551629990752707e-10
108 8.662199500893283e-10
109 6.832077871864029e-07
111 2.6315448261624203e-08
112 3.1870123451425366e-09
118 5.943643746332101e-10
121 3.285239851193033e-09
127 2.0224718729323975e-07
132 5.207399801989921e-08
133 3.738988015761389e-10
134 2.4077663769901405e-10
137 1.4531865851114495e-10
138 2.2874461561227564e-10
140 2.2429887533102527e-09
142 2.985041554947378e-10
144 2.7708383844478975e-09
150 1.1014468276644075e-09
156 8.404224146256813e-08
163 2.7495635479840316e-05
172 1.0174991092599194e-05
180 5.864148059084896e-09
182 5.696816634083017e-09
194 7.496867462990777e-11
197 1.6810945655979515e-07
198 3.617716729807267e-09
200 1.9775116705110093e-08
204 5.106644790076155e-09
205 1.432677379713893e-07
209 7.960151030172002e-09
210 1.3105789908024586e-08
215 4.844666399780556e-10
216 5.806057379959121e-08
217 1.1933434651976683e-08
218 1.2740045869007552e-10
232 3.866194367440712e-09
233 6.690320428197309e-10
235 6.697807168710533e-10
238 1.0309000645136327e-09
240 8.98427598386661e-10
242 6.3471606495752134e-09
254 7.287128640174961e-09
256 1.1688269238576404e-06
259 2.3628013585067033e-07
260 6.289424738156018e-09
261 1.2053251348091238e-08
262 8.216423903897132e-09
263 7.973339262656857e-09
264 1.4923023019918708e-07
267 1.4116175819073212e-08
268 2.4848820424315878e-09
270 5.518805878697239e-08
271 1.2792191505017202e-08
274 6.5534592260014514e-09
275 5.209152350673787e-09
278 8.848087916475917e-09
279 8.448025243925376e-08
280 5.957260678067355e-08
282 7.744695575358602e-09
287 8.657373157547042e-09
288 2.6606196131153447e-10
290 2.4590202574911752e-09
291 7.75559198298267e-09
294 1.0146201009489482e-08
301 3.652104465629645e-09
303 3.3839972513712924e-09
310 1.8461048249026096e-08
319 3.129638697256565e-08
337 4.393627014288892e-09
344 1.2859571085436087e-09
345 5.888842368763861e-09
346 3.756909163158009e-09
347 6.271303458260894e-09
348 2.217713972013647e-10
349 3.0343008650056744e-08
351 4.672227654796813e-10
361 8.487201244718817e-08
367 4.3368893000835815e-08
368 7.273681511757213e-11
371 1.0458432903374018e-07
385 1.852403775350995e-08
386 1.3224407401345776e-08
389 1.0953472671934026e-07
392 5.970412092248469e-08
394 3.906279558389001e-09
395 4.80948351761902e-10
397 2.9298439638536522e-09
400 3.236509196599409e-10
404 2.3930513418093876e-08
415 7.768554997098621e-09
418 9.789026816890587e-10
421 5.385347482582131e-09
422 2.738074150478471e-10
424 2.7229296092711773e-09
425 2.515747833432647e-09
427 2.1655658160998893e-09
428 7.305771961028708e-09
437 4.317376981248566e-08
439 2.9782733554922955e-06
442 7.999681959209906e-08
445 9.495891373689584e-07
447 3.1693799351469503e-08
448 1.222018347906097e-08
449 3.753631503685388e-06
452 8.3433353664917e-08
454 2.0323319154836578e-07
457 3.837736802095311e-09
459 4.030617064464283e-09
462 3.5469466735128484e-07
465 1.548888719677811e-08
474 1.623546844425612e-07
479 5.5134576266868076e-09
488 7.130393563403937e-05
507 4.2247389035540457e-07
517 3.383856023274361e-09
519 1.1501738661982864e-07
526 1.6539467099882237e-06
534 9.086244145267151e-08
537 5.602520881976462e-08
540 7.566380277796471e-08
541 1.1425585623699204e-08
563 1.2537056480256765e-08
569 1.6382378907175714e-06
599 3.251703478920349e-07
603 1.2518923405267268e-05
605 1.2656133770465843e-07
610 1.6301792836891807e-07
614 7.619910593857001e-08
615 1.1038926525406928e-07
616 7.031570713897718e-08
618 1.2366344605030898e-07
620 2.6049535271839322e-08
621 2.892179654523732e-08
622 1.6954429061435347e-07
623 1.1820351405849087e-07
625 6.802806874173265e-07
626 1.6272840726736703e-07
628 1.5486732794749824e-08
629 2.2407577652419483e-08
633 4.902671161497367e-08
635 2.045512034357678e-08
636 4.6339022160990976e-08
637 2.0630739533738638e-07
638 3.607167409287534e-08
639 7.326797185602635e-08
642 4.1984738976717607e-08
643 6.193623016434066e-08
646 9.969129183170548e-08
649 3.010368251559144e-07
659 2.9718725480632714e-05
681 1.0177692874937228e-08
709 1.902287317166412e-10
713 2.173927737149585e-08
718 2.3769437232630037e-10
719 7.537634754548039e-09
720 2.4708774271175274e-09
575 1.591401716488296e-06
669 2.427599228981452e-06
2 5.8953069151305896e-08
10 0.00018161533653979567
18 1.337704996803764e-06
110 1.0504752219950555e-06
119 1.6094834227529394e-08
135 1.7799328482272903e-07
139 4.14640130461065e-07
146 4.580112499167262e-10
155 2.3350982245543614e-05
159 3.6912330099590087e-06
166 5.980387770114133e-07
173 8.923752023214364e-07
174 7.329137291205042e-07
191 3.909849831024983e-06
239 1.2208156792335766e-08
241 4.901150144852107e-08
250 1.997791218004456e-06
257 1.7239381535496782e-06
286 3.2229779613033177e-06
339 2.0276364401990294e-10
350 6.297805296775819e-07
362 1.144434317369395e-08
363 2.2385923510866002e-05
369 3.104749681676665e-07
375 2.994454293138095e-06
419 2.567819109466069e-07
420 1.1744621534633581e-08
435 4.57429220992222e-07
481 0.00015045303503779864
510 4.520637963455863e-07
533 1.680413815022805e-07
559 3.7996072389185396e-07
561 1.4861095924495678e-07
568 3.389640604215529e-07
682 6.124032231273902e-07
547 5.243311728802007e-06
374 3.3752089731418074e-06
342 6.907524719065443e-06
539 3.6732403422560236e-07
25 3.5833277626160546e-07
120 4.708858575253495e-06
122 6.11830358810348e-06
153 0.0001132838474447955
161 5.2921544572176636e-05
169 3.997790934058074e-06
188 2.726725816711973e-05
247 3.492113454322832e-05
253 3.3482585241876814e-07
423 1.5209643534080197e-06
434 2.535879630688421e-05
548 2.3011160621633097e-05
680 3.5978336940045983e-06
80 3.898453008537918e-06
211 6.243298712565083e-06
360 4.459557618951571e-05
429 3.1199059001041607e-06
446 7.052442601031642e-05
489 0.0003625124989921236
701 1.377189830816965e-05
702 1.5757721133850758e-06
87 0.00017442425460756936
314 9.882439140897861e-06
327 2.0930506658569677e-05
376 6.278360175885443e-05
493 9.822311240052191e-06
574 8.515403536070288e-05
705 2.190516871611027e-06
96 3.2349184480802276e-05
329 2.4221212176031746e-05
471 2.23591054797897e-05
654 6.85201681887066e-05
143 7.577476693399145e-08
192 1.2902569635525157e-05
523 1.9776077010589036e-05
655 7.033348754244915e-05
88 5.28786025767096e-05
248 2.005998096489631e-06
277 1.0059362590735279e-05
591 2.2172726779344643e-06
321 8.315506312695206e-06
164 2.0110988789007442e-06
444 3.08980373213945e-05
469 1.7057705073216947e-05
483 1.3544207767739102e-05
508 1.2482277271816869e-05
657 1.5362311134190758e-05
696 1.4946515467673183e-05
707 2.329821842982731e-06
417 9.334286197487796e-07
478 1.2274427273116602e-05
