170 4.22114538932103e-06
500 3.82693288395638e-06
573 4.8773899894445564e-05
147 1.8284155438773228e-07
32 7.774089820387317e-06
56 2.1757370269953618e-07
51 2.404884953301303e-06
502 5.596213103536617e-06
37 1.759856788770239e-05
167 7.735610047466297e-08
249 5.014628102657357e-07
652 9.785149890266111e-08
179 4.0483708771483497e-07
381 9.898576372546626e-07
5 7.25731474230641e-05
11 1.4667235355625826e-06
19 1.5187134774309787e-06
20 2.9383374961307386e-06
30 5.6555223671244256e-06
31 3.817569219852345e-07
33 6.715940339662193e-06
36 4.681422329934319e-06
39 2.24594694902744e-06
40 2.229535002917166e-06
43 1.4055804826419706e-06
44 3.532410333087797e-06
49 2.0126744718273454e-06
59 2.0394425330035366e-07
94 1.6634762021439783e-06
113 4.554927846527884e-07
115 7.283987502782901e-07
129 1.8865158511055897e-06
130 3.1314615721849547e-06
131 2.9101730690093404e-07
136 4.685049903308446e-07
141 2.4525524446221096e-06
162 2.2526201959554836e-06
168 3.865412266510303e-06
171 8.084888288322303e-07
178 4.4566846396022215e-07
186 1.1128002695949212e-06
187 3.7501729030401743e-07
196 2.9731735132500023e-06
206 8.050611939461509e-07
219 3.7098399620279546e-06
222 2.7576970422293972e-06
223 4.805707069846073e-06
224 1.1449408239823804e-05
227 1.2541369900663594e-06
228 3.8135906345527753e-06
229 1.9085455339579308e-07
230 2.6302631286382403e-06
231 2.8393175141391255e-06
236 2.957095876111864e-07
237 2.305896513115352e-06
251 4.807394438119302e-06
255 1.581927710294077e-06
258 5.338784951570017e-05
284 2.019347097503278e-06
293 1.2495430703516216e-06
296 1.0986498614659267e-06
299 6.046742971036481e-07
304 1.732065622142025e-06
305 2.2229347922632192e-06
317 7.704563141023489e-06
318 1.3953429123047308e-05
320 3.4121163081153057e-07
322 1.8956351290081834e-06
323 6.356190350746803e-07
324 8.529655025044824e-06
325 7.148289445677003e-06
330 1.7797923540470407e-06
331 3.5442252485267613e-06
333 1.34880835737591e-07
334 4.368062091689442e-06
335 4.625556953064911e-06
336 6.793802477950647e-07
340 2.0734133699600814e-05
341 5.058951712387825e-06
353 1.7155319893901148e-06
354 1.5236510506941632e-06
355 9.952505253269267e-06
357 3.7791634006583716e-06
358 3.1164196521079315e-06
366 1.949771700156032e-06
373 5.40692314605844e-07
377 8.239084299086044e-07
378 1.430585450563218e-06
380 2.129606993810229e-06
390 8.602208629331259e-06
414 6.053933156191052e-06
416 3.3081824080811196e-06
432 6.954098733818891e-07
440 6.425274398112401e-06
441 5.955939347085567e-06
450 2.4799791348931826e-06
460 8.10819116264259e-07
464 1.8172099297237302e-06
467 5.1508625337713634e-05
468 7.480916581662658e-06
473 5.947832587098434e-06
475 1.3146478592255483e-05
490 5.703196152430419e-06
491 7.555748808436674e-05
494 9.60364851802901e-06
495 2.0854431857678274e-05
496 4.053979731735726e-06
498 9.215279718231097e-06
499 0.00048171412521715446
501 9.490164370607296e-05
504 1.9311404348617217e-06
509 5.162622263925513e-06
518 1.363968455304487e-05
521 1.099482891674377e-06
538 4.001484874871807e-06
543 1.639626981848088e-05
545 6.112190323155928e-07
546 1.351990917318101e-06
550 3.6231040568868943e-06
555 7.691121292672771e-07
557 9.93198570745241e-07
560 1.6922853288915287e-06
567 5.061359140183839e-06
570 6.587008710657889e-07
571 3.003415565848145e-07
572 5.74806670201811e-08
576 4.2178283808057135e-06
577 3.995895488184118e-06
578 6.595160175155162e-05
579 7.397722267656708e-07
580 2.8909036877597886e-06
581 1.4905990559098242e-06
582 2.0081144119916454e-05
583 1.2220354360652871e-05
584 2.5580700979501126e-06
585 2.8818252148577253e-06
586 3.7402609192067985e-05
587 1.77741269030309e-05
588 2.1171197481834407e-06
589 1.0446694616708344e-05
590 1.274975288094986e-05
592 6.6548076365159426e-06
594 9.104479032107683e-06
595 6.966990290141154e-07
596 1.8938083769662438e-06
604 2.5127314171848404e-06
608 5.992723335368312e-07
613 2.2693332470582455e-05
624 1.343012458420881e-06
634 4.5870841848309724e-07
650 1.731893109474933e-06
653 3.80896925962309e-06
656 9.845178670390412e-07
658 3.0863684143856865e-06
660 5.5264669107274807e-05
661 7.127691508977908e-06
662 9.517226807452055e-06
663 3.1332978576388254e-06
664 5.858229812220939e-07
666 4.366743368140543e-06
668 6.7107713423891555e-06
670 2.2187519917738632e-05
671 6.572987875786461e-06
672 0.00010448489896380025
673 2.7582345612912947e-06
674 6.124673978099144e-06
676 5.735741446363279e-06
677 3.0838337922224086e-06
678 4.454421066685673e-07
683 1.993796454052629e-06
684 3.3166605396461127e-07
685 2.1153345120248614e-06
686 4.5129886665444796e-06
688 3.159046555734292e-08
689 1.1293126918313267e-06
690 1.5662798569479685e-06
691 4.061804663462752e-06
692 6.806983000145666e-07
693 2.926029324311308e-06
694 1.5265482767037546e-07
695 1.2398364544004726e-06
697 9.984439110037437e-07
698 2.2099169003441576e-06
700 2.4182025913161984e-06
703 1.0932977296172665e-06
704 2.4033386021261473e-06
708 8.298438470708477e-07
716 4.90151389517064e-07
717 1.7435311107597272e-06
