352 1.995548136382672e-05
268 2.4843716485349557e-08
360 4.4692488384101855e-05
504 2.651805777464438e-06
332 1.8364967957957313e-05
144 2.7522933892007365e-08
297 3.508777459310643e-05
486 0.0003752936770706829
64 1.7943761733789492e-07
500 5.376885690371371e-06
9 3.808806667580148e-05
147 6.512389772012633e-07
547 6.208742087056798e-06
584 7.029900109933778e-06
114 3.2853002998437643e-06
122 1.042780736402454e-05
423 1.8246898614963076e-06
533 8.340005199298053e-07
527 9.429079959713304e-07
251 1.9628701763503515e-05
343 1.457472185912925e-05
554 1.4375535488746834e-05
707 2.853299466932155e-06
113 5.049788637144869e-06
145 1.1627514760380813e-05
176 3.2828115250662027e-06
444 5.3326275057809534e-05
503 4.117761486289619e-05
608 2.5708370891413255e-06
704 7.20058030909171e-06
526 2.178357691033918e-06
141 3.739897581803692e-06
17 8.066154445135895e-06
124 3.0855233656015885e-06
128 3.1228956587574142e-06
131 1.2791386508870089e-06
185 2.5524279205421595e-07
234 3.4954244052821195e-06
247 6.570848833523034e-05
283 7.056867918647703e-06
491 8.183050963728895e-05
502 1.2796775158047843e-05
539 5.716811861264177e-07
572 1.0490721384963837e-06
44 4.5038122279848405e-06
47 6.4184079834251005e-06
163 2.7361637807259533e-05
289 2.3267668748845335e-05
312 3.6398398896539185e-05
429 4.0412215942732746e-06
472 7.041035987593936e-06
483 2.1082943872881678e-05
549 0.0001357455316984717
591 2.5241225307969978e-06
662 3.3235234418751076e-05
54 6.412310043552026e-08
258 5.2994889788672106e-05
4 3.227864169911018e-07
62 2.385147750437209e-07
116 6.538494082321152e-07
117 1.5383570199182487e-06
161 4.6666050603968834e-05
173 1.0012817510076017e-06
201 6.011360246350198e-06
230 4.572606239001633e-06
245 3.339004861360632e-05
285 8.387687812761307e-06
300 2.9054145163380492e-05
302 1.7703861853996287e-06
306 3.3593081687431657e-06
321 7.746797519945078e-06
329 2.8391057221219482e-05
342 8.539778586226689e-06
363 3.062841566377519e-05
365 9.703043575934575e-06
370 3.485039430127893e-05
412 1.2287723049028414e-05
413 7.246835073881012e-05
435 8.761266170007583e-07
482 1.0028060151526498e-05
489 0.0004207916107150735
513 1.1646721212436107e-06
565 6.519494958480243e-06
593 8.380374817150009e-06
641 1.2646147086749344e-05
668 2.7555646595489566e-05
682 7.65811872326451e-07
1 0.00013531940736797107
48 6.7409019863161825e-06
90 3.0833417339885787e-07
143 1.3331189719144728e-07
211 7.325685951467755e-06
276 1.951695743965208e-06
308 9.442314783883727e-05
350 6.965546987624908e-07
358 2.6066041174754433e-05
455 5.437062017853798e-05
508 2.797177090816415e-05
518 1.9761488925966675e-05
524 3.369191036620595e-05
574 9.317744091215423e-05
659 4.489900945352522e-05
666 6.340578079337382e-06
669 2.6074782059131634e-06
675 4.272349105392642e-05
6 7.0661348160171745e-06
21 7.451564389050435e-06
35 1.2681170440057877e-06
45 5.292044438454698e-08
69 2.0301560474855062e-05
70 6.586139526747006e-07
72 7.002377342487371e-07
86 1.3384655691588733e-07
91 3.5610608872824677e-07
92 2.3784404456516526e-07
95 1.5934240309964877e-07
97 3.921553448356963e-07
98 3.1244826447940114e-07
100 8.659869863675845e-10
102 3.671851016366107e-07
108 3.018372767461486e-08
111 4.845967633700125e-08
112 1.4012494758550786e-08
119 2.4636327962450614e-07
152 3.920426016829855e-06
175 3.244972247838013e-07
180 3.175581867198625e-08
183 3.463821113251631e-06
189 1.8251695929999456e-07
207 2.3109881568524864e-07
208 1.7293262410010324e-07
221 7.788201372500728e-05
241 5.873220691275536e-08
266 2.0881081096562768e-08
267 2.020915452486084e-08
269 3.386671292073057e-06
271 4.759999700555646e-08
273 1.0423405537565391e-06
274 7.313611871138775e-08
278 5.6339270920780565e-08
281 2.753841925452533e-07
315 7.808345254767332e-06
328 1.1796333957102239e-05
339 8.555365911165607e-10
409 3.775654902542312e-05
419 3.1286709442981915e-07
431 7.931105322667674e-06
466 4.679970805755875e-07
481 0.00018847086351720307
493 8.88310371224431e-06
497 9.144419969116435e-05
512 2.0496054544587446e-05
514 4.688518162137641e-06
525 7.794824610628109e-07
528 7.87227248458748e-06
542 3.167236645339989e-07
552 2.9432861881298672e-06
553 1.5923545688350477e-05
569 1.9042433307323879e-06
595 1.033550025002982e-06
607 0.0001305489678704686
609 1.3834334647720965e-05
611 1.236924076729046e-06
623 3.3751654044476897e-07
625 3.483838055976837e-07
626 4.4411246529991273e-07
645 2.662950472348363e-07
665 1.5340647712694554e-05
712 4.890835483008117e-07
715 3.571351913895153e-07
25 4.327031280019536e-07
27 1.3922269742287609e-05
57 3.71300504804444e-06
65 3.736520522601045e-06
87 0.00019118771774140442
105 5.661492320840923e-06
110 1.1941824963629843e-06
125 5.7760644195196906e-06
135 2.6998483454653435e-07
149 2.1956284271873898e-05
167 5.930965279812623e-07
177 4.287924594942612e-07
192 1.4411399164349028e-05
195 1.2165289828772117e-07
238 3.4232344550243107e-08
244 3.329288705509201e-07
253 3.7016020998650385e-07
257 2.0184923089953093e-06
311 2.118203544361615e-05
313 3.538997457191056e-05
326 2.5733782598718576e-06
348 7.1764846442249904e-09
357 3.678649803823921e-06
359 1.267045211430624e-05
364 2.3585070723683615e-05
379 2.4736587714379365e-05
396 2.118760451771134e-06
420 2.139861235695513e-08
492 6.136642499292872e-07
511 3.6446627028503956e-07
559 5.189970313236322e-07
561 2.441860677278114e-07
562 3.143009541714306e-05
566 2.4598419219566004e-05
568 4.1923996874148076e-07
588 2.905088496542985e-06
598 3.5632184767198483e-07
599 4.372283803457807e-07
600 7.079466463946767e-07
636 4.507465555116426e-07
667 1.4211526620032489e-05
681 2.1392205116085635e-07
705 5.693517536979946e-06
706 4.438219827749691e-06
717 2.2926354642036557e-06
2 5.97140495172499e-08
7 4.6102846538364545e-07
8 2.891425369473954e-07
12 1.1743596423069755e-05
13 1.4062385020502643e-07
14 3.0832827557632186e-08
15 3.5867430067272347e-07
16 1.9773568333948176e-07
18 1.3815986918641373e-06
22 2.0532120416559826e-07
23 1.2559768657672412e-07
24 9.611133464465033e-08
26 3.204935132080445e-07
28 3.711526572870618e-05
32 9.465349935875009e-06
38 5.42454128588534e-05
50 2.6988376906675777e-08
52 5.75420001824042e-07
53 2.8532612430856277e-07
55 4.463524438149516e-07
58 8.288555556950115e-07
60 9.960487791182971e-07
61 3.034790516425618e-07
63 8.805629614190382e-08
66 3.0338582414673027e-09
68 6.058186958630993e-07
71 3.099398128400064e-07
74 9.38410676256482e-07
75 2.5783681295385176e-07
76 4.233620216374534e-09
77 1.3437341958437754e-08
78 1.982000844686397e-07
79 1.7717518469383092e-07
81 6.731702399409854e-07
82 5.465707741941033e-07
83 4.522174571757727e-09
84 1.1374482226979993e-06
85 3.88897514057591e-07
89 1.3347395830467033e-06
93 8.37876485922046e-08
99 3.930192860617366e-08
101 2.7291718266702154e-08
103 1.3907772715447307e-07
104 7.343606442650509e-08
106 2.443045785118726e-06
107 3.944840294086644e-09
109 8.070189429531558e-07
118 1.1624543546152848e-08
121 2.0623214257831493e-08
123 4.439647963902562e-06
126 3.0048410091770994e-08
127 2.1469917414759608e-07
132 9.608052641541321e-08
133 3.2842860435591516e-09
134 6.614720388313724e-09
137 9.802863519426806e-10
138 2.402293797959108e-09
140 1.3870933264019441e-08
142 1.8142654050013569e-09
146 2.137265346215796e-09
148 1.3667784963009662e-07
150 1.582877693425388e-08
151 1.680022970776607e-07
153 0.00012379929314569805
154 1.0161339938482434e-06
156 3.2941782303467826e-08
157 1.995318961381521e-06
158 5.143671302611733e-06
159 3.91051222336455e-06
160 5.435684149653654e-06
165 6.785261428829682e-06
166 6.64686512892526e-07
172 1.1721984494155013e-05
174 8.197494917613694e-07
181 1.0097195095875169e-07
182 2.4748429157454133e-08
188 2.8173193593129564e-05
190 7.981293788166949e-07
193 1.311770098591811e-07
194 2.2323470591503517e-09
197 1.9712593816189913e-07
198 4.602482124064674e-09
199 2.6147674436795712e-06
200 2.6526270615529842e-08
202 1.5253820730596054e-05
203 6.273004674914624e-07
204 2.496949341987438e-08
205 7.17085487082214e-08
209 3.4224206005197714e-08
210 2.5016233554600882e-08
212 6.685055990438659e-08
213 4.080066324320028e-08
214 8.790508272079172e-08
215 8.844155508155003e-09
216 5.6969304415305505e-08
217 5.6893137472090014e-08
218 2.5271170241259755e-10
220 4.631679225414055e-07
232 6.06778787725221e-08
233 2.916183345781261e-09
235 7.657980521119844e-09
239 9.069706912237243e-09
240 9.034354571255873e-09
242 1.9885528232557603e-08
246 2.883783763418402e-07
250 2.233933177172181e-06
254 1.6375569144009015e-07
256 1.288344679136084e-06
259 2.7179977441685515e-07
260 4.354502068238242e-08
261 1.642389487621663e-08
262 2.2552571077834776e-08
263 1.0929738157513875e-08
264 2.4802049242244895e-07
265 2.3019406899163064e-07
270 9.984862525124952e-08
272 5.7165478345611164e-08
275 2.8992433248446772e-08
277 2.204138493710047e-05
279 1.11473039774763e-07
280 6.171051832996055e-08
282 2.7225120017136852e-08
286 3.4277753378259205e-06
287 1.2096888938541061e-08
288 5.5709969005695764e-09
290 1.0848960480488712e-07
291 1.3240491002318614e-07
292 9.53448287497598e-06
294 1.1266448073907005e-08
295 5.056741114082086e-07
298 2.702763107849499e-07
301 1.6677035997873963e-08
303 6.7631261458413e-08
307 1.2322385981507726e-07
309 1.4885644534318186e-06
310 2.305125018098544e-07
316 5.787750825768792e-07
319 4.89602887825653e-07
337 1.0451517976781175e-07
338 3.0188515722284793e-07
344 2.9568486442232123e-09
345 6.470775661282471e-09
346 4.80789574084143e-09
347 3.3185621487127806e-08
349 9.43226973898286e-08
351 4.004368595336002e-08
356 2.916189104437129e-06
361 1.795650859025487e-07
362 1.59674477491848e-08
367 5.6351047263507064e-08
368 5.6635657626891944e-11
369 3.200387049369984e-07
371 2.5253357142937565e-07
382 8.539403736845527e-07
383 5.693551894673231e-07
384 3.706964701684125e-06
385 8.24189779321841e-09
386 1.8049369018217763e-08
387 7.862955330032134e-07
388 3.347328710378753e-07
389 6.218788076559306e-07
391 4.937525271059066e-06
392 2.3497072232875285e-07
393 3.2968760103815864e-06
394 1.260085700267061e-08
395 9.766277100814818e-09
397 2.9321375609004042e-08
398 4.64039362424738e-07
399 4.6962206509688926e-07
400 1.7977001723281155e-08
401 1.7254386218804565e-06
402 1.6604619126918365e-06
403 1.2028316924824572e-06
404 1.3061851061454496e-07
405 9.752564078463168e-05
407 1.759995448202382e-05
408 3.592566545700548e-06
410 1.055765665813968e-06
411 4.949683324758631e-06
414 2.9821890478840928e-05
415 1.360499374796111e-07
417 1.2279810445168324e-06
418 1.9222239235927644e-09
421 5.474225213727984e-09
422 1.4746664166875362e-09
424 2.631020326562277e-09
425 1.6154598262670991e-09
427 6.942362390936153e-09
428 2.516602978341889e-08
430 1.3866697524344637e-07
433 7.079176228751197e-07
436 2.1066083993669827e-07
437 9.831384331949149e-08
438 2.0727352265656018e-06
439 2.74058803586847e-06
442 1.3916514684803746e-07
443 6.472806870983009e-06
445 1.1395252855067986e-06
447 8.868088554140832e-08
448 9.479888560074431e-08
449 2.4271465334643813e-06
451 3.7545323795989845e-06
452 3.062082809250916e-07
453 5.923294438964098e-07
454 7.808525422552213e-08
456 5.916906796590823e-07
457 7.28897869648895e-09
458 3.3554929318749576e-07
459 1.6112847996195966e-08
461 1.207291007489378e-06
462 6.262514564375545e-07
463 4.0066162993084704e-07
465 8.122945973243592e-08
470 4.649697377855015e-07
474 1.138356259191266e-07
476 7.066643583782693e-08
477 1.0200737993655192e-07
479 5.9224374399671757e-08
484 0.0001359225492768851
487 3.6291401802934293e-06
506 5.1961695128440885e-06
507 5.490584641275445e-07
510 4.848122751751284e-07
516 3.085113796932744e-06
517 1.1080580119290896e-08
519 1.5794028132941978e-07
520 2.9241502208543377e-07
522 1.3054088731236417e-07
529 4.929676160516747e-07
530 1.7467015605572357e-06
531 9.248647592066031e-08
532 1.8550946826925603e-07
534 1.2331706875304718e-07
535 2.322610326398883e-06
536 2.67713203398159e-07
537 5.821535601650895e-08
540 5.2032985284822536e-08
541 8.638836583556399e-09
551 7.292869917148396e-07
556 7.383695854973888e-06
563 2.5478353002685255e-08
564 3.849480671622582e-05
573 5.3097486688505974e-05
575 1.8456327782065658e-06
587 2.8972512853327365e-05
597 1.269980839091646e-06
601 3.9669332755837014e-07
602 6.597554264820818e-07
603 1.11060257343414e-05
605 5.869676243957346e-08
606 7.635431423607617e-07
610 1.2785432165160884e-07
612 3.767959087077066e-07
614 6.38132250009488e-08
615 4.6677775503699035e-08
616 9.194146803889851e-08
617 1.2435352894803047e-07
618 6.748991791358964e-08
619 1.747030297256685e-07
620 2.2479536269951696e-07
621 1.7180165039017789e-07
622 3.824126075514563e-07
628 8.394422044376598e-08
629 1.2266979976475925e-07
630 2.3955801238334927e-07
631 1.6200238060125143e-07
632 4.4735451578619736e-07
633 2.1084009655504235e-07
635 1.3527518226098474e-07
637 4.2345080819546706e-07
638 1.4412087075913023e-07
639 9.918405963272907e-08
640 7.496790156193758e-08
642 7.444796646718621e-09
643 2.667405511083576e-08
644 4.3806289121022405e-07
646 9.711202460651979e-08
647 2.1716682700275498e-07
648 2.393102201633098e-07
649 3.7575532490038147e-07
651 7.569565196016763e-07
670 4.452019559412865e-05
687 2.915042681306755e-07
699 1.3633876966071288e-07
709 1.427998063460801e-09
710 2.666809062399192e-06
711 4.0312919327809534e-07
713 1.1483651478191666e-07
714 2.307640144745435e-06
718 3.0228122074651595e-10
719 1.2358428780170123e-08
720 1.9713196044301834e-09
