0 0.0002776865835644902
3 0.00013933693829279196
11 1.755283247105314e-05
19 3.268980829203507e-06
20 4.538688025782563e-06
29 0.00021609178861774998
31 8.433075826306935e-07
33 3.158128180986662e-05
34 3.879428275526555e-05
36 7.3823891201526906e-06
37 3.0893487721602956e-05
39 3.207147780906641e-06
40 6.029639979388204e-06
41 2.5450231869319804e-05
42 9.94841191254884e-05
43 2.206044258198995e-06
46 3.547176689333663e-05
49 2.5342277360128766e-06
51 4.844069677052054e-06
56 1.0483959203312636e-06
184 2.994817295458986e-06
187 3.290691726326354e-07
196 4.965385459448934e-06
222 3.5284438684494186e-06
223 8.96666859538529e-06
231 2.3660037379426682e-06
237 2.604441404065161e-06
243 3.729406372861782e-05
249 6.389001773405711e-07
252 3.941030817245995e-05
255 3.834837236819883e-06
304 2.0707758548237654e-06
305 4.011121883948586e-06
314 8.74211088101273e-06
320 5.773577453891223e-07
323 9.349674415389608e-07
325 1.5880099602171478e-05
327 2.4434669379216203e-05
331 4.7602717988747465e-06
333 2.7837652889016645e-07
341 4.692247286674857e-06
354 1.9891518392547526e-06
366 4.4247879096989915e-06
372 6.97085724942275e-05
376 6.088978131826697e-05
377 1.4019342237585684e-06
432 4.356023411517999e-06
434 2.8962029977092533e-05
440 7.313318719779496e-06
450 3.829670429330568e-06
460 3.0400192888065844e-06
467 5.802213970213469e-05
471 2.2620074185199972e-05
473 5.342547491565871e-06
478 1.3145347274749215e-05
480 8.955566502017312e-05
485 0.00014249938176603006
490 1.8975622933394385e-05
496 7.01530447322844e-06
498 2.0216911918555494e-05
501 0.00010467103523216327
509 8.796534431442407e-06
538 2.4873134721223066e-05
544 3.9088695789544804e-05
545 2.049696333101768e-06
546 3.0278854416179345e-06
555 5.583009273556739e-06
557 8.874626976068029e-07
560 4.771123255812066e-06
567 1.2283155090012353e-05
570 1.2965963183649801e-06
571 8.723352937122111e-07
577 3.3518335928917988e-06
579 1.3959295473479842e-06
580 3.4830243151012845e-06
581 1.7609306488187121e-06
583 1.4327785377912558e-05
613 2.5578073691066888e-05
634 7.006111817847161e-07
652 4.283839081517484e-07
657 1.4286071259160865e-05
658 4.457067396991417e-06
661 1.1319543586898251e-05
663 7.5505126106015126e-06
664 2.2330956200681697e-06
674 5.090581952024332e-06
677 9.51309113579986e-06
678 2.2995696370124046e-06
680 3.0639563579551243e-06
683 2.643259158415924e-06
689 4.8920743158662354e-06
690 7.3628986589102795e-06
692 1.5135269856070928e-06
693 3.2012042014224817e-06
695 1.363027260084728e-06
696 1.331748514822209e-05
697 2.398676897512195e-06
698 2.369349659908569e-06
708 8.785425610925729e-07
236 1.2860764265003662e-06
650 1.0328297606846649e-05
686 3.8086736713289075e-06
550 1.3076388482177449e-05
136 2.0804283883648074e-06
225 4.1405870481514325e-05
684 2.649849332902845e-06
228 7.810541131750003e-06
284 2.462717793046933e-06
375 3.6163521498006733e-06
672 0.00011644048713468398
582 4.221351387079931e-05
219 1.4430082873822399e-05
627 5.281707288532202e-07
139 5.003799844281129e-07
