318 2.381866467847239e-05
416 8.636058655936467e-06
224 1.1940866839350968e-05
688 5.505869030211567e-07
120 9.110321092247249e-06
162 1.9943613466568957e-06
701 1.3961999431659091e-05
671 2.0240760347895613e-05
700 5.143323994410222e-06
494 1.0786841883224331e-05
585 5.943462325585178e-06
592 1.5364755370754204e-05
5 6.374907906644568e-05
10 0.00017514828659449282
30 1.703614592488188e-05
59 2.5990753261789784e-06
73 6.560967018290829e-05
80 5.806013763386393e-06
88 4.19332874282713e-05
94 2.001496339887569e-06
96 3.295392470561689e-05
115 6.978334551545424e-06
129 3.3079680805810165e-06
130 1.6171688358127905e-06
155 2.2553639810120827e-05
168 3.4540414227584054e-06
169 3.0834329584375204e-06
170 5.515962822805629e-06
171 4.271650998793636e-06
178 7.798028930533088e-07
179 7.749819577627724e-07
186 3.5080595593586196e-06
191 3.9081240539894995e-06
206 2.1902348607078706e-06
226 8.956060460406011e-07
227 1.7770857303550756e-06
229 3.512342451392024e-07
248 1.3502660437185209e-06
293 6.7856204169532435e-06
296 4.307636633387066e-06
299 1.1356853219253932e-06
317 1.9263646094123184e-05
322 5.917711448216973e-06
324 2.2990137754611556e-05
330 3.1218044465770795e-06
334 1.0233018938161745e-05
335 4.4428695048488335e-06
336 1.2828508681792551e-06
340 3.491278452213846e-05
353 3.3808853776371e-06
355 8.752918789977971e-06
373 9.197684935836965e-07
374 3.90212904410579e-06
378 2.0657412788079703e-06
380 5.374233749323204e-06
381 1.8544659051489347e-06
390 7.700197878315104e-06
426 7.642432466372577e-06
441 1.3962994729664659e-05
446 7.269774323378353e-05
464 6.183669518660091e-06
468 2.1074966511563473e-05
469 1.6736119293286082e-05
475 1.588871054838892e-05
488 8.943570897523308e-05
495 4.149102989800653e-05
499 0.00047638943050405674
505 8.929215252005824e-05
515 1.2828099102304315e-05
521 6.944140871016678e-06
523 1.6386465039961636e-05
543 3.350428909134374e-05
558 5.4112328691178465e-06
576 5.9774071613742045e-06
578 7.45678851781022e-05
586 3.7037219903237714e-05
589 1.536701156529344e-05
590 9.803791077063753e-06
594 8.908052502790234e-06
596 3.900902661232965e-06
604 4.239450029913859e-06
624 5.393557572885871e-06
653 9.224584242479472e-06
654 6.793177957623119e-05
655 6.681591612338918e-05
656 1.3938776533420703e-06
660 6.023645077039721e-05
673 5.126776811837348e-06
676 1.8993305971846078e-05
685 3.0655341119889765e-06
691 1.052231213941841e-05
694 1.9124551142145344e-07
702 2.14237644317273e-06
703 3.13044250782405e-06
716 5.359844086132779e-07
164 1.5119935166309412e-06
67 2.794775990115039e-07
679 2.4820012730058437e-06
406 9.404829968582308e-06
548 2.6360195427146767e-05
