591 2.28694525311581e-06
429 3.6226007379336436e-06
122 9.242458437102125e-06
141 3.4481524071893247e-06
206 2.311439351275687e-06
224 1.3487373127750151e-05
695 1.785572334895577e-06
702 2.7997627126893655e-06
480 0.00010270994050938899
523 2.6541639313090466e-05
570 2.0124487826032473e-06
80 5.404211422936379e-06
120 8.858468127516942e-06
128 2.8287129159795695e-06
283 6.344815940356733e-06
297 3.173111624420073e-05
302 1.6080711243655656e-06
472 6.451060845213846e-06
488 8.38950017442683e-05
539 5.489354506222117e-07
574 8.422164231915253e-05
662 3.0436909972265086e-05
669 2.373624094129471e-06
701 1.532981835224082e-05
221 7.120845118140211e-05
249 8.721813905369541e-07
372 6.797801527892661e-05
426 8.105597612450994e-06
434 2.6756752051607678e-05
564 3.4780837962582524e-05
587 2.6014377223075434e-05
658 6.55398225527233e-06
692 2.2985479671279483e-06
0 0.000283158024460591
5 5.9690550754673976e-05
32 8.532280279042846e-06
36 6.718892519904614e-06
40 5.6051038936076694e-06
47 5.77881958746199e-06
124 2.6959878103296696e-06
247 5.9091996820821884e-05
251 1.81901240236159e-05
258 4.825140978596889e-05
276 1.4254999621395417e-06
312 3.4183175875127505e-05
332 1.673046495340992e-05
342 7.776024954894508e-06
412 1.1229119838676426e-05
435 7.698071803848054e-07
446 7.683694891216089e-05
485 0.00015315497873335314
500 4.9040203855562894e-06
515 1.2003063174441446e-05
533 7.2181248608111e-07
565 5.8536919437356545e-06
675 3.8543201140567554e-05
679 2.207796913535683e-06
682 6.909143176246162e-07
21 6.732416070828262e-06
34 4.280405952599036e-05
42 9.622235287193495e-05
115 9.747486515267307e-06
160 4.75145273522469e-06
162 2.313637545510934e-06
163 2.4604611141658466e-05
225 4.233595127738854e-05
234 3.1784597630267556e-06
285 7.810824368376645e-06
292 8.547359031692429e-06
306 3.0208496908641523e-06
407 1.5056607285789452e-05
455 4.890997396033593e-05
489 0.00038057043443387207
493 7.956899027272881e-06
518 1.783909823377533e-05
544 4.1346727088292345e-05
608 2.3523603030531083e-06
655 6.664409905286887e-05
588 2.685160154259993e-06
3 0.00013479843200795303
25 3.800645415243861e-07
44 4.119583580382895e-06
48 6.061164283449447e-06
57 3.2482463994393708e-06
116 6.037907312827294e-07
117 1.56007774037841e-06
123 4.0982010170261045e-06
135 2.1344020437772218e-07
143 1.0696963820385344e-07
149 2.0154689023810447e-05
152 3.633970756304093e-06
169 3.4795248171365964e-06
176 3.066534012273824e-06
183 3.162564017098423e-06
191 5.367775884005172e-06
192 1.3303871693366052e-05
226 1.026033347343388e-06
252 4.000247730270952e-05
269 2.9832094423425306e-06
300 2.6370085250183913e-05
315 7.267589598294722e-06
356 2.556674449651202e-06
362 1.359254785585293e-08
363 2.7508877242630183e-05
370 3.1493682281492864e-05
375 3.458948866609351e-06
379 2.2208471709515803e-05
409 3.408907402297659e-05
413 6.521696221070623e-05
420 1.7860345572978064e-08
431 6.897104192988721e-06
486 0.00033926123519787614
497 8.290156835511061e-05
502 1.2066569688499799e-05
503 3.806491924203653e-05
512 1.7795654306066327e-05
547 5.659984324633525e-06
549 0.00012411117208498314
562 2.8619589494880662e-05
569 1.7774129534639462e-06
593 7.64912687196354e-06
659 4.2110166310349425e-05
665 1.38155699182503e-05
693 3.0129861737387494e-06
243 5.503775051624788e-05
575 1.665700499927219e-06
641 1.1591143667915771e-05
1 0.00012231147829591825
6 7.172935699240181e-06
10 0.00016160851992125738
29 0.00019895191243926282
45 8.983080373796543e-08
60 8.901794247670547e-07
65 3.4006495892015065e-06
70 6.483192795315752e-07
86 2.0739472731127235e-07
114 2.9927464203611172e-06
125 5.24073914977485e-06
139 4.471529762135167e-07
158 4.522642011051851e-06
164 1.6277760537281472e-06
168 4.140350342056413e-06
177 3.5502674077996144e-07
181 9.959272494832047e-08
185 1.7976408101749125e-07
189 1.8660858410093152e-07
201 5.337330536274347e-06
253 3.305735959602305e-07
289 2.1361203186268233e-05
308 8.526475010738243e-05
321 7.180026001905379e-06
322 6.351204246783709e-06
350 5.912785955018735e-07
352 1.7963386316428222e-05
364 2.0962269144580368e-05
390 9.923504765157401e-06
445 1.0705081382307733e-06
474 1.2157942176307475e-07
476 8.512798312583388e-08
482 9.075682905432572e-06
504 2.355587016568191e-06
552 2.679005834069091e-06
553 1.5767338434330318e-05
559 4.416156158564344e-07
561 1.989171422588994e-07
568 3.7453184438664595e-07
595 9.332303029529414e-07
609 1.2239892477102615e-05
667 1.2854071634078177e-05
680 2.814192738824978e-06
7 5.121045949910781e-08
8 4.2869984368995604e-08
13 4.486330459227509e-08
14 3.430272949113265e-08
18 1.2477136343291903e-06
35 1.1739553038117094e-06
54 1.150533693391339e-09
61 6.165186332408874e-08
66 2.9774422406981757e-10
83 2.167948795146865e-09
87 0.0001749151145509392
90 9.38171125628546e-08
91 3.3834819719096223e-07
92 2.8198040399681534e-07
95 1.678476229727127e-07
97 2.9297515734755586e-07
98 1.959816976449306e-07
99 2.3828713885260943e-08
100 5.136975098434445e-09
102 2.1030629767096714e-07
103 4.515249421822566e-08
104 3.702222234724744e-08
105 5.2408593942283245e-06
106 2.2296441373942965e-06
108 1.0068754893356992e-08
110 1.0392437874655207e-06
113 4.695656675352472e-06
133 3.470780066219167e-09
134 2.0104528326184152e-09
144 1.2035089394769292e-08
148 1.0109747387217419e-07
154 1.0680629627086137e-06
159 3.426349273539541e-06
166 5.960431881726369e-07
172 1.0576735920376802e-05
202 1.372404782466937e-05
203 3.2953712942434274e-07
207 1.689940475590984e-07
208 1.642200384411374e-07
210 1.079360106383796e-08
212 3.211491085525013e-08
213 9.434702268059257e-09
217 1.4352486022023835e-08
218 2.350852738685791e-09
220 4.4296334047114216e-07
230 4.165010698128239e-06
233 7.805593337417022e-10
235 9.449479037444637e-10
238 3.2852632507020163e-09
239 1.142257833577467e-08
241 5.253429899816452e-08
242 1.1454242217549921e-08
244 3.89762492241404e-07
246 3.0846481504480306e-07
265 1.1221581200940938e-07
266 7.643715174399528e-08
267 2.2133488027670717e-08
270 6.487726009743785e-08
271 4.250560155107974e-08
272 3.7762968969050216e-08
274 2.2184498239201967e-08
278 7.001655920668541e-08
281 2.253460280257681e-07
282 1.8067869409871823e-08
286 3.033157696965547e-06
298 2.2505178198246123e-07
304 2.00855668402843e-06
326 2.129827404338785e-06
328 1.0828615363609878e-05
348 1.899999828483156e-09
349 3.118453835279652e-08
357 3.3189864338405728e-06
359 1.1330992684463305e-05
361 9.75367154831269e-08
365 8.734985372496456e-06
368 1.035668269906989e-10
389 5.88853362663765e-07
395 6.074874873349911e-09
405 8.769581504819534e-05
406 8.282607207043548e-06
432 5.285061175417515e-06
447 3.613399893050745e-08
459 1.2052117940925759e-08
481 0.00017135966928707785
492 3.7803069606111754e-07
506 4.8175190644888724e-06
507 3.294446780764779e-07
511 3.5359241121508844e-07
513 9.85758575182833e-07
516 2.707242608036015e-06
517 4.5208524771003705e-09
519 1.547338860834257e-07
520 2.960360153538602e-07
522 3.653634141913765e-08
525 4.1773628987713964e-07
526 1.788655372774836e-06
527 6.973812988126239e-07
528 6.740113557407141e-06
529 2.068675524060995e-07
530 1.171767579067931e-06
531 1.934330859849827e-08
536 2.452897643299797e-07
542 2.409485706072382e-07
545 3.012370108555776e-06
548 2.398964047365395e-05
551 6.79238008634174e-07
554 1.4145652140656297e-05
563 2.9437220141835874e-08
566 2.2352784379393484e-05
597 1.18197500661852e-06
598 9.945357994616495e-08
600 1.2086022324669445e-07
606 5.206836626271625e-07
607 0.00011785921089746011
611 1.2093929628250509e-06
636 4.50646388800062e-08
666 5.810474812925979e-06
681 2.5210254659915028e-08
687 1.7611818668581926e-07
715 1.929053300515415e-07
717 2.140183961592976e-06
719 6.5795297576166045e-09
2 5.875798551695367e-08
4 2.686195691717096e-07
12 1.0601312582306394e-05
15 2.0843580085728063e-07
16 3.515270460114898e-07
22 7.244124643461373e-08
23 5.979295771174608e-08
24 8.917374060127618e-08
26 2.809821145439129e-07
27 1.26120556782554e-05
28 3.4014504718330426e-05
38 4.9382040122279606e-05
50 1.8947325334192907e-08
52 4.43935119000093e-07
53 5.20757081479866e-08
55 2.7377492286421386e-07
58 7.256060282613304e-07
62 1.725768175406359e-07
63 2.7851996255606963e-09
64 1.2117302682124226e-07
67 1.4695387891650012e-08
68 1.9303021234648026e-07
69 1.878940259049077e-05
71 1.8883273820768214e-07
72 5.446519321632883e-07
74 5.80495927125558e-07
75 1.5506375254337557e-07
76 8.405502227902371e-09
77 7.701117641088695e-09
78 1.6599791685221278e-07
79 5.562898855111696e-08
81 5.922700852005044e-07
82 4.364575567547377e-07
84 8.146089600435336e-07
85 3.215906445323786e-07
89 1.1722554556578044e-06
93 6.743752052470207e-08
101 2.2266350384258354e-08
107 8.48929098094542e-10
109 7.155411473668114e-07
111 3.538304691706013e-08
112 9.699105577926995e-09
118 1.1304135000296157e-09
119 2.0900870048450106e-07
121 1.994313754516816e-08
126 2.6740386837778696e-08
127 1.9060793681563438e-07
131 1.2390688760481543e-06
132 7.335168085731248e-08
137 3.5008036768626776e-09
138 3.080709667815801e-10
140 8.910310814713763e-09
142 2.6484822736502413e-09
145 1.0653946659680532e-05
146 1.1512026244953004e-09
150 3.174700083461768e-09
151 5.356480590339919e-07
153 0.00011258759762256864
155 2.528551458897048e-05
156 3.2326719293098416e-08
157 1.7598287998615547e-06
161 4.207601221652491e-05
165 5.959084444954895e-06
173 8.90141066600372e-07
174 7.175111529427502e-07
175 2.6960398631904506e-07
180 1.847955970937907e-08
182 5.9210533903587603e-08
188 2.5523122291320817e-05
190 7.254870160087192e-07
193 7.378930113142622e-08
194 8.186715980487653e-10
195 9.057847023036051e-08
197 1.7321108762580094e-07
198 9.850174300098962e-09
199 2.3844129478800787e-06
200 1.8084236149348235e-08
204 3.862824069895323e-09
205 6.308432287156902e-08
209 2.058419081477738e-08
211 6.7177986714835265e-06
214 6.99223292975901e-08
215 2.7776580170914476e-09
216 4.8677727913831597e-08
232 4.246679622919755e-09
240 4.509277300915788e-09
245 3.0734141180846555e-05
250 2.051361090919444e-06
254 4.7021711744025325e-09
256 1.1059599767289986e-06
257 1.8527339988680238e-06
259 2.2434288457722147e-07
260 6.162403252092499e-09
261 1.346496869499699e-08
262 1.333121417411823e-08
263 5.3889397212620425e-09
264 1.528789236230635e-07
268 1.054615532073156e-09
273 9.840416031380073e-07
275 6.883819137096718e-09
279 1.1194817741236424e-07
280 6.766806689472869e-08
287 4.269164011405027e-09
288 2.3117563147896526e-09
290 1.3846308676827573e-09
291 5.796483993687237e-08
294 3.601656564181951e-08
295 3.3319559136017407e-07
301 1.6161515156691924e-08
303 1.6677728736929806e-09
307 1.5169654415280014e-07
309 1.3531912011124804e-06
310 6.391237086922053e-08
311 1.8590930995082743e-05
313 3.1627438428281656e-05
316 4.5794049077852795e-07
319 3.500089823996772e-08
329 2.568279022783322e-05
337 1.3036745681429351e-08
338 1.5021607183620053e-07
339 7.705050762056073e-10
344 7.074660997464007e-09
345 1.3726171112511133e-08
346 1.279283673276468e-08
347 2.3761370459301894e-09
351 3.751806601463037e-10
367 7.93936006965423e-08
369 2.898125228040938e-07
371 1.8164665252132508e-07
382 7.438906267218161e-07
383 5.181045205051897e-07
384 3.3240619885565073e-06
385 2.6404083811494068e-08
386 2.365531763307117e-08
387 6.259263003690389e-07
388 3.9647189412867637e-07
391 4.584180868987445e-06
392 1.9281646114677827e-07
393 3.051230357153534e-06
394 4.481943600465607e-09
396 2.095850289239131e-06
397 3.2491538919046043e-09
398 4.6894789039449124e-07
399 3.7051025443982966e-07
400 6.679794836997854e-10
401 1.6241993143149812e-06
402 1.5201858005223472e-06
403 1.0645593594954186e-06
404 3.371310153890247e-09
408 3.4937043886994823e-06
410 1.0316942510576503e-06
411 4.575766801171057e-06
415 1.5826473253162293e-08
417 1.1567157753435125e-06
418 4.563695099285493e-09
419 3.048610435264433e-07
421 1.1736733159795636e-08
422 7.970814201655404e-10
423 1.6562140986424396e-06
424 2.319832054127601e-09
425 3.715697779947193e-09
427 5.165972335333449e-09
428 1.1849242092007869e-08
430 1.428586722116398e-07
433 6.656172752003384e-07
436 3.6174831999861866e-07
437 6.176262405831469e-08
438 1.6456501406472767e-06
439 2.356806411401788e-06
442 4.6008004590724614e-08
443 5.879298598716405e-06
448 3.667599493077938e-08
449 1.740789498250025e-06
451 3.1421398227024794e-06
452 1.0372278475053985e-07
453 2.787798045453215e-07
454 1.4319815300211905e-07
456 5.501464664204219e-07
457 7.727354962492284e-09
458 2.8167688947883345e-07
461 8.304715130880998e-07
462 3.8918876775753696e-07
463 1.8640703113782334e-07
465 2.1228732803463007e-08
466 4.7224665177101707e-07
470 9.647620243047813e-08
477 1.322688169451392e-07
479 4.366479499564907e-08
484 0.00012315572727075147
487 3.2178094812117272e-06
491 7.461293679191646e-05
499 0.000435310464606717
508 2.6258305147708197e-05
510 4.1375980868423455e-07
514 4.6880674491979635e-06
524 2.9896078542936704e-05
532 1.9343620201478745e-07
534 8.974862299979694e-08
535 2.1314716446372804e-06
537 4.298539696796093e-08
540 9.763711020543874e-08
541 2.4340597535603298e-08
556 7.0819077505789515e-06
573 4.7989043456937156e-05
584 6.494960705294949e-06
590 9.154701125293202e-06
596 3.702649564406642e-06
599 7.463684211922239e-08
601 8.588332756436291e-08
602 1.9878121602379403e-07
603 9.639646917575546e-06
605 4.790727176429981e-08
610 1.7122615265495004e-07
612 2.2432486927389974e-07
614 1.5738372788209298e-07
615 1.6779572724422378e-07
616 1.899836180905556e-07
617 2.472404640018383e-07
618 1.1826181784801089e-07
619 1.457180925570632e-07
620 6.381098340178157e-08
621 3.6673152734131994e-08
622 1.1231005687022797e-07
623 1.0857299399208818e-07
625 1.495214099492334e-07
626 1.962207535329926e-07
627 3.189799287158621e-07
628 6.500702390257362e-09
629 9.321346347976857e-09
630 1.0236309915208874e-07
631 5.795878047935028e-08
632 1.6444085739490044e-07
633 1.0986992356149402e-08
635 2.6572637051414167e-09
637 6.391171644547412e-08
638 1.1550617844430161e-08
639 7.27298182650501e-08
640 1.0446688446712849e-07
642 7.399019482535108e-08
643 4.2087959643969824e-08
644 4.1495882577348384e-07
645 1.3885621843189054e-07
646 6.186005962552002e-08
647 6.895210220452303e-08
648 3.423637420721889e-07
649 2.6831341784848233e-07
651 5.975086229215308e-08
699 1.1195178666139091e-07
705 5.878246529348136e-06
706 3.8792485249235026e-06
709 6.833718351441136e-10
710 2.3769935688075576e-06
711 3.693465962702114e-07
712 4.565664554833411e-07
713 2.4621880016304297e-08
714 2.0246104171791894e-06
718 7.617370960214636e-10
720 1.3952939905721873e-09
