11 1.5381674364608887e-05
17 7.308175698238568e-06
19 3.572749430480085e-06
33 2.276766288890362e-05
37 2.320157892228074e-05
39 3.1802179632418754e-06
41 2.5430515291583876e-05
59 2.9630889434879984e-06
73 5.667183702510392e-05
136 2.6764794272571204e-07
167 2.421465704031252e-07
179 9.53200547838187e-07
187 3.0566509332490786e-07
196 5.279945615400643e-06
219 1.2812493931339272e-05
223 8.775976971607377e-06
228 6.32979885875672e-06
231 2.340178226423108e-06
255 4.37610319758164e-06
277 1.5652562659890975e-05
284 1.9362333391775475e-06
296 2.211853035304374e-06
305 4.384979870992726e-06
317 1.954622228002627e-05
324 1.3541885597182953e-05
325 1.2058587596115972e-05
330 2.966128900471636e-06
341 4.042213067852535e-06
354 2.0528454986170586e-06
358 1.590662570994042e-05
360 3.6459934875130324e-05
366 5.309958507823789e-06
374 3.5447333480883608e-06
376 5.776351475964868e-05
377 1.3927464061027523e-06
380 3.439446310653594e-06
381 1.40451477533745e-06
414 1.6525950460460318e-05
441 6.4127783792711025e-06
450 3.0413667464069084e-06
460 2.633844094255921e-06
471 2.0366263840561945e-05
475 1.3623542724394829e-05
478 1.2590382634275669e-05
483 1.8587764335024807e-05
496 6.188186047977061e-06
498 1.314442445755351e-05
501 8.863713842870246e-05
538 1.8811973685336992e-05
550 1.4720598984825488e-05
557 1.0163637510400761e-06
558 3.045136275470045e-06
567 8.848503390146303e-06
572 9.823925920228903e-08
577 3.253653864241461e-06
581 1.8904894629765752e-06
582 2.3309169813362417e-05
613 2.0506827839379427e-05
624 2.47906544521617e-06
652 2.6502868096796957e-07
653 3.4462746819468874e-06
657 1.0577534114415592e-05
661 9.844987182314176e-06
663 6.836276553547826e-06
664 2.3257572237756863e-06
668 1.6430310098250582e-05
670 2.7621170934832415e-05
672 0.00010515655174629696
674 4.942774152565153e-06
676 1.5154493693557673e-05
683 2.463195594555362e-06
684 2.308166104654978e-06
686 3.476576255846983e-06
689 9.008538281347329e-07
691 1.0254625509443895e-05
694 6.869822994953685e-07
696 1.056005809854903e-05
698 2.7924432414097367e-06
707 2.389964490969697e-06
708 6.359143029796018e-07
