9 3.387419804558185e-05
20 3.5036412602873483e-06
30 1.5864178414721544e-05
31 7.367384817288211e-07
43 1.7291440676076612e-06
46 4.146527783292104e-05
49 2.489168613455092e-06
51 4.284202375602021e-06
56 6.438927763328462e-07
88 4.2220193410538106e-05
94 1.9233259804854774e-06
96 3.1573059352558185e-05
129 3.583368147033332e-06
130 1.500749864838555e-06
147 4.6965081165720286e-07
170 4.903819019576504e-06
171 3.5332592430175367e-06
178 5.966088073668125e-07
184 4.4220860296846885e-06
186 4.527005291224888e-06
222 1.7390403546974432e-06
227 1.18605764838576e-06
229 3.5929060269755e-07
236 5.029009581019647e-07
237 2.092534777787685e-06
248 1.3993133344693852e-06
293 3.576831828945504e-06
299 5.428183688945097e-07
314 8.32175076396003e-06
318 1.4148128321031419e-05
320 4.061690397583503e-07
323 1.4326032639818032e-06
327 1.830942696006127e-05
331 4.40268726425785e-06
333 1.0887191059656457e-07
334 8.330924540649925e-06
335 3.9845621781604015e-06
336 1.4710170661251873e-06
340 3.2091269737945116e-05
343 1.3219078544120584e-05
353 3.433559285681506e-06
355 7.737577086523612e-06
373 7.676815786338677e-07
378 2.440725316117788e-06
416 4.034430498612351e-06
440 8.299400186888091e-06
444 3.4914262987203607e-05
464 4.208485796768895e-06
467 4.80844005124267e-05
468 1.8513371350564645e-05
469 1.538720111878163e-05
473 5.425259313828175e-06
490 1.1396249935053545e-05
494 1.0577232376738185e-05
495 4.0910716495991226e-05
505 7.84773145773765e-05
509 7.463720223476355e-06
521 5.649527827614043e-06
543 2.3820701709164566e-05
546 1.9209256427881897e-06
555 5.415993720036045e-06
560 3.7925108165432907e-06
571 1.1396669274031481e-06
576 5.940906633985061e-06
578 7.406214944955092e-05
579 1.259015532027725e-06
580 3.0218651915001555e-06
583 1.108790644448137e-05
585 2.684195432430032e-06
586 3.3157758864803497e-05
589 1.2549881840293351e-05
592 1.101202370668902e-05
594 8.038768642188572e-06
604 4.054815103605372e-06
634 5.166272757251859e-07
650 6.31437124452267e-06
654 6.832973738164002e-05
656 1.5141970321485919e-06
660 6.087560163206851e-05
671 9.315091039124601e-06
673 5.136604323136849e-06
677 6.4887999125397465e-06
678 3.392536199524237e-06
685 3.016519343415525e-06
688 4.0701616682533627e-07
690 4.930938599296136e-06
697 1.8558615045382399e-06
700 1.951111092721024e-06
703 2.5306819251920013e-06
704 5.819980503466737e-06
716 5.486687342506534e-07
