135 3.610180953455707e-07
41 3.283678130806648e-05
57 1.884573040322484e-06
420 2.754826580466889e-08
603 1.3896233978164067e-05
37 3.6835488656495614e-05
172 1.2480596868230654e-05
249 1.139950262034156e-06
167 6.743346500735829e-07
66 5.949067865270037e-09
83 4.239873364385674e-09
100 1.3160245309487749e-08
108 2.161564870312868e-08
133 5.753299929849003e-09
203 9.507896298388177e-07
212 1.4749072302904924e-07
218 3.0574749508624418e-09
233 1.5852684234225605e-08
235 1.0572686852640916e-08
238 1.5540957909834342e-08
239 2.8822925743143792e-08
241 6.0637698655754e-08
245 3.86444736145967e-05
267 4.974070541558528e-08
270 1.043123205373604e-07
271 8.53977974565851e-08
278 8.685703122710245e-08
281 2.815582179897979e-07
321 8.881169633011004e-06
348 6.319305410824013e-09
361 1.7292364184539634e-07
362 2.0362234074819008e-08
368 5.791466768669402e-10
395 6.633223015411702e-09
531 1.9533897740362885e-07
575 2.5827752959662464e-06
2 6.598798334348475e-08
4 2.6259342207823916e-07
5 6.134993781278983e-05
6 1.0325172306099105e-05
7 1.3518334556866328e-07
8 1.4486649543707008e-07
10 0.0001695146232208779
11 2.336319026125258e-05
12 1.0686615802290054e-05
13 5.673344898530121e-08
14 5.144968445068145e-08
15 2.8890424941236116e-07
16 2.798330148251859e-07
17 8.69253583427826e-06
18 1.389082598965859e-06
19 4.3122534999180755e-06
20 4.911362103258258e-06
22 1.5053429427055897e-07
23 7.554768390050361e-08
24 1.490323401544974e-07
26 3.9294290413405347e-07
27 1.5158327458255084e-05
28 3.89368556132854e-05
30 1.8242892108234232e-05
33 2.9822871026199626e-05
36 7.014927665996993e-06
38 4.962848134793386e-05
39 5.565729443586938e-06
40 6.8757377452600875e-06
44 4.988517587008254e-06
45 6.075929075825455e-08
50 2.0800295269421582e-08
52 5.402343579233032e-07
53 9.04110672211939e-08
54 3.068889613508252e-08
55 6.870583666946175e-07
58 1.0012578018852049e-06
59 5.928928830618946e-06
60 7.066816230645302e-07
61 1.548425819996069e-07
62 2.1368266812815233e-07
63 2.523143213704839e-08
64 1.5226266116655125e-07
65 2.7225953146275143e-06
67 9.181226389759481e-08
68 1.203615487206984e-07
69 1.9337400271814132e-05
70 9.047387066765694e-07
71 1.1237274319278601e-07
72 1.5351274518697172e-06
73 6.046130382723638e-05
74 9.726173508617367e-07
75 3.359510747764106e-07
76 1.3549073351128068e-08
77 1.3549073351124152e-08
78 1.4697808676601507e-07
79 5.304088405323044e-08
81 1.3862334641513758e-06
82 2.893070428046512e-07
84 2.507188767729057e-06
85 4.434871371224405e-07
86 1.3545371675622463e-07
87 0.00021389518960883845
89 2.6714499490734524e-06
90 1.8140974175610975e-07
91 6.2310722407146e-07
92 3.763432304394134e-07
93 7.658713692151614e-08
95 2.2054229680769735e-07
97 4.1826790926203423e-07
98 2.2854163980563408e-07
99 3.0524821532225254e-08
101 2.4445722900912336e-08
102 3.005944458791947e-07
103 1.3537551614170176e-07
104 8.572078092499054e-08
105 7.072010448364858e-06
106 2.7737986203601653e-06
107 2.983606418185263e-09
109 7.832679590660602e-07
110 1.2105887619121544e-06
111 4.958732190957306e-08
112 1.4635423572642877e-08
113 6.212454671552125e-06
114 3.205391124824487e-06
115 9.742257150559744e-06
118 8.190043340563041e-09
119 2.284934272401483e-07
121 9.898465327144382e-09
125 6.6936111993461004e-06
126 3.9838791038066627e-08
127 2.2300167394570816e-07
131 1.350206137302705e-06
132 6.638593155193252e-08
134 4.3727998603136605e-09
136 2.921470974069348e-06
137 2.8895640568104006e-09
138 4.281821298833435e-09
139 5.99757725868109e-07
140 7.079196499236069e-09
142 1.2602874137871495e-09
144 1.9003064408598892e-08
146 1.1244311176369367e-09
148 2.6198260200215716e-07
150 3.3493305288838498e-09
151 1.757170619682216e-06
152 1.3379804079495388e-05
153 0.00011600610462833527
154 3.619753366088596e-06
155 2.7731542252895427e-05
156 4.0950359904154875e-08
157 1.6577279628990861e-06
159 3.432254596102399e-06
161 4.954243526678904e-05
162 2.2512155395141336e-06
163 2.9231372653252598e-05
164 1.9621854032331697e-06
166 7.386342390857232e-07
168 4.060841002455013e-06
169 3.524858596957973e-06
173 1.5131529191402928e-06
174 7.192415339492645e-07
175 2.8569123114025355e-07
177 2.544361808942578e-07
179 1.7721776226899169e-06
180 2.267563610835654e-08
181 1.064499213985812e-07
182 5.7172140699970494e-08
183 3.531809743586133e-06
185 1.9171917619368046e-07
187 1.8892174649123232e-06
188 3.167649447849294e-05
189 1.339482192161396e-07
190 9.474227610192238e-07
191 6.107110185380001e-06
192 1.660906429500574e-05
193 7.024871602470774e-08
194 1.2793358030194081e-09
195 9.200477737839987e-08
196 8.173374259835767e-06
197 1.8366810773167274e-07
198 1.3784676921903005e-08
199 2.1754132652290196e-06
200 2.2094776830696234e-08
201 6.4296502736866676e-06
202 1.7141599754263808e-05
204 1.1319302457377318e-08
205 1.9603406684965724e-07
206 3.0186518213639163e-06
207 4.5149594585464904e-07
208 3.712127436839743e-07
209 1.7598791156648255e-08
210 5.527004341437339e-08
211 8.639656895913697e-06
213 8.921215440759201e-08
214 7.418465893204839e-08
215 1.0403628029336033e-09
216 8.964020133352198e-08
217 8.961519587482328e-08
219 1.152695905957223e-05
220 8.0228310908403e-07
221 9.767318264999601e-05
223 8.97688406267608e-06
224 1.4788982023539104e-05
226 1.4243465396074495e-06
228 5.892887188757331e-06
230 3.7200013963903004e-06
231 4.057851775853357e-06
232 1.4992314314979317e-08
234 2.67871956863285e-06
240 1.1227412553756505e-09
242 1.721975225833188e-08
244 9.877834372229353e-07
246 8.756901375045345e-07
250 2.3566365456889126e-06
253 4.620993708810966e-07
254 2.3879477390435752e-08
255 6.408669790764961e-06
256 1.212302252464579e-06
257 2.337243670460789e-06
259 2.55785516827779e-07
260 2.216760184179383e-08
261 1.7949150421873768e-08
262 3.513204557869218e-08
263 1.3135372248648531e-08
264 1.9315167446879707e-07
265 2.0109014509857595e-07
266 1.4717159769873768e-07
268 1.0150905012416838e-08
269 3.603820488442522e-06
272 1.514535923455649e-07
273 1.0302608127191628e-06
274 6.824391274549393e-08
275 3.38503381177858e-08
277 1.5641087551895883e-05
279 1.1076331483631626e-07
280 7.76279642762895e-08
282 4.01064344161621e-08
284 3.461412327669187e-06
285 7.654176138801429e-06
286 3.904377837084608e-06
287 2.4210346212758693e-08
288 1.7994591376677967e-09
289 2.5777511604033305e-05
290 8.124001416807742e-09
291 5.0437545065596947e-08
292 7.966837743036095e-06
294 4.9796160558195383e-08
295 3.590089998327064e-07
296 6.331025246619311e-06
298 4.115117070918408e-07
301 1.2143332814448672e-08
303 1.1004666005443218e-08
304 2.7440758105780532e-06
305 7.172106774905766e-06
306 3.49085295311823e-06
307 1.9456414278547224e-07
308 0.00011021229428443
309 1.4090577935086413e-06
310 9.629881723049682e-08
311 1.8945895880529123e-05
313 3.881354342015242e-05
316 5.215999537670878e-07
317 1.9023826083020247e-05
319 9.707919092578149e-08
322 7.023728715160665e-06
324 1.8633974265801694e-05
325 2.017333568555741e-05
326 2.424755411424123e-06
329 2.3523853492546537e-05
330 4.791042804132092e-06
331 6.67931177752675e-06
335 6.488580361823671e-06
337 4.6533327962163385e-08
338 2.2146732261391324e-07
339 8.627698903867314e-10
341 5.8564102655610905e-06
344 1.028067599540484e-08
345 1.72408434698898e-08
346 1.892975928689049e-08
347 1.9002555818830312e-08
349 9.014155337113702e-08
350 8.119042322404894e-07
351 6.889888780186266e-09
354 4.501843887333199e-06
357 4.090898535800663e-06
358 2.1385012805179934e-05
359 1.547275504158632e-05
360 4.4004926218719845e-05
363 2.468662103323835e-05
364 2.202782760149831e-05
365 1.330330630761077e-05
366 1.1063289282247061e-05
367 8.030220327538106e-08
369 3.0246827700754905e-07
371 2.2427743616529627e-07
372 8.681271976308886e-05
374 3.6092790310797936e-06
376 7.234050866559447e-05
377 2.716033361054751e-06
380 6.0376224530107595e-06
381 2.3188790622432187e-06
382 8.500663197768549e-07
383 5.661220564872586e-07
384 3.934262728495615e-06
385 3.970947855032334e-08
386 1.8977782021798975e-08
387 6.844398568407388e-07
388 2.7852365088270276e-07
389 7.166284001755323e-07
390 1.1272722694604093e-05
391 5.00451267456664e-06
392 2.1380062251750982e-07
393 3.554605386475461e-06
394 3.579675087113866e-09
396 2.434351538898706e-06
397 3.1752143026728732e-09
398 6.277115148144456e-07
399 4.101377210618102e-07
400 1.1505858869392559e-10
401 1.8800762794003345e-06
402 1.7658954450337064e-06
403 1.2130014336238161e-06
404 1.2272671892269436e-08
405 0.00010267849970467036
406 1.0793498360909237e-05
407 1.7070466161735336e-05
408 6.502639628085852e-06
409 4.3110090502727714e-05
410 1.2132523462726313e-06
411 1.0010568350737146e-05
413 7.600067896172765e-05
414 2.384929029631461e-05
415 4.220937590090327e-09
417 1.2914012065076575e-06
418 8.665076492951462e-10
419 3.6193041959371075e-07
421 9.880635636356476e-09
422 6.675424509236145e-10
423 2.1508529982325686e-06
424 4.178816781182727e-09
425 6.6259911399149814e-09
426 8.806418397628923e-06
427 4.202597708697103e-09
428 1.298113296036257e-08
429 3.4215326822567594e-06
430 2.1684580702557205e-07
432 6.966179807622956e-06
433 9.008713636796789e-07
434 2.5203787677922482e-05
436 5.346742194487888e-07
437 7.61956678839702e-08
438 3.2223508380035288e-06
439 2.7551606974033837e-06
441 1.5027902969264541e-05
442 1.2697315436543769e-07
443 7.290447220639078e-06
445 1.2995474574980716e-06
446 0.00010900789336512303
447 1.1039541834166506e-07
448 7.793760463968798e-08
449 4.327835673058644e-06
450 1.0352981610545708e-05
451 3.4858643100197438e-06
452 1.1981899525804912e-07
453 2.9609428141368726e-07
454 2.1553509366999334e-07
455 5.542911489183015e-05
456 1.2524790886618968e-06
457 4.942293366345469e-09
458 5.072036080197585e-07
459 2.6334707847748855e-08
460 8.223784483497428e-06
461 8.533678298135759e-07
462 6.385365666227425e-07
463 6.13151705931187e-07
465 4.646817784775951e-08
466 6.053337657262611e-07
468 2.4112134263380452e-05
470 2.2704251521102216e-07
471 2.8220504131710506e-05
474 1.9011681855404937e-07
475 1.7219094533728565e-05
476 9.143043112275204e-08
477 1.20808733286525e-07
478 1.489445049261394e-05
479 2.3631231445932856e-08
481 0.00016979892647738863
482 1.3854422316367046e-05
483 2.041523576432844e-05
487 3.620043909702659e-06
489 0.000477999389202057
491 9.332103646295257e-05
492 5.187080526029751e-07
493 9.818332967504109e-06
494 1.1395342827710348e-05
496 7.343691285416324e-06
498 2.0554063740791623e-05
499 0.0005559389274435933
501 0.00010854135141570532
504 3.5866368501911933e-06
506 6.965402558779942e-06
507 8.922525779094164e-07
508 3.150402640616994e-05
510 5.619064297795494e-07
511 2.3264400979296648e-06
513 5.8035919147675185e-06
514 6.262858921157607e-06
516 5.166234346156464e-06
517 9.249503041078001e-09
518 1.8141851233247347e-05
519 1.8905801953176357e-07
520 9.082649145237138e-07
522 2.484535558769409e-07
523 1.9826663944907787e-05
525 2.3752304134793404e-06
526 2.5479888765959168e-06
527 1.1632159630049267e-06
528 8.393700726707505e-06
529 4.556535386508381e-07
530 1.771387856077542e-06
532 3.080514733980609e-07
534 1.6016400991253124e-07
535 2.4674979936921927e-06
536 2.2087219036957855e-06
537 1.3655543427201855e-07
538 1.693543971601469e-05
540 1.5576047891030533e-07
541 5.47677348283695e-08
542 1.7981062867704276e-06
545 4.050195882304805e-06
548 2.5612516931063023e-05
550 1.145565243515145e-05
551 9.041134679972373e-07
552 3.2319660088238082e-06
553 1.600093292097762e-05
556 7.5031228295731016e-06
557 2.542502266055775e-06
558 5.397098261856552e-06
559 6.49914843584888e-07
561 1.827558992523219e-07
563 4.052204773390537e-08
567 1.5803035131460733e-05
568 4.411101728094506e-07
569 1.7461689243363568e-06
570 2.0536096715503357e-06
572 1.0111243587984808e-06
573 5.544101796151516e-05
574 9.971941985313846e-05
577 5.265820556959529e-06
578 8.814206194180959e-05
581 4.542355253294923e-06
582 2.8863287286579855e-05
584 4.797095670761216e-06
587 2.62284033590116e-05
588 3.242754001887828e-06
590 1.352234000606208e-05
595 1.2357130755713874e-06
597 1.3620898878603778e-06
598 1.8443643068839484e-07
599 2.660121903915965e-07
600 4.950692710080603e-07
601 2.1136775025549043e-07
602 5.470619539025219e-07
605 8.190678145712148e-08
606 8.173193937814916e-07
607 0.0001684950257976687
608 1.5037489473530633e-06
609 1.620166954377174e-05
610 1.9955041184889967e-07
611 1.5130124944280718e-06
612 4.3255064180897474e-07
613 3.1004820979717514e-05
614 1.607683727756842e-07
615 2.1714249112353068e-07
616 2.4181117470035764e-07
617 3.7833947814613637e-07
618 2.154915563949972e-07
619 2.577713764595519e-07
620 1.5087950872988263e-07
621 1.1302120953126652e-07
622 2.611446715531131e-07
623 3.327113189660599e-07
624 5.184140659515114e-06
625 3.8394840566084984e-07
626 3.8643183469397545e-07
627 6.219244392229756e-07
628 5.3454736361667014e-08
629 8.407766620181545e-08
630 3.5477263919401945e-07
631 2.452750077568781e-07
632 8.038804247653258e-07
633 1.0579428008055233e-07
635 8.446643444870327e-08
636 1.771902071204547e-07
637 2.3478913779599298e-07
638 7.846323457459959e-08
639 1.7044361936307406e-07
640 1.8903252109245627e-07
641 1.5944530197942948e-05
642 1.3320575933736283e-07
643 6.610327046255637e-08
644 8.58132195467126e-07
645 4.352675391611071e-07
646 1.2187610234046627e-07
647 1.5701843428794726e-07
648 4.020330054883712e-07
649 3.885265236081123e-07
651 1.687841356126663e-07
652 6.025996205585048e-07
653 8.530825279823473e-06
655 6.618706183268823e-05
657 1.8568140197011307e-05
658 6.192200402550127e-06
660 8.00264003005185e-05
661 1.887918443788774e-05
663 1.3810808205013451e-05
664 3.7198902356415042e-06
666 6.295822713225902e-06
668 2.4668064346204297e-05
670 3.53526971874488e-05
672 0.00011429688461632394
674 8.194099364531654e-06
676 1.6744785339748878e-05
680 4.369327989252287e-06
681 6.72625588003792e-08
683 2.9822994184796833e-06
684 2.953709779007039e-06
686 3.5185547117219717e-06
687 1.7862698188222723e-07
689 7.061447753122716e-06
691 1.234768506092549e-05
692 2.6189875272808634e-06
693 4.070464428353276e-06
694 1.0559426866868336e-06
696 1.2973265633911962e-05
698 4.202378205981065e-06
699 9.292900702105342e-08
701 1.5752457991596756e-05
705 8.23293779987022e-06
706 4.420472074417851e-06
707 2.2684561164538115e-06
708 1.301450811966968e-06
709 6.398008085314125e-11
710 2.7608199437425514e-06
711 4.0431769354248305e-07
712 7.89831214680874e-07
713 8.187469496577459e-08
714 3.11986977784604e-06
715 3.078728360009545e-07
717 2.361943582346707e-06
718 5.257355013673268e-11
719 2.564278838711104e-08
720 8.504128840647822e-09
