0 0.00023407399979000746
1 0.00012303196610649855
3 0.00015302858312064288
9 2.6884510037852392e-05
21 8.70938898970364e-06
25 5.05295660082544e-07
29 0.00020618855099687066
32 8.492206628375942e-06
34 3.610189805990453e-05
35 1.5142079957642754e-06
42 8.354854989707406e-05
46 3.682510680949813e-05
47 5.462137433316012e-06
48 5.700313736602305e-06
51 7.2467878960855215e-06
56 1.1219154659018272e-06
94 3.4148944726312453e-06
116 8.291038725952283e-07
120 7.337970078856548e-06
141 2.804197470223133e-06
143 1.1684351535599396e-07
145 1.0799955986952174e-05
147 4.6661784887522856e-07
149 1.6340649719569618e-05
158 3.904660389008401e-06
160 4.018506694633019e-06
165 5.299967544706602e-06
170 5.916631560257334e-06
178 6.275881559746062e-07
225 4.9847242081370424e-05
243 4.776544890513708e-05
247 4.68828298496994e-05
248 1.7156461087469404e-06
252 3.953084211597169e-05
283 6.2709790614874725e-06
299 7.839212327286031e-07
302 1.3990388626026942e-06
320 6.879516351161265e-07
323 1.5420041823108936e-06
328 1.329956807993558e-05
332 1.8381989311133973e-05
333 4.3814231116868926e-07
352 2.1241802649776e-05
373 1.478432739840436e-06
378 5.565825413556029e-06
379 2.168168815299979e-05
435 8.565065166632109e-07
480 0.00010988543394863502
484 0.00012036490811858137
485 0.00015176336425452063
486 0.00044067534104680583
500 4.3583880826245015e-06
502 9.55657457113993e-06
503 3.9428884916901606e-05
505 7.326730477599191e-05
521 7.3720530005554265e-06
524 4.546878253358362e-05
533 7.106161627706905e-07
539 2.947576564911296e-07
544 4.275424480300242e-05
547 9.709524968548353e-06
562 2.8999889214079622e-05
564 4.031211040213305e-05
571 1.7027356552497084e-06
592 1.3054685768935855e-05
593 9.850053227172689e-06
594 9.879574438995908e-06
604 7.316231333500766e-06
634 1.164694699371182e-06
665 1.295679000542719e-05
667 1.4411735053272816e-05
675 3.4401267152421385e-05
685 4.317524462539967e-06
702 1.6690169976511421e-06
716 9.453370180141618e-07
171 7.127507674137553e-06
297 2.5705645247806726e-05
300 2.6988435734004843e-05
314 1.0474015567383376e-05
353 4.053210770133168e-06
355 1.0141194756846751e-05
412 1.0484414133615106e-05
555 5.596118387315345e-06
560 6.651869740970251e-06
585 4.9355886539933495e-06
656 2.1742814599883268e-06
673 7.1503122686125615e-06
677 1.1725912855073487e-05
697 4.479456958466136e-06
703 6.513539109891868e-06
342 8.167997505482004e-06
129 3.361895365883007e-06
184 3.7133443005207964e-06
227 4.377526642509126e-06
229 4.4288349415652775e-07
251 1.4060758371210862e-05
276 6.81331379450474e-07
293 8.693708253375323e-06
334 1.3333613983431108e-05
336 4.017402212278756e-06
343 1.1731985886651488e-05
370 3.301105709022308e-05
416 7.801002090473287e-06
440 8.09868630591929e-06
444 2.3184525751137365e-05
464 9.774549581796589e-06
543 2.9878132616869174e-05
576 9.516698866260259e-06
583 1.581643475185856e-05
589 1.3090315883927734e-05
671 1.577428754641593e-05
700 5.2132596932214414e-06
43 3.414557440688327e-06
80 6.233732753654624e-06
96 3.346321312596162e-05
122 9.56233594130554e-06
124 1.868358663818336e-06
128 2.441581420059182e-06
130 5.585902590690985e-06
176 3.83650669933739e-06
222 5.283995519628628e-06
237 3.3406270651211842e-06
312 2.7511012594906202e-05
327 2.4965310686756198e-05
356 2.8448030759380133e-06
375 3.987218097739548e-06
472 6.510686682471228e-06
490 1.8054096305472268e-05
512 3.062773486472968e-05
515 1.245196765119841e-05
546 5.6856461584371336e-06
586 4.662060819838982e-05
591 3.123893264588485e-06
596 5.150667180237614e-06
662 2.2780379302347193e-05
669 2.647034659147867e-06
688 4.800971511398633e-07
31 1.6420384350827764e-06
88 5.858609522876537e-05
123 5.239133481550712e-06
186 6.095428058293332e-06
236 9.895946544926931e-07
315 8.429460969965873e-06
340 4.984780018481544e-05
431 1.2003207895757174e-05
467 7.494404726790363e-05
497 0.00010159508818837704
549 0.00013295562098065433
566 2.7226033677211342e-05
579 2.653639628624212e-06
580 5.466239088532758e-06
650 1.0860335841202024e-05
659 3.5513987686953936e-05
682 9.965360899139912e-07
704 7.019308811749368e-06
49 2.9399082108225227e-06
117 1.8830314686111737e-06
258 6.575076754048637e-05
473 9.722493747737111e-06
488 9.35513598783625e-05
495 5.6291860250652776e-05
509 1.2304757379532411e-05
554 1.7068897925981694e-05
565 5.125484672698903e-06
654 8.844714123199652e-05
679 1.4596806940459279e-06
690 1.1103558815126698e-05
318 2.3252415989392124e-05
469 2.5728282910058517e-05
678 5.431087985055171e-06
695 2.3168464575327874e-06
