16
0.01506555555908939 0.019073937176926247
0.009816091180691046 0.024331826191738768
-0.006916177046548499 0.01997755516152105
-0.016223028329531496 0.023085738336284686
-0.0038024796490199143 0.0013813560972231564
-0.0032012138816124476 0.002312266764997871
-0.010039137013734295 0.004812696389100511
-0.01557233850039708 0.00767671667215441
-0.0180928580871477 0.00963297834276213
-0.0052513715887983845 0.012601223376511891
0.004014388489052504 -0.002681880115266529
-0.008335440471398304 -0.01189397393124053
-0.026668340795996375 0.023894851005618837
-0.011359893024776949 0.02291716403523174
0.009091178769643774 0.0196600234024284
-0.0002855598722696755 0.0016036365981866325
