16
-0.016250414180159895 -0.0115670149396179
-0.014348337587081558 -0.025333330008449253
0.011853240900283349 -0.020172916037737455
0.02466836746546167 -0.018263399454453162
0.00474986262641843 -0.008110178830490741
0.0021246766041207827 -0.016627132023288062
0.014572656474060697 -0.0009772425354002412
0.02227183823724674 -0.0001260369863580435
0.012309522336257902 -0.012269578464593487
0.0027278540808406636 -0.013652467668503775
-0.003785682865550591 0.006446581088191293
0.002796827394153273 0.010595968230178677
0.019888010646473615 -0.016652723276328812
0.008939269649511888 -0.015620470436777676
-0.006483864753635204 -0.008226017791444698
-0.008962242578250002 -0.013141790560217827
