20 3.7922053542014287e-06
30 1.6847839342446972e-05
31 6.900243404800207e-07
43 1.891353961283152e-06
51 3.952007492848693e-06
56 7.145142370603588e-07
88 4.4913396267162545e-05
94 1.93424587022298e-06
96 3.453156724167269e-05
130 1.2336028275966203e-06
147 5.94276313780477e-07
170 5.137545221049422e-06
171 4.099807578250314e-06
178 6.034822392680504e-07
184 5.359190668015288e-06
186 4.126043978377212e-06
222 1.7284029903908857e-06
227 1.3624008768176954e-06
229 4.002566306887093e-07
236 3.8755124247362494e-07
237 2.2118931092048874e-06
248 1.5736413120502583e-06
293 3.710037803627916e-06
299 7.198562978918781e-07
314 1.0210200158554638e-05
318 1.1555005508725436e-05
320 4.852216177782155e-07
327 1.9566264093743837e-05
331 3.996921822559906e-06
333 6.940916915187487e-08
334 9.465835717510631e-06
335 4.160303163165864e-06
336 1.4335473729256611e-06
340 3.267745660665788e-05
355 8.48440706330808e-06
373 8.401855909265016e-07
378 2.1907951097500593e-06
416 4.065840040879917e-06
464 4.457058382615367e-06
467 4.9697784212821195e-05
468 1.755815583907015e-05
469 1.6433890945211995e-05
473 5.423422988631207e-06
490 1.1247491614393164e-05
494 1.0885903836211893e-05
495 4.4101905191094535e-05
505 8.543542392408641e-05
509 7.894946420100404e-06
521 6.132592918316046e-06
543 2.718820763354076e-05
546 1.7508617681624222e-06
560 4.873995554381619e-06
576 6.361307945336248e-06
579 1.1955180554543025e-06
580 3.133656701488155e-06
583 1.2381907508589236e-05
585 3.217526262357818e-06
586 3.5365373393881696e-05
589 1.2858389754366933e-05
592 1.2650636704938177e-05
594 8.711559269439752e-06
604 4.179811134572482e-06
634 5.962465980058793e-07
650 5.227476981595896e-06
654 7.2012511176348e-05
656 1.6852191889850065e-06
660 6.300912803765674e-05
671 9.285355329357887e-06
673 5.316831484796972e-06
677 7.792070702110947e-06
678 2.5577298292691394e-06
685 2.8813804416990954e-06
688 3.4484396777791405e-07
690 4.34815748661919e-06
697 3.642225911868448e-06
700 2.1402007241086095e-06
703 2.9211123170259217e-06
716 6.100537819188018e-07
578 7.964667229439416e-05
206 2.2897147895169764e-06
224 1.3184260511969204e-05
695 1.7482484106079392e-06
115 9.55651547978005e-06
