17 7.77408479817331e-06
33 2.465065069713216e-05
37 2.4635232342359355e-05
39 3.2476206589089013e-06
41 2.716558560437297e-05
59 3.145544272896302e-06
73 6.010683888328692e-05
136 2.8626867452762846e-07
179 9.736148588218966e-07
187 3.0317490753489775e-07
196 5.709556638441058e-06
219 1.3724349891456165e-05
223 9.318855565284129e-06
228 6.7742174199652974e-06
231 2.4813004634778582e-06
255 4.8029142131940646e-06
277 1.738638942951722e-05
296 2.4708177511630926e-06
305 4.6306347424767375e-06
317 2.063825086582923e-05
324 1.5047665858302901e-05
325 1.2693836081570254e-05
330 3.1533131870883367e-06
341 4.3645227997375435e-06
354 2.0923325952855158e-06
358 1.7250090833460547e-05
360 3.882526639557109e-05
366 5.644390326724145e-06
374 3.7620487640209234e-06
377 1.4141754847370954e-06
380 3.726524443889889e-06
381 1.4929232110833006e-06
414 1.801927999027215e-05
441 6.80770331129671e-06
450 3.2468785365442194e-06
460 2.782107111123079e-06
471 2.2212441191433186e-05
475 1.4427874403475288e-05
478 1.34330020118097e-05
483 1.9897183818471853e-05
496 6.626386040795495e-06
498 1.3841546335919096e-05
501 9.42467344357457e-05
538 1.9265796381927874e-05
550 1.5082601676261777e-05
557 1.0219989750058269e-06
558 3.142418857552894e-06
567 9.313379815163265e-06
572 1.1078345889688205e-07
577 3.3769040165532154e-06
581 1.909918920831033e-06
582 2.450910348383543e-05
613 2.192676600581457e-05
624 2.500944978911892e-06
652 2.899027618549264e-07
653 3.7312494014365814e-06
657 1.1776546278045825e-05
661 1.0219421181858267e-05
663 7.032892395575319e-06
664 2.36924634569953e-06
668 1.7841538079965256e-05
670 2.956075698554558e-05
672 0.00011147091884685699
674 5.181353911547723e-06
676 1.608356879432779e-05
683 2.642099743770121e-06
684 2.447797371372597e-06
686 3.709245278820864e-06
689 9.215376847829346e-07
691 1.0949739860419618e-05
694 7.130658056409262e-07
696 1.1910192908969734e-05
698 2.9685136125926176e-06
707 2.5204300789841215e-06
708 6.79833005404172e-07
284 2.055251333627094e-06
167 2.545504290478976e-07
