376 6.21683605634861e-05
480 0.00010950571928313857
523 2.7199654403922742e-05
564 3.698761069587627e-05
570 2.0435102647583206e-06
120 9.33947626363662e-06
472 7.105105770855242e-06
669 2.5497276700794726e-06
701 1.6180637643253636e-05
221 7.58525319990891e-05
372 7.16797703767759e-05
0 0.0003017776611951184
124 2.811898579994345e-06
485 0.0001621065961207657
515 1.3324574051696247e-05
565 5.807208085579228e-06
679 2.2168203596051893e-06
682 7.308581543140937e-07
544 4.40365329340926e-05
34 4.5714316461632625e-05
42 0.00010220626521055755
162 2.3868891137469765e-06
390 1.0428027655797466e-05
407 1.4670714743934486e-05
493 8.429455569681737e-06
658 6.59205399853519e-06
3 0.0001438542428439368
97 2.5277172359061004e-07
149 2.1828201307976807e-05
169 3.6875692586628293e-06
183 3.14394180907358e-06
252 4.25883040572589e-05
269 3.118544186151735e-06
270 6.346850292016997e-08
356 2.7955276833084148e-06
362 1.4830793705825516e-08
379 2.3704024706068722e-05
406 8.751985732308524e-06
409 3.5895411219559334e-05
420 2.3342170619085885e-08
486 0.0003624246067444967
548 2.5536487188231395e-05
569 1.7335229621672916e-06
715 1.5942518102082516e-07
168 4.358981133012361e-06
1 0.00013081752122453871
65 3.430801530347059e-06
114 3.1903163602928013e-06
164 1.711939749836131e-06
185 1.3580767195967225e-07
191 5.5533896616250025e-06
253 3.566867640486183e-07
308 9.173813484079688e-05
352 1.9081027540820403e-05
364 2.190604507209854e-05
455 5.253211517309352e-05
499 0.00046419547163136226
504 2.478090784159616e-06
559 4.855750482965954e-07
587 2.7209423074539276e-05
655 6.912966958080447e-05
680 2.9753819498292063e-06
7 1.1456155821505922e-07
14 1.0805654886115906e-08
29 0.00021152474897080778
66 2.001226999591826e-09
90 1.0884757375059304e-07
103 4.426923086618303e-08
133 2.170504568559414e-09
230 4.26678255801891e-06
239 2.0113203803573478e-08
272 6.771545952888112e-08
286 3.2491621074667093e-06
298 2.5453492650742707e-07
326 2.1578221933839095e-06
348 8.925479059632575e-09
350 6.093089843735145e-07
492 6.810808078896537e-07
507 4.493659013998629e-07
511 7.726000319347153e-07
525 7.861442608940021e-07
527 7.746212252216294e-07
529 2.57445809377617e-07
599 1.3739573363664882e-07
601 5.3148171018140056e-08
603 1.0109037208923902e-05
636 1.4915138240160034e-07
4 2.9805335276832255e-07
22 1.4695949576936427e-07
27 1.3639196912816937e-05
55 2.9268574950801817e-07
62 2.0346750408386842e-07
68 7.844427848553755e-08
74 5.144134086791756e-07
78 1.5007470234070172e-07
109 7.739159890372871e-07
125 5.442130288230227e-06
144 6.169499435227822e-09
146 4.2186451972918247e-10
165 6.328457900700961e-06
173 9.433622710192262e-07
195 7.041621420141534e-08
205 1.1214359869909609e-07
268 4.648796665099985e-09
288 5.590804070525087e-10
295 3.1850089581831177e-07
311 1.9424672999483557e-05
316 2.906745032574418e-07
347 1.19901701522128e-08
393 3.444670065498087e-06
400 8.37895904353102e-09
456 5.129996798832109e-07
458 1.8283165681029935e-07
462 2.8757393666701273e-07
470 5.143336761911212e-08
510 6.070747100053622e-07
524 3.187521939132402e-05
623 8.694743364786546e-08
626 1.4342424571670165e-07
628 1.6206324448983985e-08
632 9.548160713030698e-08
635 2.6656336766352108e-08
54 2.9661379668610217e-08
67 1.1523652285546834e-07
102 1.64551143216141e-07
104 4.891516640898324e-08
110 1.1065095372210607e-06
194 1.968050029362282e-10
203 4.0822252089052673e-07
260 1.4577328246382852e-08
274 2.118445467410704e-08
303 2.754747614234925e-08
319 1.287865435397907e-07
349 2.4834659798274168e-08
361 1.0416302198888594e-07
365 9.344160944745276e-06
371 1.3664895070981827e-07
404 5.859870691727964e-08
447 3.612867815092274e-08
484 0.00013146784125482098
506 5.395634134736224e-06
517 5.548293975783738e-09
526 1.9157799031226444e-06
598 2.0355173478511053e-07
600 1.1741693668675513e-07
602 7.983481149501674e-08
681 1.0024456256935532e-07
15 2.946447397109311e-07
23 9.493477852632204e-08
64 1.3165265759481848e-07
75 1.225305896079048e-07
77 1.3091620877481984e-08
84 5.835770439206232e-07
89 1.2469077874609946e-06
138 2.2619619638767968e-10
158 4.7913080352772235e-06
174 7.333829507786548e-07
177 2.7872146374574084e-07
204 1.0602125075720831e-08
225 4.526604230922088e-05
259 2.490615581900196e-07
287 1.3927902614329034e-08
313 3.343382604140726e-05
329 2.6630711481688307e-05
369 3.211276888553447e-07
389 6.944742948926466e-07
397 2.165430777613589e-08
399 4.5286398992783233e-07
415 2.53328202232268e-08
442 5.275431400195124e-08
457 7.114658933537217e-09
463 9.334229045266181e-08
622 1.0607646942575628e-07
625 1.0939093496026936e-07
627 2.2418875094423367e-07
629 2.100631752661068e-08
631 3.4276493268260804e-08
633 2.1651076674402876e-08
649 2.5867455207710194e-07
60 8.738929332305764e-07
139 4.4637517069880685e-07
445 1.1344447452844704e-06
595 9.94580550311552e-07
667 1.3680171628354142e-05
83 7.58844910915656e-10
207 3.404858745553501e-07
217 1.3853615511365258e-07
235 1.8337904134709014e-08
459 7.395008538978587e-09
52 4.3751855475894423e-07
119 2.135097686732979e-07
175 2.6211268355833675e-07
309 1.4788739003827652e-06
398 6.902759928597539e-07
443 6.391553501509621e-06
630 6.849069446377606e-08
8 2.0232203096182085e-07
63 4.783675181006288e-08
238 4.221803526511134e-08
271 3.8855049739080496e-08
290 4.1399614654758145e-08
513 1.6677023185488999e-06
605 5.763308249502494e-08
50 1.3737686867411077e-08
118 9.07620892272974e-10
430 1.579124590543881e-07
448 3.183404947776812e-08
665 1.4729354946933801e-05
597 1.3215603535113246e-06
76 9.116788645835946e-09
425 1.208124128149762e-08
126 3.7319460781642546e-08
413 6.905127907212646e-05
21 7.153074465500327e-06
99 7.474463573086858e-09
551 7.074813122501272e-07
563 3.1938466700199376e-08
719 2.1645408020520863e-08
127 2.3636118578144612e-07
190 7.797200317032158e-07
487 3.4854935112725805e-06
711 3.5460926266394883e-07
208 3.254814900676884e-07
156 7.384874835515201e-08
273 1.144235941012997e-06
520 3.5930349176454645e-07
516 3.139345848873793e-06
519 1.7993452158413098e-07
402 1.8350105767704161e-06
465 8.856523688693683e-09
621 9.527089602661298e-09
216 1.061888861061866e-07
242 3.219523913733606e-08
401 1.940329542484493e-06
403 1.274973890038455e-06
410 1.3212698540234286e-06
215 1.1166739841293751e-09
497 8.862100542664883e-05
568 4.1012803940505297e-07
108 3.9302965408433345e-09
606 3.0858158530988023e-07
151 1.0593308265515472e-06
396 2.449540418399501e-06
411 5.001699609619029e-06
439 2.422986774044557e-06
449 1.444818576993901e-06
134 1.4465962603637351e-09
28 3.670371825041861e-05
150 1.7107396208055095e-09
461 6.718783933697587e-07
85 2.3835845210199237e-07
388 5.229474558396569e-07
391 5.021943828502282e-06
713 1.297143425996796e-08
244 6.19361965026899e-07
107 4.3825499854734636e-10
256 1.1440004365031415e-06
310 3.366937676867884e-09
620 1.3902397096149302e-08
714 2.142415337923208e-06
429 3.830960897214004e-06
561 2.2170836097495813e-07
199 2.7698959309346426e-06
234 3.3295004208611812e-06
489 0.00040531648608130343
189 1.8413077594112764e-07
13 1.7774766076022193e-08
522 5.928249016209287e-08
72 3.972304909739757e-07
193 3.710161600470117e-08
291 1.1540930120392022e-08
392 2.161221717293365e-07
418 6.3480295090149984e-09
438 1.5138977458125701e-06
637 2.4490635069094112e-08
638 1.961387383308182e-08
535 2.677760160832584e-06
6 7.462167571963815e-06
285 8.274036534420441e-06
161 4.508041249961444e-05
213 4.369634020955096e-08
140 4.371878849568532e-09
214 6.890871398930884e-08
419 3.42056168348016e-07
421 1.97004291983088e-08
155 2.701832207134054e-05
394 5.685705456350367e-09
289 2.2996180565548676e-05
408 3.855628040860957e-06
452 7.832175877938838e-08
451 3.1183034689040685e-06
453 1.3007310594559697e-07
514 5.4950886118295066e-06
246 4.6653221333794043e-07
86 2.2134284465102724e-07
718 1.3102510407714228e-09
98 1.4506282764754776e-07
607 0.0001255356109340909
145 1.1417387617598001e-05
424 5.513238415223244e-09
152 4.309659486599153e-06
518 1.9209976368540344e-05
172 1.1311418361492062e-05
154 1.6066994962486807e-06
79 4.914857674080625e-09
639 3.054331247793485e-08
283 6.715482860393562e-06
647 1.746073485322224e-08
370 3.383582917508117e-05
112 4.63466724500434e-09
382 8.659549217866802e-07
437 4.0008781481033714e-08
212 6.017607429239658e-08
12 1.1241011056456956e-05
612 7.524261904036635e-08
687 8.774821250399094e-08
157 1.879715574118165e-06
395 2.659802853165903e-09
16 5.483442903369526e-07
261 1.3884962741995248e-08
153 0.00012116494866983113
351 1.2417455111495784e-09
609 1.2110970274568116e-05
537 2.350684751450454e-08
282 4.686666123277398e-09
232 7.30361276309778e-09
247 6.252449779252796e-05
241 5.140459161251827e-08
532 2.875697323492028e-07
573 5.1280365272444524e-05
619 7.013343695391644e-08
220 5.421878240744771e-07
281 1.9592058158891206e-07
240 3.259477182044977e-09
363 2.931429963094782e-05
530 1.2520057798264159e-06
528 7.170966374529939e-06
384 3.642569547731375e-06
428 2.1243572274015162e-08
292 8.740768105221618e-06
427 1.1393085581867073e-08
433 5.824805865654943e-07
93 5.5678209293766565e-08
339 4.6329372681551013e-10
386 1.5590567130825375e-08
197 1.691603967496456e-07
466 4.126159887556474e-07
446 8.063985536123288e-05
106 2.4889621161236736e-06
531 2.4011907269432036e-08
111 2.7283344976512267e-08
710 2.3813472524444626e-06
81 5.41959261584595e-07
180 9.501609204929314e-09
646 4.591509337103801e-08
58 6.719926540673501e-07
712 3.604482063154419e-07
591 2.4471332268603672e-06
375 3.66307132473434e-06
160 5.0198228657333374e-06
488 8.915332025099428e-05
338 1.2322374221047163e-07
536 4.1156269187566804e-07
263 4.8781487811566356e-09
181 8.762031542048242e-08
95 1.193357012946881e-07
71 1.6534241232038845e-07
640 1.8636316903713507e-08
69 2.0090697912742306e-05
142 1.5674383275086068e-09
491 7.997239702891647e-05
574 9.00011434231667e-05
61 5.772015863091044e-08
105 5.780764068948732e-06
233 3.9737783748356034e-09
262 5.672897668107534e-09
645 4.418248672654414e-08
226 1.245346942922265e-06
307 9.201645348199064e-08
267 1.542126174774633e-08
422 2.4919131866203603e-09
644 3.5550262244125076e-07
385 1.511484901173553e-08
512 1.9636099569510778e-05
306 3.1841447147418686e-06
315 7.56795233727772e-06
611 1.0229330794040553e-06
26 1.99111714021033e-07
121 6.284111171402526e-09
279 9.374531037609807e-08
618 1.8794157551062483e-08
643 3.8612091475050436e-08
53 2.910514925054813e-08
405 9.354869075659197e-05
426 8.547217511131214e-06
201 5.4727264609034055e-06
482 9.679320751996916e-06
720 2.8892991325874007e-09
91 2.929599971180578e-07
10 0.00017188480303111732
70 5.466227121965452e-07
278 4.9840218642396244e-08
368 2.528935549594616e-10
280 4.8465560370043724e-08
301 2.3159115907821334e-10
610 6.061020696668259e-08
254 5.1893387921955325e-09
651 1.8329375506014434e-08
575 1.7759304086037795e-06
265 8.499275979464564e-08
337 3.0256749235293124e-09
264 1.450189991478897e-07
5 6.351405853318075e-05
412 1.1853604305166828e-05
24 8.220547150064536e-08
200 1.9976347253300383e-08
275 2.2157300584650895e-09
45 1.0096341769236024e-07
477 1.4840200905546434e-07
641 1.2082183365666552e-05
198 1.281963064013732e-09
617 9.857975309463362e-08
92 2.223322276202225e-07
346 1.3005471819822119e-09
202 1.4821228109086147e-05
159 3.669852129397078e-06
556 7.77015618986076e-06
188 2.7263296073549368e-05
431 7.456858828153724e-06
80 5.718113163382035e-06
128 3.137116593833884e-06
302 1.7550005672274152e-06
322 6.605998214546499e-06
552 2.8461043987151794e-06
534 7.185589441519913e-08
300 2.8121200646460913e-05
82 4.01665609294668e-07
100 1.5614587036731798e-09
294 1.948214289251126e-08
454 7.533977566075113e-08
474 1.1494619994028942e-07
476 7.026331838169065e-08
553 1.7127412897793735e-05
642 4.417594387210692e-08
367 5.383736188394962e-08
541 1.145096002245731e-09
648 2.0911356335444534e-07
699 7.916659075750824e-08
328 1.1699966285188494e-05
540 3.4905706335615134e-08
57 3.485319930395142e-06
135 2.369124063164488e-07
18 1.3371406173583097e-06
166 6.397194188700379e-07
383 5.705682738829094e-07
250 2.21154580510091e-06
321 7.5387414688741604e-06
148 1.6866795375382277e-07
566 2.405343660770792e-05
131 1.2656993714953772e-06
182 3.359183344265984e-08
209 8.142413192288417e-09
38 5.26718337406112e-05
137 6.443344795681091e-10
345 3.680467230023593e-09
117 1.5269082412510327e-06
266 4.5463437032531384e-08
2 4.853177592954194e-08
210 1.212915585803115e-08
344 1.7509122285083483e-10
387 6.739401527887138e-07
436 1.6796569583904272e-07
481 0.00018309653466282703
709 5.169337905028626e-10
706 4.277196720436755e-06
276 1.5271184728047053e-06
359 1.2228248216439489e-05
122 1.0224831906771081e-05
343 1.421967354855051e-05
116 6.430218619728144e-07
101 1.91888726708605e-08
479 3.56587647342212e-08
616 6.531149593316481e-08
218 3.886390672074435e-10
614 3.846990867689201e-08
542 2.7715598335347274e-07
132 5.4945637574871125e-08
615 3.878721088428871e-08
163 2.638600379989527e-05
357 3.5537457575407346e-06
435 8.397783143689008e-07
25 4.1287854828295543e-07
423 1.8250729048621627e-06
342 8.445568163146357e-06
257 2.0405976898663677e-06
539 5.836145962085146e-07
533 7.920489485051118e-07
417 1.251806300030216e-06
