11 1.5984690453265174e-05
571 1.3246141774837865e-06
444 3.7627664080469486e-05
249 5.6570644630457e-07
46 4.363966631517367e-05
555 3.921147590555865e-06
19 3.1503107049212606e-06
545 1.4370668111282789e-06
692 1.2551399006392998e-06
323 8.968421848703084e-07
40 4.029270929308571e-06
143 9.622275332373062e-08
693 2.638096675741897e-06
243 5.2512853775713384e-05
304 1.5654285785822064e-06
432 1.9454729861795e-06
666 4.761394324061987e-06
49 2.124629757429474e-06
434 2.817961938312889e-05
44 3.388758376956729e-06
588 2.8706182960620523e-06
717 1.87041218694854e-06
440 6.4339836323927595e-06
36 5.587998815738197e-06
705 5.280122214057087e-06
608 2.0710061931600054e-06
211 5.3800032572943e-06
353 3.062086402917883e-06
113 2.0738099154679235e-06
141 2.12577887528558e-06
9 3.3643616144482944e-05
704 4.2132413756929225e-06
662 1.65414925959752e-05
549 0.000112071180507538
129 2.4838132680300854e-06
297 3.4322673934981525e-05
702 2.18258044779401e-06
176 3.027896835609295e-06
47 5.2645014350008195e-06
500 4.273083487685365e-06
675 3.452937452322144e-05
258 4.701672480234856e-05
32 9.106349229522134e-06
48 5.779887643486251e-06
123 8.676480701134903e-07
251 7.295331293721485e-06
312 1.7044110037614855e-05
332 1.7388280895195423e-05
562 2.3343597097014935e-05
35 1.1549441741009078e-06
192 1.0952888232645775e-05
502 7.531971867621197e-06
503 3.5140566548927156e-05
547 5.734752683821956e-06
593 7.90312581464499e-06
659 2.7787224272178086e-05
245 3.094131459073927e-05
596 2.7121650459371905e-06
87 0.00017151834409525913
508 1.418786772395402e-05
554 7.921189414001484e-06
584 6.009786152999268e-06
590 8.680761319610674e-06
