499 0.0005328258517022212
188 3.366920710376565e-05
405 0.00010646849232493544
286 3.7011637493226365e-06
595 1.7788274868978905e-06
573 5.039794234268632e-05
28 4.005632549501002e-05
91 1.1617598501099144e-07
185 5.7954291333818193e-08
154 6.46721659279896e-07
201 4.499897610299225e-06
313 4.731550717253597e-05
106 2.2224300275618775e-06
86 3.508164891039842e-08
315 5.758148775879677e-06
535 1.8420319317493379e-06
669 2.9543969910889827e-06
383 5.092354403805806e-07
177 1.4122272355575274e-07
445 1.1552273007637263e-06
18 1.5303567865112673e-06
269 3.1019072884614454e-06
189 5.13692087310811e-08
250 2.140134752581161e-06
135 1.6569193711804586e-07
139 5.367670534334873e-07
419 2.6422378667195705e-07
60 6.334237075645602e-07
362 1.0047519775565018e-08
363 2.6317769935374786e-05
553 1.4383176808894375e-05
359 1.337904400388509e-05
244 1.801747024809374e-07
514 4.577934133883712e-06
246 1.7726308387504756e-07
89 3.893260807233128e-07
105 6.684376475679853e-06
152 3.3554997492409548e-06
406 9.80054290585091e-06
609 1.0614653672427342e-05
641 1.2016975599633031e-05
97 1.1678090240653794e-07
27 1.3608790397675137e-05
569 1.4675176323887849e-06
556 8.654656956136247e-06
199 1.0665000995976448e-06
6 4.4105980186411506e-06
431 5.9743573674748864e-06
300 2.7358201454214744e-05
356 2.8012760608705603e-06
393 6.284114174556094e-06
497 9.131342318243702e-05
409 4.0448942623014064e-05
45 3.704011780329657e-08
396 4.023473949864517e-06
408 5.869538832768245e-06
391 9.653244093074197e-06
311 1.8604259967375745e-05
384 7.114271611466508e-06
428 3.7114098639858197e-09
339 1.1462043015603253e-10
195 4.989675473684826e-08
202 1.5890011358027348e-05
193 1.8619730513328003e-08
295 3.2251169333816016e-07
146 3.036061364175872e-10
513 8.239580570419103e-07
420 7.472192992924619e-09
166 7.110709936995536e-07
597 1.8885459892296288e-06
