51 4.838652969151236e-06
178 4.7491295695236365e-07
231 2.2939682657809e-06
478 1.4236754241036583e-05
505 8.714681163970714e-05
558 3.3221980092169946e-06
589 1.1452389926329531e-05
653 2.7113060509595756e-06
56 1.230780026478097e-06
94 2.1744430818772794e-06
245 2.882047509129968e-05
248 1.3895200314133293e-06
312 2.690422848753748e-05
321 7.113009039966433e-06
475 1.4139753491878908e-05
594 1.06673598452772e-05
141 1.5330476327665148e-06
249 4.051990977011396e-07
314 9.466737919034603e-06
355 7.92884223155283e-06
469 1.5761508811283203e-05
473 6.692169934199367e-06
708 6.782868279059376e-07
73 6.264797662599854e-05
444 2.5348142602122187e-05
471 2.1479270458988036e-05
588 3.5989517511206736e-06
608 9.851378620869702e-07
695 1.4025433544291643e-06
702 1.4182821322347779e-06
705 9.992092708205937e-07
467 5.810006355449241e-05
131 3.56823896253369e-07
196 1.4232222976715024e-06
277 4.006618703685976e-06
299 6.552926032531819e-07
320 3.934073291233762e-07
333 7.068270330417024e-08
426 8.18197431708964e-06
496 6.335613679081881e-06
129 1.5494052341058601e-06
229 2.2645515938057346e-07
440 8.675689129298794e-06
652 3.3704800668899464e-07
657 9.960668146188251e-06
683 2.549074575679863e-06
716 5.972884996984574e-07
376 6.046036698494448e-05
501 0.00011672099288430163
381 1.130954743975355e-06
236 4.093349945367658e-07
284 2.4147825306281733e-06
656 1.0676639814181607e-06
694 1.397570727314918e-07
584 4.213825094064833e-06
335 4.634581129128503e-06
228 3.504960649175402e-06
222 1.742497863045651e-06
237 2.3135718975044752e-06
255 4.990163454648825e-07
318 6.814932659514509e-06
570 1.0791523646175888e-06
585 2.719076356934809e-06
130 1.4086488632438526e-06
508 9.783171707549745e-06
654 6.133725443705218e-05
441 7.896384792289632e-06
136 3.8833908022862377e-07
167 1.0377962782813307e-07
187 3.376403742542082e-07
227 1.4641353298345344e-06
341 4.496539253195977e-06
432 1.4701121172975747e-06
450 5.343172497299133e-06
550 2.80030828768279e-06
586 3.9602153187422726e-05
678 5.916769968264959e-07
688 5.2367483099058346e-08
700 2.313849555318188e-06
223 5.866915968919296e-06
179 3.469782061982685e-07
186 1.119759205608593e-06
206 1.5566225141734257e-06
698 2.625020879910058e-06
658 2.115235677893136e-06
693 2.8522540356311984e-06
686 4.826803217474972e-06
660 5.957527509823961e-05
672 0.00010709525026878793
327 2.0450074520513606e-05
697 1.1615865887600798e-06
666 5.000006482828578e-06
572 1.2351906502284186e-07
689 1.3685396842582179e-06
49 2.108671974259204e-06
44 3.7947081954813528e-06
224 1.0546763255456195e-05
331 3.6170331091467256e-06
230 2.5665740706071713e-06
390 8.216286484621703e-06
19 3.2005393811131536e-06
483 2.8958350186187583e-05
88 5.271864621410699e-05
717 2.940582620765081e-06
