128 1.4304711410663946e-06
123 1.6032217332696404e-06
549 0.00013140346099957707
374 3.8709358011337866e-06
413 6.620231038228854e-05
184 2.9434777540102036e-06
9 2.5728069728722005e-05
292 5.368933239536354e-06
566 2.3794467780192107e-05
343 1.0293749236524889e-05
326 3.00880978719416e-06
276 4.268266537136803e-07
561 1.0212065878670732e-07
306 3.182697084492738e-06
435 7.471349990432101e-07
539 2.374095211033213e-07
680 3.3693228642705546e-06
65 1.7523132736476201e-06
302 1.2312922748570532e-06
308 9.386967776209352e-05
455 4.424176704398899e-05
512 1.6465186724494213e-05
515 2.477753396624816e-06
489 0.0004121592686619042
407 5.664668678936119e-06
372 6.928404590960492e-05
360 3.933172849030533e-05
297 2.8175193882823693e-05
554 8.157274742354562e-06
706 2.8630093531396273e-06
472 7.989921674434975e-06
163 3.187011452635372e-05
226 9.426770012673357e-07
559 3.821677756828579e-07
565 2.0577326109325826e-06
446 6.82237780236593e-05
375 3.7545696666108025e-06
124 8.382303635598338e-07
176 2.122600319273147e-06
234 2.1342727521056473e-06
285 6.800937844091161e-06
342 7.131622193575855e-06
364 2.4511533592900106e-05
370 3.371664750353882e-05
679 9.626016772773308e-07
289 2.2534463802242683e-05
488 9.148877707715359e-05
