575 2.5597645696620775e-06
603 1.069854697276096e-05
449 1.3772529422037287e-06
140 2.2939141342484166e-09
457 4.3614283858366175e-09
438 1.5341394494301486e-06
443 6.8323103544972455e-06
516 2.9246684416204668e-06
172 1.2462714477349256e-05
402 3.2586952032903806e-06
144 3.2560949854485373e-09
203 2.7370217261598387e-07
479 1.0607267746683833e-08
410 2.1206529247585296e-06
421 6.36220902938256e-09
98 6.848177733982577e-08
401 1.7431792203911095e-06
411 4.91546232757145e-06
710 2.2742659831749156e-06
92 1.6653388107576045e-07
102 1.1174274611826457e-07
181 7.471989109220495e-08
425 2.576029990548539e-09
477 8.868518789046118e-08
687 4.1213999342531254e-08
715 8.50237896618871e-08
382 7.793411980200011e-07
95 4.80334617689762e-08
182 9.952893626132698e-09
427 2.3125302219662296e-09
148 1.1715540226790315e-07
265 7.927974078605891e-08
278 1.908626415055681e-08
371 1.3342824344463814e-07
418 6.628998070843729e-10
552 3.1312195253863933e-06
266 1.9971382806668416e-08
281 1.3517220558874972e-07
58 5.085908942739674e-07
70 2.9487078132224603e-07
72 2.3257747827191943e-07
81 2.9477292016487543e-07
84 4.0935608335544693e-07
151 2.5278040902121195e-07
316 2.7564951609040256e-07
433 4.2506978459358205e-07
451 2.8687837301121535e-06
456 4.098579357187476e-07
458 1.33662612246522e-07
466 2.2821782796277258e-07
511 2.5472620022727835e-07
525 2.9292556210316455e-07
528 5.986612913847247e-06
542 1.6061751831313825e-07
711 1.6227550084246556e-07
712 1.768349618526996e-07
82 1.8215858145765621e-07
190 8.085618705926553e-07
68 8.615117085830138e-08
208 1.5149371500574568e-07
415 3.256688936765937e-09
507 3.123657015453919e-07
103 2.3273484299867366e-08
338 1.1468726513839697e-07
699 4.4661622798802016e-08
399 4.7429499355342004e-07
530 1.2024762321534255e-06
127 2.1946744044424556e-07
398 4.6439913977920403e-07
709 6.050351268997297e-11
90 4.8565155931157796e-08
100 2.8953744303710956e-10
220 3.355502063677956e-07
298 2.2542054370804898e-07
424 2.7139530982769554e-09
112 3.4861018648964826e-09
241 5.128818784471519e-08
395 1.5461896290885217e-10
240 4.2907769138554937e-10
506 5.0857782086840725e-06
242 6.2806499220290185e-09
368 2.691541024898379e-11
361 9.206735071249465e-08
369 3.346338132882632e-07
159 4.160711843420361e-06
365 1.0953661273977965e-05
12 1.222117419788892e-05
173 1.0170527440477594e-06
174 7.474646570138594e-07
110 1.133424524666367e-06
175 2.646725772828515e-07
61 3.444439384393483e-08
214 7.309906314122123e-08
714 2.252337749476306e-06
23 1.726463611557891e-08
64 1.4590078900117857e-07
101 2.3559488570604588e-08
126 2.6753523697310036e-08
205 5.682739147781523e-08
263 9.773607573894633e-09
275 6.261775875111444e-09
287 1.8937468865807753e-08
294 3.1039321456134963e-09
349 1.972334548553346e-08
387 6.728973674462244e-07
430 1.0686414579594128e-07
448 6.306361514365244e-08
476 2.6838462912041565e-08
527 6.982987222639535e-07
532 1.82736810068764e-07
563 3.012873177116273e-08
599 6.174344143535107e-08
610 8.940302741415528e-08
615 2.8787500744991708e-08
619 9.059428300976467e-08
623 9.417395988580873e-08
629 5.1795811872553645e-08
635 5.618219455535577e-08
639 5.642091234384979e-08
645 2.912933434348682e-08
649 2.8384466702522265e-07
681 1.0870456424383378e-08
16 2.1236995955240728e-07
74 4.7229254103633523e-07
520 1.2763119777131264e-07
536 1.922619104112876e-07
606 2.478850890802923e-07
611 8.959399561305888e-07
644 3.1513951066766284e-07
26 1.0507726353073726e-07
55 2.8984912211187967e-07
75 1.0239212917854303e-07
85 1.0809137931217363e-07
157 1.6621139156838157e-06
309 1.3860392318390076e-06
388 2.787320538143383e-07
436 6.693168172912678e-08
439 2.489360659423481e-06
461 6.435203672530177e-07
463 8.57352795547896e-08
470 1.46144342457558e-08
474 4.872009075125657e-08
526 1.934992405167726e-06
600 1.562722541567668e-08
627 2.0095560315274165e-07
632 8.334007565216992e-08
271 7.133088953450103e-09
403 1.1696125535958789e-06
7 7.94435483932946e-08
24 1.2428859004223558e-07
54 7.891001280234008e-09
104 4.106905368411341e-08
118 8.454273223122488e-10
132 4.618475068659944e-08
138 4.023614095208599e-10
198 1.0456375193906177e-08
218 1.9194243588621334e-10
254 1.4659313656750676e-08
260 1.4085461890930294e-08
264 1.4749712813413063e-07
270 3.084321186563019e-08
301 9.156546096209147e-09
337 4.970227066534204e-09
389 6.206446631904453e-07
437 3.707118062178776e-08
452 1.0720846165582183e-07
529 1.9473893701258976e-07
534 8.253511019815681e-08
601 3.658877952182743e-08
612 6.178962978561299e-08
616 3.1808096317836825e-08
620 2.4316587994719527e-08
625 1.1975976621246057e-07
630 7.387938182509015e-08
636 1.0150923498710386e-07
640 3.110331886940041e-08
651 2.8802582775122837e-08
720 3.897408940570871e-09
52 4.461600123088545e-07
272 2.448963716876799e-08
8 8.508096280982313e-08
67 5.000590828195986e-08
99 1.0894283418422598e-08
180 2.985935192087061e-09
200 1.694586339134727e-08
238 1.2908063208303133e-09
280 5.539443568131593e-08
303 7.886066378732121e-09
385 1.874846634285321e-08
453 9.437892192428916e-08
462 3.1538926570203854e-07
510 4.4055107148872295e-07
522 2.2159973951086897e-08
537 5.196425523244782e-08
602 6.490074461156985e-08
617 5.698672243598684e-08
621 2.2174389213036888e-08
626 1.384893994215128e-07
631 4.060891503750444e-08
637 4.3491548698135035e-08
642 2.7831599682517714e-08
647 3.843772810454817e-08
713 5.022372986954195e-08
212 8.006542470106007e-09
22 1.2390591715150364e-07
63 2.0004434921760905e-08
111 2.502329816723365e-08
134 5.852462223247512e-10
216 5.123396948017662e-08
239 9.744207493856084e-09
262 1.2095969353189257e-08
274 5.585709889183087e-09
282 5.699206505802298e-09
319 7.543229438645318e-08
392 2.0982400586925965e-07
422 4.499343871621196e-11
447 4.692081113480051e-08
454 9.0025170892683e-08
487 6.951591025720139e-06
517 4.675413041178324e-09
540 7.278770854945757e-08
605 6.265298914444012e-08
614 5.6834895939879175e-08
618 2.336131165378163e-08
622 9.729302389704026e-08
628 3.7896669488035796e-08
633 5.161909982023024e-08
638 5.5868515469961795e-08
643 3.565196206446651e-08
648 1.9487095076822945e-07
492 4.415769487225672e-07
53 2.058759833420773e-08
76 1.0203414391753843e-09
83 1.9459473066930756e-10
93 7.407599759326909e-08
108 4.9656568214294146e-12
137 1.1016166476093107e-10
194 1.7850795081233192e-10
217 6.633817209593919e-09
233 9.417311144098887e-11
259 2.5729161978764116e-07
307 6.802204223845397e-08
345 9.17063221437653e-09
404 8.26583468793174e-09
541 2.2512192857521675e-08
719 3.7799333076181846e-09
119 2.2948945282700226e-07
367 4.7533346423693216e-08
394 3.5989927270471023e-09
13 1.8504052543254502e-08
66 9.439011153012791e-11
77 1.0203414391753845e-09
109 8.402963499010084e-07
213 1.984818669603275e-09
235 7.828393848175295e-10
279 8.405876778239314e-08
288 5.2883173419046796e-11
310 1.4385839920762524e-08
346 3.4340519340346014e-09
351 1.0634940108744055e-09
397 1.8098459036413058e-09
459 6.123181067576705e-09
519 1.3268123735556985e-07
646 9.937776226686276e-08
69 2.1638028423377166e-05
207 1.4393581178492815e-07
2 6.33828564900027e-08
14 1.5985987843801256e-08
62 2.029984452720737e-07
78 1.382314630144638e-07
121 1.470892281373584e-09
133 8.072741832452699e-11
142 4.264034399100012e-11
156 3.734701635612204e-08
209 1.3130585247625814e-08
215 5.3269140391917646e-11
256 1.1756487112138049e-06
261 1.5000034007383976e-08
267 1.0537975106011868e-08
273 1.0481767143441247e-06
290 6.348858794489589e-09
347 9.530573257269558e-09
442 7.202137571294723e-08
551 7.643548418779343e-07
197 1.7154943899102526e-07
4 2.959469313592544e-07
15 2.7850589310318095e-07
50 1.5892468396744234e-09
71 8.452432939944636e-08
79 3.2804900747760404e-08
107 8.602883086719251e-10
150 2.9066195154259447e-09
204 8.612235012389389e-09
210 9.506335083381487e-09
232 4.8396697561921024e-09
268 6.698782596600387e-09
291 5.355274421068749e-09
344 3.5257027572365983e-09
348 6.234177527277623e-12
386 7.973740547124178e-09
400 4.6752397486656844e-11
465 2.1293465464772458e-08
531 4.571754511133904e-09
598 8.768326300004245e-08
718 5.342229705069137e-11
