170 5.566091502787094e-06
41 2.974419745482515e-05
562 2.640792776797857e-05
659 3.133547148417284e-05
147 9.283831933348074e-07
500 4.711210819482864e-06
675 3.337190410889357e-05
503 3.1192760174325216e-05
283 5.9816687749288236e-06
57 3.3532852777739255e-06
117 9.138944125199593e-07
47 6.119892918441505e-06
486 0.00037308202312490786
46 4.098878684001311e-05
480 8.179295662605659e-05
485 0.00012425611524233558
34 3.1646379092398655e-05
145 1.0673036391046392e-05
21 7.121882248920514e-06
544 4.53544019997425e-05
564 2.6419415352690944e-05
0 0.00028189702070654566
42 7.816921697806739e-05
221 6.957409821296017e-05
243 4.009984063269119e-05
3 0.00016016733093289235
149 1.424467323769257e-05
160 3.2743487750182283e-06
225 4.34223663408277e-05
247 4.522132088080133e-05
252 3.661327583329501e-05
379 2.214441088497344e-05
484 0.00013247668100126983
593 1.1606391451774536e-05
607 0.00015414682570643505
35 1.3119844359286493e-06
125 5.901284655823604e-06
524 2.6978950042057927e-05
667 1.510942480245921e-05
1 0.00015460573031648504
29 0.0002208128385165928
48 5.9421336120907915e-06
158 4.042851418749719e-06
165 4.875498612298143e-06
352 2.124395242131421e-05
665 1.4234327517520433e-05
120 7.37896023189695e-06
114 2.594849409214005e-06
25 3.2771234592967297e-07
32 8.055100721939232e-06
328 1.214366781603464e-05
257 2.4249766491961326e-06
568 3.701629892963398e-07
332 1.8158865029251298e-05
412 1.0456138798941837e-05
116 6.155617149462058e-07
