37 1.7107804324426955e-05
502 6.091669533636288e-06
322 2.368107016858497e-06
325 6.256780741735554e-06
358 2.7059351197532065e-06
582 1.9355710526234166e-05
671 7.214335315119499e-06
676 6.902843751046827e-06
251 6.243735932680066e-06
305 2.3564237051763738e-06
468 7.915213302753196e-06
521 1.261287308132632e-05
538 1.7055013886868514e-05
592 5.621799754748403e-06
604 1.522251788321692e-06
685 2.0946494345002854e-06
567 5.859911975856665e-06
11 5.474246540968501e-06
31 1.9977361187450574e-07
39 2.7803343387656235e-06
113 1.489942785731903e-06
115 2.5983168406521254e-06
171 2.004304938367254e-06
296 6.997054805744363e-07
330 2.110453522188362e-06
353 2.1409603455914365e-06
366 2.2393800236067176e-06
377 9.152667909618439e-07
414 8.044944200087416e-06
545 3.9178800144291066e-07
555 3.0326476146430025e-07
560 1.123259025648815e-06
571 6.137071781864087e-08
577 2.8408529971983292e-06
580 3.072203803010057e-06
596 1.5516981126600435e-06
624 5.28413083943884e-07
650 8.606597355794368e-07
662 8.899405473697752e-06
664 4.0162572636619255e-07
668 4.462506186109909e-06
674 6.203505839556044e-06
684 2.2853518603259202e-07
690 1.1709831581737197e-06
703 2.2448168525209505e-06
543 1.4716972875040349e-05
576 3.967155604572047e-06
43 2.4327110864877578e-06
324 7.945281281847277e-06
380 2.6155144793079963e-06
36 5.073725710309038e-06
587 1.7702640699878186e-05
33 6.856029139081033e-06
59 1.332126249583247e-06
293 6.039483614360157e-07
323 7.325830841880199e-07
336 6.883066013844001e-07
354 2.0040568025295292e-06
373 3.837554451010989e-07
378 7.607038953020634e-07
416 2.15758170264651e-06
460 2.326578296734955e-06
490 9.350480456976005e-06
546 1.883604460767513e-06
557 7.987149924996424e-07
579 6.049783421089199e-07
581 8.949009509659305e-07
590 1.3640054688103468e-05
634 3.774071397899692e-07
661 5.575892596006662e-06
663 1.8408302271259592e-06
670 2.0308953723058576e-05
673 2.2390578215972837e-06
677 1.4272456703696762e-06
692 7.570678326241126e-07
334 3.857252639363497e-06
464 3.661521910868018e-06
583 1.2416346204913204e-05
691 4.538879020312012e-06
317 6.890464936208501e-06
613 2.6574820475159425e-05
40 3.89778371025391e-06
498 9.743718444620305e-06
