417 1.3752779215925968e-06
504 4.2975565141909015e-06
707 1.7487564952946636e-06
491 9.413975215595352e-05
96 3.125294806494953e-05
495 3.8726243257037304e-05
704 3.6038165888474723e-06
493 1.1902109070775566e-05
533 3.6536877273690293e-07
547 9.774841792240746e-06
482 1.2277512319733936e-05
30 1.813297974573913e-05
211 4.746132690022084e-06
191 3.410178424551933e-06
429 3.46844194642431e-06
434 2.1600466557817913e-05
509 1.0877314721569153e-05
258 5.63727329799427e-05
304 1.7507589640333314e-06
696 9.59119736759357e-06
17 8.560417091629014e-06
350 6.458082295032492e-07
5 5.782589385276439e-05
153 0.0001034887393640267
162 2.0541537726491057e-06
168 4.842101512603546e-06
518 1.6414187852991076e-05
578 7.721328594656598e-05
701 1.0280716392245862e-05
357 4.99432940381193e-06
87 0.00016387264513914324
155 3.5271393478228686e-05
169 4.100917841577294e-06
481 0.000182792756093412
494 9.955530926864624e-06
548 2.671016661667244e-05
253 2.8440765428445235e-07
20 4.202753616476622e-06
38 5.2660446322378436e-05
164 2.3597416445724985e-06
219 1.4310219353180316e-05
329 1.865026794553389e-05
340 3.902458722455452e-05
655 5.848769328402995e-05
10 0.00019494330589189585
122 3.2414131650819926e-06
161 5.494970254581571e-05
192 1.1651487447725234e-05
523 1.3129829806251191e-05
574 0.0001112397860837823
80 5.007544861308108e-06
143 1.3854741005558544e-08
591 2.8383857442706327e-06
423 1.5424919268114823e-06
183 2.7279579969230885e-06
682 6.74617500711729e-07
