0 0.00025415896268787445
1 0.00014223833328105292
2 8.889589227960793e-08
3 0.00014051861103778546
4 4.5247168507759314e-07
7 1.7592257591793448e-07
8 1.9046843290025183e-07
12 1.8150467346353322e-05
13 4.763505975604996e-08
14 5.128664593847397e-08
15 3.9809738546557737e-07
21 6.584446384014918e-06
22 2.2833412837160196e-07
23 1.4692213773851865e-07
24 2.2090461711213384e-07
26 2.7973739777641043e-07
29 0.0001930629645740268
34 2.499425698978002e-05
35 1.2814242168767565e-06
42 6.334331776244129e-05
45 4.672876989400649e-08
46 3.493058713453382e-05
47 6.122613880370111e-06
48 4.601979155417122e-06
50 5.2877813716869904e-09
52 8.998087288348129e-07
53 4.2182395968023944e-08
54 2.9194365834740405e-08
55 4.92796579831518e-07
57 3.5185235388750137e-06
58 9.82090975167716e-07
61 5.7415785641248474e-08
62 2.3829910458263975e-07
63 4.861900895412069e-08
64 1.727616350909111e-07
66 6.704745503779844e-10
67 1.459645579019367e-07
68 1.6420751836268718e-07
71 9.297330996434001e-08
75 4.4177794391372465e-07
76 7.651963192593808e-09
77 7.651963192593833e-09
78 2.622966568957381e-07
79 8.970843138259122e-08
82 1.8138169890399993e-07
83 9.775912638697614e-10
85 5.856664568858906e-07
86 9.248149410401836e-08
90 7.853035155434507e-08
91 1.781309677172594e-07
92 1.6718950821195572e-07
93 1.053351212214287e-07
95 3.989054214594805e-08
97 1.4636464775055371e-07
98 5.720048382030955e-08
99 3.5073838836550625e-08
100 4.600050623337173e-10
101 3.05830555936989e-08
102 1.3499990817555826e-07
103 2.541592448148086e-08
104 6.738833409403399e-08
106 2.5047070064964123e-06
107 2.6372885860564233e-09
108 1.40338330485415e-09
109 8.790929399066042e-07
110 1.1364218087082415e-06
111 2.8716330578195823e-08
112 2.4098866547511873e-09
118 4.714032433786949e-09
119 2.436537379541022e-07
121 1.1763481295716004e-08
126 4.316230943684858e-08
127 2.0937532152544753e-07
132 6.31267435352603e-08
133 3.031664348296947e-10
134 2.574524692882584e-09
135 2.2712697082276817e-07
137 8.523147309422689e-10
138 2.187889350612816e-09
139 5.779110841326503e-07
140 1.4635671072855877e-09
142 4.759401339932082e-10
144 1.5521955339877306e-09
145 9.798547355103823e-06
146 3.45878405719081e-10
148 1.3069834116568882e-07
149 1.1842505769617184e-05
150 8.284549384611287e-09
156 8.583959739125632e-08
157 1.7139505292699033e-06
158 2.41790420558675e-06
160 2.929033422078393e-06
165 3.3047212894616066e-06
170 5.572925114259653e-06
172 1.2650638067460917e-05
173 1.0183039593535968e-06
174 9.191933919519372e-07
175 2.856651337533846e-07
177 2.765997703864803e-07
180 1.1456591795123208e-08
181 8.054001492385034e-08
182 5.735392306818602e-09
185 1.0812182729507973e-07
189 1.426212339953523e-07
190 8.143723900025991e-07
193 1.835061346055667e-08
194 8.025384978055362e-10
195 5.8434505582816965e-08
197 1.7486427257041285e-07
198 2.929958135503767e-08
200 2.7396051193772196e-08
203 2.1783443687227195e-07
204 2.7716288918163473e-08
205 1.41014775323422e-07
207 2.0065633117772874e-07
208 1.8809077358268983e-07
209 4.290794108595746e-08
210 2.393926749074496e-08
212 3.240798528596659e-08
213 1.974069172390636e-08
214 7.505490585356444e-08
215 4.116451947177013e-10
216 7.312163231598723e-08
217 1.9088062398540435e-08
218 1.1409782629620025e-09
220 4.3523402587305767e-07
232 1.0881071803921923e-08
233 2.602310823881487e-09
235 4.761616287778951e-09
238 7.501562673167015e-09
239 1.4466644264993284e-08
240 3.5377106532559907e-10
241 5.198332204887355e-08
242 6.6571711424313806e-09
244 3.407037502062931e-07
246 3.2086151755972686e-07
254 3.668530618825921e-08
256 1.2669514507939983e-06
257 2.394620885613446e-06
259 2.678831991437816e-07
260 3.554254234439932e-08
261 1.7516817248816506e-08
262 2.79811166215162e-08
263 2.981658450413824e-08
264 1.6263499982139042e-07
265 9.700252748234286e-08
266 4.833046851327154e-08
267 1.7199759361555257e-08
268 1.9715980311377947e-08
270 4.651496885865587e-08
271 1.574509936413466e-08
272 5.078068088222991e-08
273 1.6024198542771408e-06
274 1.62797360067358e-08
275 2.124958692406206e-08
278 1.207857357983249e-08
279 1.2379987268521752e-07
280 9.226239781087574e-08
281 1.3924664191655699e-07
282 2.358889649210416e-08
283 5.568699616080264e-06
286 3.932224009295371e-06
287 4.640321962929529e-08
288 7.002281869380143e-10
290 1.8740888856218036e-08
291 1.649376942068017e-08
294 1.8546500449287815e-08
295 3.092995725813379e-07
298 2.5983682030600477e-07
301 2.8007091839565283e-08
303 2.496677315397902e-08
307 2.0797738361739294e-07
309 1.8728314820324466e-06
310 5.717753329964587e-08
316 3.003975848852533e-07
319 1.8408772384333753e-07
337 1.944051588126732e-08
338 1.6013237188448746e-07
339 2.0749810324960323e-10
344 1.048041450927196e-08
345 1.7073178307024857e-08
346 1.08513035720397e-08
347 2.5932784119750383e-08
348 3.4878825981959614e-10
349 3.163161069676222e-08
351 3.79708170432159e-09
352 2.097014522372348e-05
361 8.657500930125253e-08
362 1.690549780328453e-08
365 1.1334305412108862e-05
367 5.450439458010862e-08
368 2.4013473101053365e-12
369 3.670236981056584e-07
371 1.0115312681443025e-07
379 1.9512399647909417e-05
382 7.977894563657524e-07
383 5.548986515960208e-07
384 7.502344343002154e-06
385 7.154227753279972e-08
386 3.616327038438633e-08
387 7.5248402461936e-07
388 6.540596321574811e-07
389 6.167185348665256e-07
391 9.899402015113115e-06
392 2.2642197591215962e-07
393 6.3893908835551355e-06
394 3.6849732186271133e-09
395 1.0317642698572545e-10
396 4.191402204830932e-06
397 8.304713717199348e-09
398 4.864515641176218e-07
399 5.212176696002344e-07
400 6.988544237219215e-10
401 1.7790497063365763e-06
402 3.267066624930908e-06
403 1.267549915633159e-06
404 3.75179375810776e-08
408 6.158137742611089e-06
410 2.1224999995829345e-06
411 4.938051678592074e-06
415 5.3000424383702755e-09
418 3.0850199004345236e-10
420 1.2455399688626701e-08
421 5.534381486354257e-09
422 1.2793432799761948e-09
424 3.0765510514187943e-09
425 1.2482568526068219e-09
427 1.0110550720630999e-09
428 8.295713015003524e-09
430 2.131829982975117e-07
433 6.739495144195123e-07
436 2.294697095974145e-07
437 1.1415908763507711e-07
438 2.756289944629761e-06
439 2.672753701781622e-06
442 1.9511591442447504e-07
443 6.772535715393108e-06
447 1.4004778343867404e-07
448 1.4804061595179645e-07
451 3.2630513211176267e-06
452 1.7763821974467115e-07
453 2.461521060166686e-07
454 2.3437691362003946e-07
457 3.262582040496681e-09
458 2.9645314247187724e-07
459 1.7751219111258434e-08
461 8.90457430781487e-07
462 3.441086547830141e-07
463 2.7325268351316674e-07
465 5.2915906810294315e-08
466 3.2891281503291834e-07
470 1.5788687031345825e-07
474 1.0818283053013106e-07
476 1.4206655900471894e-07
477 8.206813955028858e-08
479 6.9920904394321545e-09
484 0.00010957248433426428
487 6.920104696287153e-06
492 1.2951472907640565e-06
500 5.111507282292701e-06
506 6.905568375441734e-06
507 5.946905356237504e-07
510 4.922362549798711e-07
511 5.600889490170281e-07
516 3.274492498813813e-06
517 1.1248873653606472e-08
519 1.316699124255681e-07
520 2.3871012120974395e-07
522 1.353548076737711e-07
525 4.755603587565516e-07
526 2.4115095940210623e-06
527 9.068375451356161e-07
529 3.075885925053344e-07
530 1.1789573386520651e-06
531 3.7784661117116134e-08
532 4.968177119324884e-07
534 1.2577338111581667e-07
536 6.438947609889429e-07
537 1.4075030581955457e-07
540 1.7783314987053243e-07
541 6.255747914166438e-08
542 3.036323390416311e-07
544 4.243526471537099e-05
551 1.2446714182567098e-06
552 2.9450624465675565e-06
563 6.508064681050165e-08
575 2.527681150591255e-06
593 1.1541367440321401e-05
594 1.092571983251922e-05
597 2.0294829656810663e-06
598 1.552257068201198e-07
599 1.8914723822808687e-07
600 1.1167390460302627e-07
601 1.3840492407894973e-07
602 1.811552879247661e-07
603 7.604006263737439e-06
605 1.6183119500127728e-07
606 3.8484573982423814e-07
610 2.2284074157532557e-07
611 1.274990550238831e-06
612 1.9889354408083367e-07
614 1.4998926857168956e-07
615 1.529224581736742e-07
616 1.1113788173478821e-07
617 2.1900285813331481e-07
618 1.1372652043695115e-07
619 2.3740764882373358e-07
620 1.015581142125599e-07
621 1.0157748532469433e-07
622 1.860098842556812e-07
623 1.7079131910593976e-07
625 5.111745067101151e-07
626 1.9795613167706946e-07
627 2.943761014027879e-07
628 9.967557770835784e-08
629 1.4526546311180373e-07
630 3.469758137923227e-07
631 1.6521939120875718e-07
632 3.1268565036182513e-07
633 1.585870747287257e-07
635 1.518174196975511e-07
636 2.2013269531332787e-07
637 1.4876264011149747e-07
638 1.5402531888239585e-07
639 1.579100914207595e-07
640 1.341279725661355e-07
642 1.472135798744138e-07
643 9.814887606654038e-08
644 7.261812427264429e-07
645 1.6682814480109468e-07
646 2.738083666043064e-07
647 2.2997045333921606e-07
648 4.5548217162743133e-07
649 3.552297230386549e-07
651 1.1529709930179684e-07
665 1.2264100949686402e-05
667 1.4007929741411335e-05
681 4.327295686215596e-08
687 5.146525193904594e-08
699 5.7086091407845396e-08
709 2.2916864609436615e-11
710 2.274773974872059e-06
711 3.179403852915635e-07
712 2.5497985319935087e-07
713 1.410510392736995e-07
714 3.0366990208322623e-06
715 7.279138492629479e-08
718 1.2624696826830385e-10
719 1.561071558698503e-08
720 1.2096832550938318e-08
16 6.21937101987233e-07
41 2.5663607915587764e-05
70 9.403075593635936e-07
72 5.805107517812571e-07
74 1.0413146741931804e-06
81 4.907512321044279e-07
84 5.615712726770755e-07
105 6.907152871789171e-06
120 8.259546460286794e-06
125 5.718694864676553e-06
151 5.999254884826428e-07
202 1.47103145529412e-05
225 3.9797493901023716e-05
247 4.370317039328509e-05
252 3.439365514828275e-05
449 2.7531410930537902e-06
456 4.716513397361433e-07
480 7.77270879297498e-05
502 9.341690396663002e-06
513 2.5857532015506106e-06
524 2.10492161847249e-05
528 6.692355869716616e-06
535 3.3312655963557063e-06
564 2.0577826027143072e-05
675 3.534196215313609e-05
166 7.906937160474593e-07
419 3.541736180656376e-07
503 3.474837241348127e-05
9 2.334013174106982e-05
37 1.8438175812757783e-05
60 1.076062477688662e-06
69 2.6288964877644444e-05
89 7.819293334899987e-07
114 2.9456614936262436e-06
116 7.289600382558529e-07
117 1.1285742194823195e-06
152 5.059814291817614e-06
154 1.4257145053251115e-06
199 1.6583643758124915e-06
201 5.775362215955749e-06
250 2.197418122615794e-06
269 4.100197949580944e-06
300 2.7359395097097176e-05
311 1.9128235365571712e-05
342 7.000983683352083e-06
359 1.4119693436658048e-05
406 1.2065399012059715e-05
412 1.042213521893829e-05
431 6.1990532354287574e-06
445 1.3911759730067338e-06
514 4.9705022930978245e-06
566 1.909125636892593e-05
607 0.00015773704654449555
609 1.1905837580987586e-05
641 1.2544133337252744e-05
25 3.665192775519524e-07
568 4.1855613617896437e-07
6 5.1870941244782375e-06
17 8.761854934335748e-06
18 1.7806678839782945e-06
65 2.6481529022949864e-06
124 1.5525878633367916e-06
159 6.074403696765942e-06
188 3.477034417881754e-05
221 6.854555323761794e-05
226 1.1688849903746517e-06
234 2.604725949765956e-06
285 7.3458942477541755e-06
302 1.4552214370908904e-06
306 3.4682888161274306e-06
308 9.271338038876232e-05
313 4.937428112516058e-05
315 7.989712897622305e-06
328 1.2795590584758436e-05
356 3.0430272980511795e-06
363 2.826777318583751e-05
370 3.4016262527594696e-05
375 4.435089582524741e-06
497 9.543392985840216e-05
547 9.900013447576316e-06
556 1.278521581184209e-05
559 6.123064179099686e-07
561 1.9309277184793537e-07
27 1.7180518450128655e-05
28 5.2452592624158194e-05
32 8.32309178032089e-06
176 2.980785558777306e-06
183 4.277494108132472e-06
253 3.9356588244173323e-07
289 2.5667504860811367e-05
292 5.966351761556359e-06
297 2.8701225503735383e-05
312 2.3034324401578127e-05
326 3.610781922261763e-06
364 2.6042572772219376e-05
407 9.695777015533337e-06
409 4.412241912810346e-05
455 5.10624065506579e-05
485 0.00014152412250627015
512 2.0139693674477154e-05
515 9.373724657431873e-06
553 2.6010380107391075e-05
565 3.5553486029211856e-06
569 2.7868633161819104e-06
595 1.8320793457518715e-06
679 1.5401108010495484e-06
706 3.5117251160593374e-06
128 2.986690602252498e-06
243 3.564870330471944e-05
276 1.3169577268880541e-06
350 9.824675334665426e-07
405 0.00012927993122957635
413 6.938427268631282e-05
423 1.976405498003457e-06
444 2.6181189722613795e-05
471 2.4290208559768725e-05
472 9.495783219609077e-06
505 8.754942136868141e-05
539 4.965255086301693e-07
549 0.00013115286463788743
554 1.0133912103539552e-05
562 2.9140493586992444e-05
659 3.1187347329703015e-05
682 7.658482639648741e-07
147 1.1347755608472146e-06
73 6.368770616409591e-05
123 2.4206130489630596e-06
184 4.092867641429575e-06
332 1.8571015943219173e-05
372 7.21452659414384e-05
486 0.00037839123314172175
589 1.570139158183463e-05
591 3.0036814459656714e-06
360 4.34090448444476e-05
489 0.000475254599394527
558 4.934909213638684e-06
654 7.21368047734112e-05
657 1.4588392829432167e-05
163 3.4207578068064756e-05
499 0.0005717009485069834
343 1.1414608956358684e-05
374 4.1248272064436205e-06
