51 6.1470495292405186e-06
5 5.030320061393064e-05
10 0.00022960747708786317
11 8.057441037498759e-06
19 2.2941560457006103e-06
20 3.907194331780883e-06
30 1.574658356188263e-05
31 7.437775742167118e-07
33 1.2367735183255459e-05
36 5.08198297461381e-06
38 5.371109097641853e-05
39 4.691921858669952e-06
40 4.1424923431944165e-06
43 2.9703330584745706e-06
44 2.575329704390472e-06
49 1.5087235872193603e-06
56 1.4314538574896956e-06
59 2.1466985058715386e-06
80 5.394804415147041e-06
87 0.00017513359476612297
88 5.4367854363214246e-05
94 2.5236464211128663e-06
96 3.6995801734905685e-05
113 1.4596531996807112e-06
115 3.1729523896622395e-06
122 1.1336583303342357e-05
129 1.6447233207472512e-06
130 1.0530691363408378e-06
131 3.5522962005414646e-07
136 4.181857549316681e-07
141 1.7914193244908216e-06
143 8.460635730704766e-08
153 0.00012219178221595375
155 3.663524007047775e-05
161 6.902698862571912e-05
162 1.7241782730137382e-06
164 2.4743994085968283e-06
167 1.6989095922705478e-07
168 4.693233818207584e-06
169 3.7921510555160357e-06
171 2.3124167060906168e-06
178 5.853055371043246e-07
179 5.404149924867825e-07
186 2.0578170338694927e-06
187 4.28210584660186e-07
191 4.632213731368292e-06
192 1.35303478324827e-05
196 2.020911090652213e-06
206 1.4976217135075268e-06
211 5.379050261081639e-06
219 1.3234743786409405e-05
222 1.925969134063599e-06
223 5.7640531980104366e-06
224 9.4045859383828e-06
227 1.572467646524434e-06
228 3.1791342216800414e-06
229 2.050444623230642e-07
230 1.8269006257918975e-06
231 2.5155952776025934e-06
236 3.804538898907636e-07
237 2.224661077444848e-06
245 3.057421497339185e-05
248 1.9381016130148315e-06
249 4.790583674496616e-07
251 9.54866015078306e-06
255 4.029025563769931e-07
258 5.89646447724114e-05
277 9.774796178084826e-06
284 2.2816849353817177e-06
293 3.2049404301019573e-06
296 2.222711325321827e-06
299 7.088371839195074e-07
304 1.7096260478657336e-06
305 3.412077971181677e-06
314 1.1671380776475392e-05
317 9.460557262371626e-06
318 1.214427475866227e-05
320 3.964506491350602e-07
321 7.973056075640492e-06
322 2.804202648737614e-06
323 9.261088560902536e-07
324 8.49547364780073e-06
325 9.668485905366015e-06
327 2.4141155121374026e-05
329 2.1924039873900936e-05
330 2.664506659235718e-06
331 3.107970716885109e-06
333 1.066470002992025e-07
334 6.711558903218087e-06
335 4.0493673598140465e-06
336 1.7543160457837479e-06
340 3.4402832832866094e-05
341 4.336772517799023e-06
353 3.0782806673458856e-06
354 2.6839036604140657e-06
355 8.967966331705283e-06
357 5.070228874408177e-06
358 5.598775998350031e-06
366 2.7124810002855805e-06
373 8.804136790828946e-07
376 6.442703047027738e-05
377 1.2676306863148886e-06
378 2.9671607491921346e-06
380 2.932580118775537e-06
381 1.2926481452227438e-06
390 7.651682668318203e-06
414 7.978277513484915e-06
416 4.597013691015785e-06
417 1.5624377770266123e-06
426 7.873023648587997e-06
429 3.9023666769268615e-06
432 1.5136525310302624e-06
434 2.2958056511392753e-05
435 1.0377249860201499e-06
440 8.575564359657223e-06
441 9.367157070046335e-06
446 0.00011488390156420947
450 5.160850992973074e-06
460 3.111260268528042e-06
464 3.759662682904119e-06
467 5.819288828469283e-05
468 1.3011840679969955e-05
469 1.538712856088353e-05
473 6.770415445727271e-06
475 1.6031576119185615e-05
478 1.4530950379832533e-05
481 0.00021230893009191565
482 1.2442243012850157e-05
483 2.8267318901993438e-05
488 9.02755800216617e-05
490 1.1624203282946671e-05
491 0.00010024972929828425
493 1.2119339989430271e-05
494 8.627270306327721e-06
495 3.0219300369110938e-05
496 6.043206095787715e-06
498 1.3125402398181927e-05
501 0.00012612767011012241
504 4.424515007549208e-06
508 1.0812276827994546e-05
509 1.1013502674332148e-05
518 1.3600419254343435e-05
521 1.5289670613638617e-05
523 2.334212058402713e-05
533 7.254254557496062e-07
538 1.727086634393605e-05
543 1.9278968083736747e-05
545 1.1416200064337469e-06
546 1.8571202012994542e-06
548 2.6042008788194133e-05
550 4.390368920998307e-06
555 1.8475516967624199e-06
557 1.6390127847880508e-06
560 2.8344081955966446e-06
567 7.686221031811342e-06
570 8.636859119754936e-07
571 7.325356089579364e-07
572 1.4327682241410473e-07
573 6.0150832112091496e-05
574 0.00011852800871666849
576 5.981587964181214e-06
577 3.811306744486389e-06
578 6.327361523545422e-05
579 1.2052565189549682e-06
580 3.620560193227716e-06
581 2.4628015035899093e-06
582 2.4066034546406622e-05
583 1.5014256769155238e-05
584 4.068948714952557e-06
585 3.2082515994282647e-06
586 4.045218581611207e-05
587 1.9513502142250477e-05
588 3.1473888576516214e-06
590 1.397192515170222e-05
592 1.0108146949942807e-05
596 3.1238571460414187e-06
604 4.09789100731577e-06
608 9.9125554909835e-07
613 2.5625257912444425e-05
624 2.27559219787635e-06
634 6.578355919222091e-07
650 3.4801157228709477e-06
652 4.0990472578417693e-07
653 5.378917493516836e-06
655 5.416110367494194e-05
656 1.0566928473457146e-06
658 1.7898688123581738e-06
660 5.668179724969737e-05
661 9.66148258789472e-06
662 1.1831417882528491e-05
663 5.5626353297796545e-06
664 1.2315244784538852e-06
666 4.32663200332182e-06
668 9.55278428433542e-06
669 3.2511298598920922e-06
670 2.4781688410342327e-05
671 1.1152846630956679e-05
672 0.00012916287364423486
673 4.070999621053133e-06
674 6.91573087322275e-06
676 8.676892082361675e-06
677 4.9424099277909174e-06
678 5.631693998388305e-07
680 3.20884293115943e-06
683 2.5441198910367707e-06
684 9.853274012393977e-07
685 3.3596989338160625e-06
686 4.460771084768835e-06
688 8.596427720674544e-08
689 1.6150952428512254e-06
690 2.8835695999142587e-06
691 6.251243300216657e-06
692 9.733118827581042e-07
693 2.3724011304392925e-06
694 1.5925947377086486e-07
695 1.3410773496283801e-06
696 1.0005988012038047e-05
697 1.1730907283194797e-06
698 2.2224137852801244e-06
700 2.3829904694782517e-06
701 1.3233032089221552e-05
702 1.716973912512739e-06
703 1.6503159561921418e-06
704 3.0051737581940704e-06
705 2.3980848607232667e-06
707 2.063579114746565e-06
708 7.227212194098649e-07
716 5.899079226457909e-07
717 2.8032173049427182e-06
