0 0.00021267770951742722
3 0.00014596510543726224
42 9.685218692859531e-05
48 5.9469772927802005e-06
149 1.6347409702546548e-05
243 4.285890312943751e-05
379 2.3298917312026875e-05
1 0.00010313464188504602
21 4.252893418344687e-06
29 0.00018231619480464455
160 4.252486206707066e-06
165 5.572655176989277e-06
221 6.997959686756862e-05
252 3.773423834438464e-05
283 5.635596505618995e-06
544 3.9548864302202434e-05
667 1.3945755919639888e-05
486 0.00033349127476145783
234 1.98464961475994e-06
247 3.5873749290789734e-05
328 1.4056800199719475e-05
412 1.051996261306351e-05
593 6.894404684154638e-06
257 1.5843780318929416e-06
306 3.206849537300703e-06
435 3.831378351576906e-07
564 3.180114104207481e-05
34 4.51291819533476e-05
145 1.004196265891262e-05
565 1.8948601903318741e-06
25 2.8463077436734535e-07
120 4.648798698739214e-06
176 1.338980067014381e-06
302 1.098384221552802e-06
276 4.893096994408518e-07
480 8.760828057029102e-05
679 7.051859442068794e-07
488 6.666826141009364e-05
407 6.076045553265147e-06
342 6.494851137296454e-06
533 3.2080711002346154e-08
423 1.2625251901982755e-06
472 6.133831816340631e-06
485 0.0001227986367270718
489 0.00034775890285042494
493 9.035727561113255e-06
539 2.153147128038041e-07
35 8.31411234950536e-07
128 1.3503795425872254e-06
297 2.4542824313576853e-05
343 9.96084062513135e-06
374 3.1823967743442987e-06
659 2.601385055746104e-05
163 2.6089766038563532e-05
413 5.758787171158781e-05
332 2.2266667600333464e-05
429 2.683159540645578e-06
80 3.536099652282681e-06
292 4.508750444829255e-06
504 1.820233950690302e-06
143 1.7307428243755656e-08
372 6.779454761213158e-05
554 7.024606145174727e-06
591 2.04845340638726e-06
191 3.262490283179483e-06
245 1.956781660226573e-05
549 0.0001073875389496664
32 7.72922486465711e-06
46 4.2815460571011216e-05
562 2.1995546023007792e-05
184 2.5846369013181017e-06
312 1.762241319938033e-05
96 3.0028352733277853e-05
41 2.9094949972932478e-05
417 7.399712018002699e-07
503 3.29155039525981e-05
9 2.2631772575719606e-05
73 5.016113041562186e-05
123 1.1640729296159951e-06
675 3.0855737479382875e-05
211 4.973386174451544e-06
360 4.0902794509848654e-05
505 6.612558675553584e-05
588 2.1719689341387015e-06
434 2.280855420830803e-05
702 1.107491445742313e-06
558 2.792099432980066e-06
47 5.186556674911291e-06
