706 3.1507827711009856e-06
122 4.511375086816853e-06
559 2.6748901286165097e-07
17 7.1632511138559654e-06
226 7.326729973878574e-07
285 6.2656586924505255e-06
124 7.644776990127916e-07
364 2.4374675475075614e-05
547 5.146327638204622e-06
308 0.00010218467810180387
114 2.2874802202157477e-06
117 7.851686084907712e-07
253 2.6031974271985186e-07
595 6.73767763048285e-07
65 1.6573212337137998e-06
370 3.448278616266765e-05
561 6.359744618454016e-08
455 4.1893453944593246e-05
515 3.0813134425199002e-06
375 2.779990837447952e-06
568 3.124583748922417e-07
497 7.93459616261369e-05
512 1.433944513920851e-05
116 4.3497771348633975e-07
188 2.6385903624514084e-05
300 3.126617257530305e-05
125 5.219067243306811e-06
356 2.264763547740197e-06
135 1.3560130024587402e-07
682 5.631049065265781e-07
326 1.7503213136647033e-06
575 1.5369476862600978e-06
139 3.2417030142908154e-07
250 1.9041043398266608e-06
359 1.1557087645426852e-05
514 3.7896450248985994e-06
60 4.1685625612139656e-07
86 8.929610023521137e-08
189 5.930861342201578e-08
419 2.2574090283475237e-07
420 1.0992988639764583e-08
362 9.993230284059682e-09
5 6.770726676192546e-05
357 3.574645786884953e-06
573 4.5768058716985206e-05
168 3.7538775280555607e-06
164 1.7114340760155394e-06
183 2.0598020118331144e-06
289 2.0594806197223613e-05
350 5.296912244767281e-07
445 8.55978801335662e-07
483 1.2395949655337941e-05
6 3.253679172299448e-06
28 3.740987409649082e-05
38 6.116455678509412e-05
105 5.258998383823767e-06
153 0.00010201616526144326
409 3.771652115256094e-05
446 6.392419323456681e-05
553 1.3191289948539758e-05
609 1.1795095640577961e-05
161 4.657452153338035e-05
177 1.1855393981121177e-07
315 5.394351850969402e-06
491 7.293048043912577e-05
499 0.0004622688996056268
569 1.188164945982054e-06
10 0.00015531541444317848
154 9.136294456558036e-07
199 5.815505148749399e-07
201 4.556172129240891e-06
431 5.29297938909918e-06
556 8.127935985267004e-06
518 1.2901088472381218e-05
329 2.1386352475484853e-05
701 1.1775824484180434e-05
574 7.963792143740279e-05
523 1.7929660024247134e-05
