171 1.0467935794164543e-06
538 5.830230126339426e-06
331 3.723983467576038e-06
572 1.0443069228055154e-07
167 7.255082392540273e-08
51 2.6921688131816336e-06
113 5.195709496909068e-07
666 4.2294830350340536e-06
223 4.68319376199826e-06
678 5.359709527241437e-07
584 2.768329931219964e-06
594 8.852328303135316e-06
689 1.3789227371382388e-06
697 1.0510874344842605e-06
136 3.2968545729967604e-07
187 3.323094312811378e-07
550 2.697490250391681e-06
688 5.63436456053541e-08
179 3.250138549027297e-07
186 1.0766128120499005e-06
441 5.8539690058767675e-06
501 9.799356688122105e-05
700 2.3183764054360225e-06
500 3.5116620983648943e-06
219 3.927518165498142e-06
237 2.073858848467712e-06
570 6.658774092405302e-07
585 2.485124913902317e-06
656 9.802188964495967e-07
694 1.13513476487381e-07
698 2.0542472053861905e-06
716 5.258554560462456e-07
94 1.724729007347561e-06
227 1.1012808691989982e-06
381 9.137882573135768e-07
432 4.6961850968847583e-07
704 2.4536746033951953e-06
44 3.4117392464138236e-06
49 2.041563392402098e-06
56 1.4091702110470612e-07
129 1.6242439197471684e-06
131 3.139579825106021e-07
228 2.928603069631073e-06
230 2.2942600694333248e-06
255 4.3221703762101506e-07
320 3.3912400203512317e-07
390 6.987039431407199e-06
652 8.644728465845727e-08
658 1.944116728873636e-06
20 3.2935609794985205e-06
130 1.164651504156611e-06
222 1.787973231202671e-06
224 1.0111640974030016e-05
229 1.8661400400438003e-07
236 2.481708010152225e-07
284 1.946636897030197e-06
333 5.90426971444274e-08
335 4.247794021560354e-06
450 1.7199240832989752e-06
467 4.802591585035406e-05
475 1.1734122378206311e-05
496 4.686827436263371e-06
509 4.234939650546455e-06
586 3.391959856619692e-05
708 7.695749631563881e-07
88 4.384525554781714e-05
162 2.0487775170108177e-06
178 3.618037586181162e-07
192 1.0156211294113612e-05
196 1.148709856576189e-06
206 6.841716318375402e-07
249 3.646599615518728e-07
258 4.975964146591073e-05
299 4.3402749307992993e-07
440 5.01341235376618e-06
473 5.690615448838943e-06
478 1.0929456427137354e-05
683 1.8589633492017677e-06
696 9.805076959442439e-06
707 1.8160086906814317e-06
141 1.6626855763328373e-06
147 1.3490641685591457e-07
231 2.1737776414649295e-06
248 1.2537821344429196e-06
304 1.5605790304880463e-06
321 7.390705435151089e-06
341 4.159409616987121e-06
355 7.914786101405869e-06
469 1.5185794083323481e-05
494 1.1589974535652636e-05
578 7.127222386743958e-05
608 5.53994043031729e-07
653 2.4421841425732884e-06
655 6.128287189755024e-05
695 1.0852132554494858e-06
717 1.5839698986110333e-06
277 3.4356839132296746e-06
314 8.273424932228312e-06
426 9.04934449548626e-06
471 1.88331834225018e-05
508 7.426468731961784e-06
589 1.0953018787158583e-05
654 6.0676421549299496e-05
660 5.3045274894281076e-05
672 9.835036549104028e-05
705 9.083224410512182e-07
87 0.00016658557019674262
318 6.22838232300897e-06
327 1.8531486449878475e-05
376 5.7355267811703406e-05
444 2.382012135101054e-05
657 9.834842534184268e-06
686 4.2885335368062324e-06
693 2.974853083016754e-06
