19 2.09098606373171e-06
31 1.8377539967027388e-07
33 6.083540129158414e-06
36 4.696909362537354e-06
39 1.633026459611866e-06
251 5.4117801241237734e-06
293 4.873712341149647e-07
296 6.285068821587909e-07
305 1.8310609740943262e-06
317 5.823015430312835e-06
322 1.9285136336810937e-06
324 7.403812441100315e-06
330 1.5609318605590895e-06
334 2.959938701878754e-06
336 4.610257289837277e-07
340 2.1891446326860095e-05
354 1.3486354712619629e-06
358 2.5836244138640927e-06
373 3.4847544504247987e-07
377 6.346977851952073e-07
380 2.2689132543738825e-06
416 2.1926000723577404e-06
464 2.352796602785735e-06
468 6.060017495679328e-06
490 5.626589541866625e-06
495 2.8803391644003813e-05
498 7.889690805757658e-06
502 4.4600045145136845e-06
521 1.025043643946086e-06
545 3.552944607965842e-07
555 2.492690034158385e-07
560 1.0361556691599426e-06
577 3.5602987487864457e-06
579 4.969800237649633e-07
581 8.007991483989408e-07
583 1.136335066172783e-05
587 1.6583781770629617e-05
604 1.3559490708917708e-06
613 2.3271423269792247e-05
634 3.7989029363381067e-07
662 8.579940592367393e-06
664 3.693413083780255e-07
668 4.2658027313360575e-06
670 2.1696211626522455e-05
674 5.917889103602106e-06
676 5.71686312868428e-06
685 1.6822470372456351e-06
690 1.0975032264429797e-06
692 7.033981209327437e-07
703 1.9770007038171797e-06
11 9.518821182077588e-07
30 6.214623096640042e-06
40 2.409461164098015e-06
43 1.3682214609079516e-06
59 1.1269867495081374e-07
115 1.1129017716459496e-06
323 6.445155310479361e-07
325 5.4217531575575354e-06
353 1.2550918545494122e-06
366 2.016243925849131e-06
378 6.922696164028037e-07
414 7.68157747284429e-06
460 8.012094980543434e-07
543 1.3220840883539805e-05
546 1.545627619774432e-06
557 6.67873246014226e-07
567 4.615209560184227e-06
571 5.0565978661817564e-08
576 3.3577389887819055e-06
580 2.6686587466886103e-06
582 1.8323650352477845e-05
590 1.2262840657829778e-05
592 4.681831637386675e-06
596 1.1800526758665548e-06
624 5.43738368991461e-07
650 8.107837694237505e-07
661 5.6128412309214835e-06
663 1.6558368994677077e-06
671 4.992980630784613e-06
673 1.8181308715471967e-06
677 1.4043556186485138e-06
684 1.4677214935686294e-07
691 3.5115457745792888e-06
37 1.661769141707983e-05
170 3.592767106688877e-06
