89 8.143558880984242e-07
155 2.1298366434982098e-05
27 1.3727406245777728e-05
313 4.1959434173270906e-05
185 1.1273962611254598e-07
680 3.4348776991916925e-06
641 1.0189447664079189e-05
548 2.1839882055489326e-05
481 0.00013779950556238197
363 2.1632478993161994e-05
244 2.1245500654087517e-07
169 3.474045742849505e-06
91 1.9815287098360565e-07
405 8.563246746249135e-05
428 8.255508584206227e-09
106 2.08022690705425e-06
246 1.9245792681239034e-07
535 2.0287731000805285e-06
566 2.2539893774101498e-05
269 2.993706282475101e-06
152 3.3961445525985705e-06
159 2.858140766911071e-06
352 1.828345868594085e-05
45 5.07569381998326e-08
339 1.408146624152908e-10
158 4.158285736393151e-06
665 1.2439960183398947e-05
202 1.3101482449125104e-05
484 0.0001082081387731474
524 3.1768832757998354e-05
146 3.1704321675483247e-10
97 1.3423344054687437e-07
195 5.149032562698153e-08
383 5.894445430269668e-09
174 6.55273739040997e-07
193 2.192750899037798e-08
286 3.1523405212404157e-06
295 3.098014689056065e-07
552 2.431762617183059e-06
140 1.7395734997261855e-09
421 4.91562860605859e-09
443 5.580723284206457e-06
84 3.13674076443448e-07
148 5.2048513093072336e-08
175 3.409856130706778e-08
203 2.342443803064473e-07
406 8.81927947027493e-06
715 6.90594884314716e-08
166 5.719497114883908e-07
669 2.3392901210498913e-06
92 1.4583295196594223e-07
311 1.5773527267124675e-05
449 1.238573029121447e-06
456 2.8440320564941445e-07
479 7.762484720130761e-09
513 7.199255362500854e-07
710 2.0033293813701933e-06
110 1.027321492702454e-06
369 2.9734546239947366e-07
371 1.2259438992712259e-07
457 3.736514917992908e-09
16 1.614280249617191e-07
68 6.488425509834943e-08
70 2.2524133629043786e-07
72 1.70252752470519e-07
151 1.7520573686247813e-07
181 6.793845297427129e-08
466 1.7084203080053726e-07
477 7.27069194213736e-08
542 1.2533455702253741e-07
687 3.2280252006559876e-08
18 1.2692988974445667e-06
144 2.475274291292731e-09
95 3.8430229074363693e-08
98 5.955829776625316e-08
102 9.816152491992409e-08
278 1.4914016597084442e-08
298 2.0997681190328224e-07
408 1.0762351778668543e-06
427 1.6970346871417054e-09
699 3.858693785046277e-08
712 1.2564525419504983e-07
597 1.2120546178742736e-06
173 8.660689048117753e-07
365 8.633960364715356e-06
12 9.681474115481845e-06
82 1.4965449407034703e-07
103 1.913327465933313e-08
208 1.3231908162484298e-07
220 3.1091609767389974e-07
265 5.338624321230744e-08
281 1.2518105780696555e-07
338 1.0728293974542716e-07
368 1.3696047017668075e-11
394 3.273342564555788e-09
396 9.490294485774137e-08
425 2.052685061011272e-09
458 1.0990696210992804e-07
461 6.011787883960602e-07
492 4.0547516793035795e-07
506 4.233304100910132e-06
525 2.4123252770860575e-07
536 9.496072314869166e-08
709 3.468616638489665e-11
482 1.0725917648014902e-05
109 6.590666552697756e-07
58 4.321634796306563e-07
71 7.608081469272926e-08
85 8.078991092424331e-08
90 4.22227385911617e-08
182 7.970467871558238e-09
197 1.618227160761124e-07
207 1.2536526529566513e-07
242 5.311150519183562e-09
256 1.1234064496581951e-06
266 1.5544248338025547e-08
272 1.9551744917062438e-08
316 2.520338981551392e-07
388 2.5261149275208076e-07
401 3.9549396378750636e-08
418 4.5995263571127296e-10
424 1.9200406500961235e-09
511 1.9272626392054509e-07
530 1.0529821834726518e-06
2 6.11546740035752e-08
8 8.186847055680987e-08
14 1.914791289948592e-08
23 2.4427322786618244e-08
26 1.0112588205882931e-07
52 3.507297262293552e-07
54 9.235129303949289e-09
57 1.059391127731878e-08
61 3.121026493946416e-08
63 2.1394256214756616e-08
66 1.3698441793216042e-10
75 1.0640912536179024e-07
77 2.0081559018257966e-09
79 3.6100585194520504e-08
93 7.231980553479939e-08
99 1.2175675964267834e-08
101 2.295806095054903e-08
107 8.926392386713943e-10
111 2.2502480123725152e-08
118 1.052120213155812e-09
121 2.2556020361214547e-09
127 1.9734478212789554e-07
133 5.414697638075851e-11
137 1.3808964188549344e-10
142 4.157899666277432e-11
157 1.2970792243954768e-06
190 7.380448934167742e-07
198 1.1199838169335195e-08
200 1.5936192754135604e-08
205 5.6910754789057427e-08
210 9.441062114792117e-09
213 2.100167775243999e-09
215 4.560756993979891e-11
217 6.959015423941346e-09
232 4.9295616758526336e-09
235 1.0155177748143208e-09
239 8.233223745772418e-09
241 4.752268591255286e-08
254 1.565622963536259e-08
259 2.4537853260516577e-07
261 1.2631642217261346e-08
263 1.0856806398210504e-08
267 9.888611606412516e-09
271 6.075826775231049e-09
273 9.782228784014983e-07
275 7.021078505163603e-09
279 8.1739113795133e-08
287 1.999584974484993e-08
290 6.947814662766121e-09
294 3.978241813210321e-09
301 1.0008465035822814e-08
307 6.392704705599806e-08
310 1.8619313476455795e-08
319 8.10346449224787e-08
345 8.623699281693997e-09
347 9.786783712617461e-09
349 1.786008842383545e-08
361 8.671225769974214e-08
385 2.264914382898284e-08
387 2.428667094000342e-08
389 8.839494798574114e-09
392 1.0283500150203149e-08
398 9.265981418533384e-08
400 1.0638020137455765e-10
402 1.8306644712318556e-08
404 1.0384483192818884e-08
411 1.1657292928681424e-08
415 2.264495329189666e-09
422 8.704574893016842e-11
430 1.1303489927795416e-07
433 3.208940657693499e-07
437 3.977199195828733e-08
439 2.3589363755351354e-06
448 6.628072464676974e-08
451 2.3482048888861737e-06
453 7.67891710935399e-08
463 7.408449781281027e-08
474 4.6961474666736265e-08
510 4.3073614622977023e-07
517 4.83930787290124e-09
520 1.175480401448016e-07
527 6.751660988160946e-07
529 3.4336162973344495e-08
531 7.496764766255733e-09
534 8.290405629621858e-08
540 8.060567245506027e-08
563 3.01252535189609e-08
599 6.183818562542972e-08
601 4.4861739639987755e-08
603 1.005140502663285e-05
606 2.389663376148613e-07
611 8.434336066170331e-07
614 6.487897933303715e-08
616 3.595109581389214e-08
618 2.9397426787821286e-08
620 3.0028987437490945e-08
622 1.019759073156797e-07
625 1.1624220244531628e-07
627 1.7994346617331873e-07
629 5.680504537848482e-08
631 4.8537364248371914e-08
633 5.8638149704975506e-08
636 1.0103346336444866e-07
638 6.059824970959604e-08
640 4.002729104645818e-08
642 3.4648496039427074e-08
644 3.083424034202543e-07
646 1.0527216945002714e-07
648 1.979491320807405e-07
651 3.680789913215011e-08
711 1.4319255276291682e-07
713 5.508649003328307e-08
719 4.350853031701788e-09
172 9.938146263249376e-06
4 2.673507790855152e-07
7 5.943281116469863e-08
13 2.1264036247555162e-08
15 8.774025465268775e-08
22 1.075865568148845e-07
24 1.2781482370943954e-07
50 1.227280744023828e-09
53 1.9126668196356895e-08
55 2.8045505703374127e-07
62 1.9781346994980537e-07
64 1.4241584039498793e-07
67 5.8419472550907695e-08
69 1.9422361287780415e-05
74 4.189754504238694e-07
76 2.0081559018257983e-09
78 1.3592609826573844e-07
81 2.5687100907501134e-07
83 2.457226072233177e-10
100 1.5111180969543715e-10
104 3.960590671694627e-08
108 3.9335421716989334e-11
112 3.116092904218248e-09
119 9.882740821405932e-09
126 2.5053420687693107e-08
132 4.576229211543808e-08
134 6.461712174918035e-10
138 4.662940682811266e-10
150 3.2139546055749776e-09
156 3.943613015484326e-08
180 2.6420923046891924e-09
194 1.938412951248395e-10
204 1.0012076907063562e-08
209 1.511378118766849e-08
212 7.562708517791316e-09
214 6.039533412848407e-09
216 5.040031886286349e-08
218 2.2035651178006757e-10
225 5.011277092527466e-05
233 2.1738489596952787e-10
238 1.6275656660053493e-09
240 2.370878310034192e-10
260 1.5024011018032845e-08
262 1.2396358823346985e-08
264 1.4196167714877208e-07
268 7.270106447401126e-09
270 3.03204569469418e-08
274 5.4339632020737616e-09
280 5.5641945263633534e-08
282 6.799269550921198e-09
288 9.922656329946269e-11
291 5.534570832287302e-09
303 8.716875189181266e-09
309 1.3429285322840741e-06
337 5.8094273390446825e-09
344 3.8406706180032265e-09
346 3.755473346069e-09
348 2.3287776333448897e-11
351 1.2208669307954203e-09
367 4.131767831116193e-08
382 6.697645023729499e-09
384 3.979363844639247e-08
386 1.0708065566075182e-08
391 8.249690829733025e-08
393 1.4006705988258994e-07
395 8.208550287986427e-11
397 2.661656050060635e-09
399 1.4912412371646023e-07
403 4.208568631083966e-08
410 4.8759322659844486e-08
436 6.343380242128765e-08
438 1.4642173740746567e-06
442 7.621524853435985e-08
447 5.3224493064533616e-08
452 1.0638723330225273e-07
454 9.169987173830926e-08
459 6.984374575782454e-09
462 2.834305293047914e-07
465 2.3680101232507242e-08
470 1.9864410027575826e-08
476 2.5466041367914803e-08
487 1.7842836553887107e-07
507 2.992716339892115e-07
516 2.8193205734462917e-06
519 1.262671576214949e-07
522 3.014446626028319e-08
526 1.1311893462349851e-06
528 4.4513692855508684e-06
532 1.792946947231791e-07
537 5.845461918920326e-08
541 2.534947100168986e-08
551 7.131693283488893e-07
598 7.499350778249804e-08
600 7.519785966760493e-09
602 5.879843259388339e-08
605 6.861826680471506e-08
607 0.00013577268287874174
610 9.195820783993284e-08
612 6.201480746475866e-08
615 3.549848773042592e-08
617 5.638366531433309e-08
619 9.936289550073078e-08
621 2.7155839117834674e-08
623 8.52512936768146e-08
626 1.3686559579974796e-07
628 4.090126051818494e-08
630 8.191015117866906e-08
632 7.337553941833343e-08
635 6.06537135372647e-08
637 5.381341977046972e-08
639 6.160919576478864e-08
643 4.2245198106562696e-08
645 3.5441441011489715e-08
647 4.637950508292788e-08
649 2.83942338503671e-07
681 1.2883294548825527e-08
714 2.183753191038883e-06
718 3.43956641945686e-11
720 4.265510266977474e-09
