456 1.147075540004738e-07
371 3.1616984281873174e-07
511 3.568018111133628e-05
477 6.849443760053989e-06
574 3.6743921007742627e-06
689 2.7214552956710164e-06
337 4.0299152617471215e-06
320 5.021656789889362e-06
333 5.06162394900267e-06
247 2.5517290096793148e-05
394 3.2776153691048685e-09
242 5.047956765326473e-08
471 6.704530158318177e-06
184 4.717696710737208e-06
472 1.8234372386121283e-05
561 2.4899338426992734e-06
112 3.732508152153331e-09
492 1.1868806693937841e-07
665 1.5725379606793075e-05
300 2.3895930530367167e-07
364 1.1641355612221935e-08
144 2.6840305011032e-09
157 1.470485383147535e-06
225 1.3732307544366382e-05
319 4.6000442780665055e-06
449 8.677070584131413e-06
548 4.891346170095648e-07
377 3.4010523740809884e-06
109 6.788444769317183e-07
698 5.2965920353435674e-08
258 1.1570181267984088e-06
341 1.3370476961423206e-10
190 7.633988209482243e-07
389 2.5741310564861465e-08
401 1.672923982743467e-07
541 2.8131497623854874e-07
567 5.057544226106315e-06
332 3.4171005397032603e-06
80 5.500173496628827e-06
115 2.7229618007144976e-06
324 4.150576089959205e-06
392 8.206926718591257e-06
670 9.638919926033058e-06
690 1.0836519247055026e-06
124 1.6109831750339876e-06
173 8.843918483555768e-07
340 1.1792031387754134e-07
182 4.118286318114975e-09
197 1.6814799872811293e-07
373 1.0842604600269778e-07
110 1.0440711040312778e-06
288 4.477595033399767e-06
116 5.770734169300091e-07
405 8.20727011409112e-08
383 1.6708325734243142e-06
697 3.1769296994696115e-06
675 2.7888355085119835e-06
36 6.825754110286502e-06
129 3.2516929310677326e-06
713 1.970543909769263e-06
597 1.6717767689679194e-05
96 2.5744561814977342e-05
131 8.464600108290905e-07
231 2.9420904387406816e-06
345 1.2067178141242251e-05
706 1.4284359943562628e-06
358 2.8592832718617653e-06
693 8.565020048859615e-07
317 5.92413996221339e-06
594 5.601667524820077e-06
41 3.08435660960484e-05
503 5.8642128043394755e-06
662 3.240054728701019e-07
479 1.5186631184099492e-05
40 5.079375717968725e-06
673 1.7858388484517288e-05
486 1.2030650015951658e-05
584 7.766068619068804e-05
605 7.082819950463512e-07
122 5.468989734025433e-06
668 3.4097632509931388e-06
712 1.1640519459451035e-05
125 5.226844770253942e-06
114 2.6072706497919785e-06
302 2.534629287558741e-05
251 8.496465253157785e-07
437 1.9393760054307725e-05
554 2.899827079960501e-06
618 7.29080101030999e-07
716 3.48444728955042e-06
362 3.599670090146767e-05
219 6.314438321684114e-06
687 6.573738853781226e-06
141 2.669585907057046e-06
677 7.09807663941052e-06
206 8.715511242916366e-07
476 6.365426293450515e-06
579 1.443954484414578e-06
683 2.7916481086878527e-05
260 6.14464175379418e-05
334 1.7565115922243246e-05
191 3.5463358117609505e-06
509 4.549105019489696e-06
702 6.631732880446376e-06
585 1.5850036338324206e-06
181 6.828958208036592e-08
193 1.0137315152517124e-08
140 1.3811587917004246e-09
146 2.91773234911976e-10
17 6.580100797561448e-06
113 2.4063231753070613e-06
163 2.537480780729276e-05
420 9.677807703277494e-07
435 2.5959912505165474e-06
510 8.94438959428351e-06
516 1.3509998899143602e-05
527 1.4037925340224512e-05
598 2.5699302934039422e-06
432 3.171419763931986e-06
73 5.7642761805972784e-05
44 4.3923730452566485e-06
9 1.7033254477225104e-05
556 7.3339225841280044e-06
5 6.481188718890031e-05
59 9.938324803728686e-07
229 5.131113132561798e-06
520 4.24295411327178e-06
524 2.3436169261221283e-06
128 2.2326628963705247e-06
359 3.4351483713366255e-06
162 2.2063283455065674e-06
224 7.486042048444479e-06
278 1.100161868282309e-06
323 6.216420716491413e-06
331 2.3555826727992363e-05
429 7.298251496923001e-06
559 4.2113515283537705e-06
695 1.8388812395530413e-06
411 3.629928236165041e-05
211 5.000026630020993e-06
253 1.07538387100261e-05
259 2.120432549020933e-06
306 2.0022049301838853e-06
571 2.5815628282373375e-05
686 3.476103892043659e-05
728 2.5692806738538014e-06
494 0.00022777457992986154
378 5.45622977330381e-05
143 1.0135991523695477e-07
542 2.160589995095715e-07
10 0.0001552857783190652
164 1.746335318850797e-06
374 6.827822880228589e-05
487 1.0930292961251512e-05
512 3.015109593738228e-06
532 1.8206096871836143e-05
557 2.2713994104562026e-05
694 2.4008431972434337e-06
705 7.121897703501033e-07
192 1.1919520224556582e-05
179 1.217234664380178e-06
123 2.188384773267912e-06
314 2.086386380661806e-05
330 1.1310299744992021e-05
426 2.1288995516970626e-06
563 8.993028714091463e-06
568 4.2085923054760917e-07
669 3.851848758646136e-05
717 3.0691515860560402e-06
255 3.1678302805751855e-07
496 7.079013972168604e-07
25 5.618374062966594e-07
344 7.606384455237088e-06
304 1.471622671976729e-06
168 4.190587781660934e-06
183 2.3456569126572504e-06
308 2.748513770449167e-06
366 2.0589433208731585e-05
372 3.081369487483683e-05
500 7.494847261125767e-06
691 2.597324421587348e-06
299 2.9334455416859203e-05
438 5.830769186861449e-07
603 7.575462979744312e-06
38 5.154785589366089e-05
169 3.3626268288619692e-06
294 5.917498018783643e-06
328 1.916223170900333e-06
578 1.4572290381464665e-06
718 2.2001852138520073e-06
570 1.592827885879732e-07
577 3.418810387164065e-07
199 1.1353276587336437e-06
523 4.1700291362957955e-06
148 7.542001026874699e-08
246 1.8946099702669082e-07
275 1.011913755514476e-06
514 4.382325562939149e-06
551 2.0950907360553692e-07
151 8.593173080596693e-07
385 3.474190669459832e-09
422 2.5911519500377326e-07
4 2.8256427292198556e-07
16 3.010434238963228e-07
45 4.3026615526933206e-08
68 4.205852755419168e-08
71 7.624304968035471e-08
82 9.788328388432221e-08
85 1.580070297315096e-07
86 1.0284396834049459e-07
152 4.404625442058217e-06
174 6.539052094576629e-07
175 4.1984757597139627e-08
195 4.972913035533753e-08
208 1.7958758827567907e-07
297 3.2339680512248705e-07
311 1.4788964282060752e-06
384 6.114388385147482e-08
386 9.116190377532279e-08
390 3.357027778340275e-07
391 1.1836450193821423e-08
400 1.351712919783523e-07
412 1.6555151061474255e-07
413 1.939828922666723e-07
459 3.170512861344762e-07
460 4.6721466920877925e-09
461 1.5298657523877434e-07
464 7.308962056835515e-07
469 1.9532304565513614e-07
481 7.753444095097275e-08
483 6.685960276237547e-09
519 3.268821945153788e-07
560 7.035869390434622e-07
710 4.469970707886486e-08
721 2.0560368800530504e-06
106 2.424423354996543e-06
154 1.139540667271396e-06
202 1.5526515494601232e-05
252 2.0163688007891588e-06
448 8.980146597941506e-07
544 1.8113547791067595e-06
89 4.434506507069801e-07
189 9.79152028354607e-08
203 2.8524779871498564e-07
207 1.638300114815945e-07
248 2.1380510541858003e-07
393 2.738661031830666e-07
403 1.3746119188010378e-07
499 4.59749926546188e-07
522 1.1507436558113349e-06
534 3.43544400073046e-07
545 2.228086888431561e-07
607 1.2540098147576854e-06
188 3.474450490068225e-05
291 2.018804766117489e-05
558 0.00011136622233882438
18 1.2861195729363696e-06
28 3.489240668568764e-05
105 5.51216234636296e-06
135 2.140024383603416e-07
153 0.00010675974034343094
161 5.0236872965152746e-05
176 1.853785310542563e-06
227 1.154827334770253e-06
287 8.161969751689707e-06
361 1.1911200033045346e-05
458 3.039444125756357e-05
139 3.6098225238445556e-07
159 3.3438826035135438e-06
185 7.317246992068714e-08
201 4.596399203516295e-06
315 3.375281696519104e-05
376 2.8719159004505047e-06
409 9.092559338706877e-06
434 6.04109938072657e-06
506 0.0005145948797863471
155 2.393431197155059e-05
27 1.2715128807622303e-05
87 0.0001555152240614669
498 8.975446004834592e-05
562 1.4002148019003442e-05
565 7.410216846908484e-06
6 3.79294080488476e-06
12 1.0245087138568321e-05
60 5.322736719168938e-07
65 2.1999440713819515e-06
166 5.827118236345279e-07
177 7.590708964941534e-08
235 2.425243503575095e-06
271 3.0596856842170775e-06
313 1.744954918911472e-05
352 5.544122644268823e-07
365 2.4123020114414057e-05
367 1.0641809072057938e-05
407 9.382674889349586e-05
485 0.00015158141960147382
