325 1.1429829971329265e-06
355 3.2109817140111446e-06
49 2.1116130060330044e-06
244 6.533334091804946e-06
336 4.489313360097162e-06
443 6.063133384353205e-06
552 6.277784274769645e-06
564 3.3636441311712895e-06
580 7.076339275175553e-07
604 8.496835491680197e-06
20 3.5086922883829414e-06
31 7.670670656075233e-07
51 2.865558698519533e-06
88 9.326920658400983e-06
130 8.598985881074777e-07
170 4.246845914125242e-06
178 6.990890953581936e-07
223 1.1507360064135473e-06
237 6.084594044093064e-07
250 1.8259808907907534e-06
295 9.214536712385837e-07
301 5.334327389889558e-07
322 4.500286045143995e-07
329 8.278337969675786e-06
335 2.2554510529582656e-07
338 1.196131626991025e-06
342 3.3968993479191505e-06
357 6.055462157005225e-06
380 1.2694514938798025e-06
467 4.653537004253866e-07
497 2.407178124589152e-06
502 3.2866347007020056e-05
586 4.602577228914662e-06
589 1.4146801297404345e-06
595 9.072697339326172e-07
601 2.762001884746635e-06
614 1.481111940186493e-06
660 3.6521080175969472e-06
664 1.3079772761111031e-05
666 1.440655921848817e-06
680 3.294440527436614e-06
696 2.812664437957651e-06
701 4.1299090539534e-06
711 1.4426301678343031e-06
714 4.143864517127046e-07
727 6.822722434992338e-07
147 3.2624294512277407e-07
171 1.4039794032167119e-06
230 3.5918504722542613e-07
530 1.634597650571272e-06
704 3.6755365576482912e-06
715 3.916609494918651e-06
30 6.610636913250546e-06
43 1.5090217408816302e-06
56 1.7679393875664432e-07
94 2.567843749163384e-06
186 3.6437108213864733e-06
228 7.006741104465524e-07
238 2.423964257835737e-06
316 6.5939864693926555e-06
375 6.489928056978524e-07
419 1.5667624406504816e-06
447 6.389808965697016e-06
470 1.9301510444728163e-05
501 1.1566967800131946e-05
513 1.1498140265039229e-05
517 5.059689162129431e-06
555 1.5529275259415055e-06
569 1.5198792376793685e-06
582 1.8064885125715152e-06
588 7.191365128666545e-05
590 2.8576981561252485e-06
593 5.971085361049537e-06
596 3.4676483657693186e-06
599 6.115697413437538e-06
602 2.6103914901270163e-06
644 4.196494454856562e-07
682 2.1084486636088664e-06
684 2.8729022721607485e-06
688 1.2411575724275804e-06
699 4.3060501237515335e-07
708 3.2943358542852105e-07
671 1.9120713177773343e-06
