415 3.3771047042168804e-05
490 0.000253106356266258
222 3.403564392292247e-07
120 5.6719277285265534e-06
46 4.5148591676586336e-05
32 7.106812245193312e-06
35 1.255309384717301e-06
47 6.202668646296907e-06
221 6.146149397572786e-05
484 8.875438755761439e-05
507 4.649223992018262e-06
573 3.481391525969939e-05
285 5.601637003447264e-06
414 1.1226045468919976e-05
1 0.00011352955147398
3 0.0001681082381499794
21 4.9585055208838625e-06
34 4.517931877027179e-05
42 9.633107598664324e-05
48 5.784658973166712e-06
145 1.0598306041091123e-05
226 4.4497254731456886e-05
0 0.00020101758540556368
29 0.00019458955587022594
149 1.598958551214476e-05
310 0.00010219213137529733
676 1.3886220681398898e-05
249 3.6676641046496335e-05
53 3.120343503056465e-08
61 5.5192768373915186e-08
66 1.1224214945459704e-09
90 7.504969212162315e-08
95 6.99011222618364e-08
100 3.753844066006537e-09
103 3.835253931852632e-08
111 2.5768968597841188e-08
133 1.5422487755666946e-09
137 3.9447671206525083e-10
214 2.091226731446619e-09
234 4.8833617585333955e-09
239 3.3836417337754274e-09
264 7.743949375637294e-09
267 8.311227262311818e-08
269 1.8781556460642818e-08
273 2.1986170575411776e-08
277 6.029185410853345e-09
293 1.0519858837606683e-08
348 1.8587905856717238e-09
351 2.943379027771163e-08
369 4.876735363321938e-08
397 1.7234328838385043e-09
539 1.132798155883144e-06
610 3.328341038211988e-08
633 6.71542356312232e-08
636 1.4790967437091333e-07
725 2.1690597912412257e-06
2 4.893833996484819e-08
7 4.7011073165404025e-09
8 3.153316514911896e-08
13 5.0049175604095214e-09
14 1.4210854319834408e-09
15 4.839116539558524e-08
22 5.513800267142158e-08
24 7.60007378084001e-08
54 5.43889863084032e-09
55 3.328512345248069e-07
62 1.9017819104290352e-07
63 3.383097051602522e-09
64 1.288688374887318e-07
67 1.4329226212944911e-08
75 1.5149862983689839e-07
79 1.5627910165548254e-09
93 5.8371026632595256e-08
99 1.2536174664475787e-09
101 1.8810136571554895e-08
104 4.2284365279337983e-08
107 2.7510884350726115e-10
118 5.205117593372685e-10
121 1.0614356962504497e-09
132 4.504160287145157e-08
150 2.0045622500229843e-10
156 3.5294759232394585e-08
158 4.266107857216502e-06
160 3.993526681645601e-06
165 5.850427615619829e-06
194 9.415178771978444e-11
198 1.1880020863168154e-09
200 1.563453108102236e-08
204 9.58784218032048e-10
205 6.950377163218462e-08
209 2.0223852896468104e-09
233 8.256409257176017e-09
236 3.0467442930689807e-09
240 1.135554847147793e-08
254 3.99482571335376e-05
256 5.081128108302373e-09
261 2.420226335041002e-07
262 2.7673777010946607e-09
263 1.2103961824159962e-08
265 1.8710388104468348e-09
270 1.2730121698977302e-09
272 3.779441020095698e-08
281 8.267505720266019e-08
282 4.77303636518015e-08
284 5.8057173907123235e-09
289 3.1055161127628524e-09
292 4.511027376181228e-10
296 4.465894058507974e-09
303 1.072573288370438e-09
305 1.4593713901626085e-09
312 4.578330053213123e-09
321 2.3659128361435366e-08
346 1.3638615968230724e-09
347 3.6311425404491976e-09
349 1.4536437297414126e-09
353 1.329486633248404e-09
387 1.6757960706859135e-09
388 2.0127652753527826e-09
406 7.407788955590851e-09
433 1.3385276542933765e-07
439 1.213784310649997e-07
440 3.223581205674945e-08
441 1.2506288961607609e-06
442 2.431255264932026e-06
445 4.7240633904127645e-08
446 5.617549898115739e-06
450 1.007917463815065e-08
451 1.0854329629791242e-08
452 6.786939297575544e-07
455 6.420315633828652e-08
457 8.363867215781362e-08
462 1.865653679275737e-09
468 6.261989929361803e-09
473 4.6086059705147413e-08
475 5.012175465885402e-12
478 4.496749966588366e-08
480 3.199299979444981e-08
488 0.00010292987321751378
515 3.5996062754897825e-07
518 4.1854800510558315e-07
521 2.4390054408504164e-08
525 3.056473968271359e-06
526 2.3013882072218227e-09
529 1.7320747133730208e-07
531 3.670402825165299e-08
533 2.875180214569179e-05
535 1.145558886189991e-06
536 7.548769588529183e-07
537 4.8667375746215465e-06
538 4.903449141253189e-08
540 2.5999876158576838e-08
543 8.071788081909441e-08
546 2.185111573700064e-08
549 4.2655286433087786e-08
550 6.313211242854562e-09
553 5.277090138069033e-05
572 8.462123478767163e-09
608 7.643827454614233e-08
609 4.2621163663972866e-08
611 3.932845923158005e-08
613 9.524459356526431e-06
615 3.3350772330738366e-08
616 2.9086809155266223e-07
620 5.5963037218150257e-08
622 7.807297040073007e-08
624 3.25538214987613e-08
625 2.593041870914468e-08
626 3.00552881898155e-08
627 1.1244614964504744e-07
628 6.864760810049847e-09
629 9.226674851841521e-08
630 8.598806509351585e-09
631 2.8271824685213363e-09
632 8.384545454655402e-08
635 9.120597834322653e-08
637 2.471428563082815e-07
638 4.125540705580545e-09
639 2.608992624750075e-09
640 9.29375937414585e-08
641 3.922370957205028e-08
642 1.6101146292385605e-07
643 1.0406489778618627e-08
645 4.223189268339514e-09
646 4.8147018111252954e-08
647 2.7558268656361017e-08
648 6.595326330635375e-09
649 3.052668278079912e-08
650 2.980490338724472e-08
652 1.3737176319928317e-08
653 2.620911725108807e-08
654 2.9784846405883467e-07
655 4.41448051901819e-08
656 4.4954433950858596e-08
657 4.184869038799784e-08
658 2.397763174566035e-07
659 2.4902474593412164e-07
661 3.3941988810770894e-08
678 1.338528565757975e-05
692 5.160348725885593e-09
724 2.5159548751683975e-09
730 5.460874032178822e-09
731 2.3448242231573128e-09
381 2.2183908771267288e-05
52 3.5397578305677275e-07
83 6.164261550526988e-10
98 8.707208199059401e-08
102 1.3189639587018284e-07
108 3.738425048294885e-09
119 1.3374140362764299e-08
134 6.911403308049669e-10
138 4.0090800191777875e-10
172 1.021432813553256e-05
218 5.899383091382454e-10
266 1.4927851814371406e-07
268 4.9938460840745827e-08
274 5.631308838029065e-08
276 1.678664330168523e-08
283 1.5090279490930435e-07
339 5.9303252808531e-09
350 1.3672994290380075e-09
363 1.045997903853074e-07
370 2.2434430836939632e-10
465 3.0401775777352717e-07
528 1.637074357960945e-07
612 9.297509177697281e-08
617 0.0001311839894528477
726 1.0032017809426925e-07
92 1.864210900719744e-07
97 1.7585014965616264e-07
117 1.1294678934970362e-06
280 3.3258323935455894e-08
354 2.0191918613964783e-05
423 1.614249571870236e-08
493 7.448190225126396e-05
504 7.897277853905218e-05
91 2.471343653771569e-07
489 8.25751003044213e-05
76 2.0631416044152317e-09
77 2.063141604415254e-09
23 4.9242804496364057e-08
210 2.0412064642871178e-08
212 4.365835175552484e-08
26 1.441603888354756e-07
81 3.109869137509299e-07
126 2.99497251363189e-08
127 2.0686855690925625e-07
399 2.7617604531658348e-09
436 3.7878097703742605e-07
454 2.768288374509087e-06
722 2.2026959345574712e-07
575 2.3019516339084415e-05
217 3.1083851286489285e-08
216 5.7931315874916487e-08
621 1.0759406213933536e-06
408 8.670912900620302e-06
466 1.8512558501355837e-07
57 1.2022295486938477e-08
69 2.0735417290775936e-05
74 6.167397344195948e-07
425 1.1384163199163564e-09
651 1.0938744552359866e-05
410 1.2155310642380286e-06
84 3.4917203909706514e-07
427 4.241984535103138e-09
309 9.544166301337074e-08
72 3.628767696123822e-07
402 8.915374492563354e-10
428 6.179092006190097e-09
78 1.4232021318574718e-07
424 1.0898860789608336e-08
58 6.987707043944499e-07
70 5.837271626144765e-07
243 1.823224933334422e-08
396 5.2369277741606e-09
418 9.40685208458674e-09
421 2.2870698332877976e-09
430 6.6717889608796905e-09
729 4.988801657114985e-10
619 1.1943484399942537e-05
213 3.180402179029038e-08
290 4.261796794571631e-10
50 5.157424890419121e-09
431 1.496912727890447e-08
215 1.002458162645069e-09
241 2.1905335883248074e-09
720 3.1878149384843813e-10
723 1.9346053821849824e-07
318 3.202602791398878e-07
180 7.52881206457864e-09
142 5.257605097407582e-10
220 4.1427397927646075e-07
398 3.6191765622728824e-07
395 3.9546494918500865e-07
404 1.4980587641011706e-07
