11 2.9852259072692242e-06
19 2.681230207405017e-06
33 4.543434775402272e-06
37 7.099555626501774e-06
136 4.958315730555407e-07
167 7.468423859335803e-08
196 3.3069684056896664e-06
232 2.454402075438248e-06
257 2.200921933202626e-06
279 3.1338733112587047e-06
286 1.7967579986103713e-06
298 1.5546744094032124e-06
307 2.4920809097619027e-06
326 2.3495400635137914e-06
327 2.859532493440019e-06
343 3.3407395415622116e-06
360 3.4373961275693424e-06
368 3.4467617330603775e-06
417 3.641880339813135e-06
444 3.4949020587314213e-06
453 1.767366585492302e-06
463 6.7779831384492e-07
474 1.4833301596387342e-05
482 1.3132708344017762e-05
491 3.7098873601896377e-06
508 6.414569906277552e-06
566 9.349885598801322e-07
576 2.202951126981359e-06
581 5.6409205570863766e-08
583 4.073845793359693e-06
587 2.6187341687543234e-06
591 1.5120749987379711e-06
600 1.1698494089574896e-05
606 4.043791852787253e-06
663 3.157486510619884e-06
667 3.0585682325894034e-06
672 2.208479664466928e-06
674 1.6693248077113825e-06
679 3.009740919644091e-06
681 1.1303616776734325e-05
685 5.1535567512154865e-06
700 3.7466876684435244e-07
703 1.985341918039228e-06
709 2.273822611948105e-06
719 7.601352112692507e-07
187 6.909611040119648e-07
592 1.0979859650607366e-05
707 8.023706563414011e-06
356 1.911109322200029e-06
495 1.0530505700383498e-09
505 6.110662640804263e-06
623 1.2689989222783604e-05
39 3.1062653768346116e-06
547 5.511917022058732e-06
379 1.4317523141826233e-06
382 4.160360729331172e-06
634 3.2210607776366718e-06
416 1.8937249984327964e-06
245 3.532481217037765e-06
