11 5.399966127805034e-06
31 2.0099854231627873e-07
33 6.8406365839940826e-06
37 1.689934154662008e-05
39 2.7580506332173866e-06
40 3.748148175598583e-06
43 2.35864142256562e-06
59 1.3062342565097263e-06
113 1.396684372567193e-06
115 2.4797587856888e-06
170 5.430862762154199e-06
171 1.9066685522029529e-06
251 6.0727242133121985e-06
293 6.055636024974273e-07
296 6.996380773149212e-07
305 2.294375199884669e-06
322 2.270386677243862e-06
323 7.00478360717644e-07
325 6.159834153704402e-06
330 2.0485174593495657e-06
331 3.6767884449465687e-06
334 3.7769465152464163e-06
336 6.788833355815898e-07
353 2.0805436072271104e-06
354 1.924624546471904e-06
358 2.650878755142271e-06
366 2.1281481722885755e-06
373 3.6962403739699664e-07
377 8.776055180798067e-07
378 7.775578151391471e-07
380 2.4472076900047173e-06
414 7.65726691397753e-06
416 2.132702265319219e-06
460 2.2587045139492184e-06
464 3.4456386131127044e-06
468 7.834192876948828e-06
490 9.103775959639512e-06
498 9.390032277819125e-06
502 6.042377744854647e-06
538 1.6970632610757885e-05
543 1.4243412637862873e-05
545 3.8642536317073454e-07
546 1.7549045805096667e-06
555 2.970435213902139e-07
557 7.870006211914678e-07
560 1.1071715145874262e-06
567 5.548686321553348e-06
571 6.375469362100515e-08
576 3.8674637088372e-06
577 2.773114748143935e-06
579 5.977116470682152e-07
580 2.989001047102575e-06
581 9.001652514125092e-07
582 1.880123829685139e-05
583 1.2027964767101979e-05
590 1.3210947833162304e-05
592 5.630143649090201e-06
596 1.5491784993154213e-06
604 1.5550947884269161e-06
624 5.450404927243538e-07
634 3.6162548315902336e-07
650 8.713565098079257e-07
661 5.587588328724985e-06
662 8.6247412039326e-06
663 1.8812958021667009e-06
664 3.766434264747033e-07
668 4.47774719654751e-06
670 1.958087711861743e-05
671 7.073120470908838e-06
673 2.2165663674443892e-06
674 5.98213758785316e-06
676 6.727713396121485e-06
677 1.4663415926917593e-06
684 2.1950300303986663e-07
685 2.029866429003897e-06
690 1.148781447003412e-06
691 4.36061357613424e-06
692 7.160557351187777e-07
703 2.0269699303875284e-06
36 4.9217442806650415e-06
317 6.683872584812556e-06
324 7.554237016081505e-06
495 4.1419221210698127e-05
521 1.230918122076971e-05
587 1.7065562734696677e-05
613 2.5546654643304588e-05
340 4.523426160620076e-05
