19 3.2822461731381813e-06
572 2.2562398404510787e-07
441 8.747294891296164e-06
697 1.986182945500888e-06
666 5.051784099142002e-06
689 2.444535428460854e-06
49 2.1726320152591573e-06
432 1.8526166197074539e-06
450 6.145037325804448e-06
678 1.0604519672275768e-06
483 2.8296835205311583e-05
51 5.054744122427103e-06
187 5.151987892541356e-07
550 4.558024089152434e-06
700 2.7884294550722503e-06
44 3.830478182066553e-06
136 6.970804859315371e-07
167 1.490605666931418e-07
179 4.868395167990767e-07
186 1.7242110926851134e-06
206 1.5828077785734044e-06
223 6.1941499990449735e-06
381 1.231447414896079e-06
586 3.9295659650454325e-05
698 2.8049098094902118e-06
693 2.841953430597506e-06
227 1.9191138551585658e-06
501 0.00011572385663229876
585 3.2232608964307774e-06
688 1.1640479146584757e-07
694 2.2121303114794861e-07
584 4.183990662964847e-06
224 1.056397491813129e-05
230 2.607491513290753e-06
236 4.821726368972324e-07
255 8.636235558788214e-07
284 2.4560508344118336e-06
335 4.6400193932964945e-06
341 4.508533628003224e-06
570 1.1229533054238036e-06
656 1.1867118468986734e-06
658 2.355083198549389e-06
5 7.234220404958253e-05
38 5.816822575783729e-05
56 1.3051394783449773e-06
130 1.8202994306942462e-06
222 2.0690527709787735e-06
228 3.656409920763768e-06
237 2.379916845938281e-06
475 1.4294883155446053e-05
594 1.0444073638061176e-05
686 4.725555758028058e-06
219 1.623113579801817e-05
329 2.5693690882612617e-05
20 4.537655234433754e-06
30 1.8760477752515137e-05
94 2.279502935470016e-06
333 1.196515842839262e-07
467 5.770286498771049e-05
652 3.624526535428929e-07
660 5.87225545584602e-05
704 3.831499561195694e-06
716 6.235732521567712e-07
446 7.100072034351497e-05
494 1.1772087403181877e-05
523 2.090260155330582e-05
129 1.621046357678284e-06
196 1.749738452277873e-06
318 7.592660317559213e-06
320 3.957070587650407e-07
390 8.007275745137662e-06
508 1.0079397393086973e-05
655 5.9800842435040845e-05
131 3.6790035545673856e-07
299 6.748370745327041e-07
440 8.481509869748729e-06
496 6.146031011701572e-06
683 2.5219937132479533e-06
696 9.856353673756218e-06
578 8.329041637532244e-05
229 2.235487749238734e-07
473 6.526044918036086e-06
589 1.2042708682626347e-05
608 9.669003337385588e-07
653 3.0757682689807984e-06
708 6.797970249159391e-07
88 5.0220128392131525e-05
87 0.0001580272862043467
277 3.9713538274242205e-06
355 7.8084322642674e-06
426 7.949321368738691e-06
657 1.0673466120412619e-05
672 0.00010311669259244507
357 5.298873457131606e-06
141 1.5069319789070345e-06
162 2.2742171744612323e-06
231 2.212133845346244e-06
314 9.152157890009221e-06
444 2.613058368751026e-05
478 1.3780594784346377e-05
500 4.972245813766798e-06
588 3.4504467726040576e-06
701 1.2674520827851041e-05
178 4.262576128032574e-07
245 2.806745448926405e-05
249 3.765272483526152e-07
258 5.5150787764448555e-05
304 1.6987693806477253e-06
321 6.862685060766994e-06
327 1.7519204248962788e-05
469 1.5128095397163367e-05
471 2.0814772682923674e-05
509 1.096625239469257e-05
654 5.9059727565145336e-05
695 1.3009068649535177e-06
705 4.863411827686324e-07
717 2.771991599770917e-06
192 1.2627089042719847e-05
73 5.9711302479070496e-05
96 3.242333796324901e-05
123 1.0789758070315676e-06
211 4.847904342145585e-06
248 1.107576341148911e-06
360 3.750447915212863e-05
376 5.750006522149274e-05
434 1.9926446874904643e-05
503 3.519131797989391e-05
504 4.183512049314974e-06
505 8.494463517121383e-05
558 3.005370506140047e-06
675 3.5153240774606626e-05
702 1.1102047432497175e-06
707 1.7045526358161209e-06
41 2.947277524923545e-05
147 9.347095190576936e-07
122 4.769058604376052e-06
518 1.7793775888504172e-05
9 2.5188348596338343e-05
46 4.777432933080589e-05
47 7.210566695720067e-06
80 5.0750848876821875e-06
143 5.669676262794355e-08
184 2.7890332658053434e-06
191 3.4901112278447748e-06
283 6.186140637887688e-06
292 5.947734344031206e-06
297 2.8609612140250937e-05
312 2.5046995105252628e-05
332 1.7926094641431232e-05
343 1.0942745012422362e-05
372 6.806029860089874e-05
374 3.7281652190233424e-06
413 6.519401141623716e-05
417 1.392266145713332e-06
429 3.6305865617092714e-06
435 8.754069836503961e-07
493 1.1807377846080886e-05
533 5.620466395345265e-07
539 3.941778247043307e-07
547 9.598401603673995e-06
549 0.00012701615704627524
554 8.628470184487406e-06
562 2.7553912513430112e-05
659 3.4529646084099145e-05
482 1.2038669221100355e-05
128 2.39504188064059e-06
472 9.039512722067171e-06
488 9.158780965737809e-05
591 2.8275688747457183e-06
680 3.341432528950898e-06
