17 8.604985392277091e-06
12 1.2609392694299298e-05
16 1.8956765755704287e-07
28 4.077905752563838e-05
52 6.058377074764883e-07
58 4.5584104013395265e-07
61 4.7215182612276517e-08
68 5.823432700239487e-08
69 2.1473230434737263e-05
70 2.4262573922652265e-07
74 4.971901182971825e-07
75 2.8555276089435416e-07
82 1.4233849410796163e-07
85 1.5341131621572588e-07
90 5.0589027378574873e-08
92 1.1951678576476735e-07
95 2.7431991218979197e-08
98 4.863308840568998e-08
100 1.923071324434417e-09
102 8.304748666053332e-08
103 1.9194834692639442e-08
110 1.0956558520978845e-06
127 2.2140352055142112e-07
140 2.7599352725267573e-10
144 7.08278678553229e-11
148 8.679392876629704e-08
153 0.00012341253139162722
155 3.867860417881838e-05
159 4.193359368122368e-06
161 5.7442887848394654e-05
164 2.5710694098069104e-06
166 6.924656447769195e-07
168 5.34575643527894e-06
173 9.980143137792675e-07
174 7.228420277884865e-07
175 2.537974596387977e-07
180 1.596357862336128e-08
181 6.570265176138642e-08
182 5.3817839185511924e-09
197 1.7241494615671556e-07
207 1.5480323425652408e-07
210 3.5939297992596744e-08
212 4.3932600188729785e-08
213 3.511947301634321e-08
214 7.676543942084099e-08
240 1.5024708485277128e-09
242 7.035211818906404e-09
265 6.493852549649034e-08
266 2.165140681180614e-08
271 2.0313464234688385e-08
272 3.005665149333824e-08
278 6.148777315037802e-09
281 1.2328647064541949e-07
286 3.6103398315766017e-06
298 2.0781137429689591e-07
307 1.1616115456820138e-07
316 2.5896959676374564e-07
338 1.1830350752884277e-07
361 1.0192428454344075e-07
365 1.0625608333023072e-05
367 6.322206248339831e-08
368 6.422808686156851e-11
369 3.195255851784526e-07
371 1.1195785577483515e-07
387 7.52810310934628e-07
388 2.914181504541044e-07
394 5.877541491106204e-09
395 8.549871170433659e-10
398 4.4806734734234353e-07
401 1.6358677947414915e-06
403 1.1742518578220424e-06
411 4.7319416580723016e-06
418 3.9093811050492837e-10
421 2.143999505504303e-09
424 3.330283418885563e-09
425 1.3223211905154168e-09
427 1.8142700888086923e-10
433 4.1268340530847514e-07
451 2.73532402903188e-06
458 1.4897917022111783e-07
463 1.5474373985417408e-07
466 1.3407215200253568e-07
477 6.577454483596304e-08
479 5.899352940326723e-10
481 0.00018921342099528416
487 6.83469240912601e-06
492 6.111691400472468e-07
506 4.819947442651238e-06
507 3.62553788148908e-07
511 2.2177127781284903e-07
513 8.869579256711574e-07
520 1.9028684262744143e-07
525 2.4864527601358875e-07
535 2.0337374113669914e-06
536 2.0600371000790817e-07
542 1.0519517379222007e-07
552 3.0416923546996543e-06
553 1.5844180352227774e-05
556 9.149062179192144e-06
569 1.7643106049922213e-06
574 0.00011278974801157501
600 1.1802252638007901e-07
606 3.231430395369739e-07
611 9.071731690934723e-07
630 2.257798965104471e-07
632 1.825903544940242e-07
644 4.3321801130337247e-07
687 2.14172707546355e-08
699 3.5077222534331804e-08
709 2.1526437155770863e-10
711 2.173221642744872e-07
714 2.427786685469683e-06
715 3.5661141368667245e-08
2 1.26342812828544e-07
4 3.4062282706966123e-07
7 3.186542382262243e-07
8 3.201864104775882e-07
10 0.0002085501558212167
13 1.2496717341523392e-07
14 1.1888069324388253e-07
15 5.247415896724093e-07
18 1.508417237754939e-06
22 3.691485910327753e-07
23 1.8126035323772658e-07
24 3.730613925485452e-07
26 2.0678909667725175e-07
50 1.083089764024049e-08
53 4.5279144017379724e-08
54 6.443172714008914e-08
55 4.3135378363508536e-07
62 2.674839584073648e-07
63 9.47737687065619e-08
64 2.151524584268831e-07
66 3.1434800975084257e-09
67 2.833139841130172e-07
71 1.5320156598871285e-07
76 3.372600739872771e-08
77 3.372600739872771e-08
78 2.904852050501744e-07
79 1.9464692665278715e-07
83 3.716616453878225e-09
93 1.4697273053394104e-07
99 7.623875001170502e-08
101 4.162165243715601e-08
104 7.685658958447383e-08
107 6.319808895285215e-09
108 7.622852523077698e-09
109 8.484579613215902e-07
111 2.8620339107437308e-08
112 4.9979018786638866e-09
118 1.2714815089461998e-08
119 2.4180890862494035e-07
121 3.278670451815337e-08
126 4.688753850953922e-08
132 8.576960361982095e-08
133 1.3947749552792593e-09
134 6.282317076167741e-09
137 2.6587955866124737e-09
138 5.638118391555257e-09
142 1.9327036909305305e-09
150 2.155995348029805e-08
156 1.1941391768650194e-07
157 1.6256408429208195e-06
169 4.576129271158013e-06
188 3.284035749279242e-05
190 7.90054244239091e-07
194 2.331559337565885e-09
198 6.210733066609973e-08
200 3.5870569772653014e-08
204 6.789611655654043e-08
205 1.0872634164921839e-07
208 1.434071838135951e-07
209 9.730705913745099e-08
215 3.0618674325904917e-09
216 9.398358289445128e-08
217 4.300257406291903e-08
218 3.0790362870993935e-09
220 3.0867737933352447e-07
232 2.181512345063751e-08
233 9.08786680178974e-09
235 1.3435097046880637e-08
238 1.897398229698505e-08
239 1.7961699890672477e-08
241 4.962469916020286e-08
254 7.148795293735804e-08
256 1.1752985442950874e-06
259 3.064237247735648e-07
260 7.180719173412426e-08
261 2.3684393091788274e-08
262 5.996670088533081e-08
263 6.144890131821286e-08
264 1.76063815491374e-07
267 1.8995807929923656e-08
268 4.363987160266611e-08
269 3.132725724646423e-06
270 5.905693481095527e-08
273 1.0504735053380482e-06
274 3.107121166299228e-08
275 5.03781007008007e-08
279 1.3646620550546037e-07
280 1.1408160711098368e-07
282 4.858578655389576e-08
287 9.134714315239358e-08
288 3.6510011937545914e-09
290 4.262469586794123e-08
291 3.443288077419512e-08
294 4.132629161516351e-08
301 6.016378908614376e-08
303 5.4725083803968044e-08
309 1.485170813229985e-06
310 1.445091737856137e-07
319 3.352022968034614e-07
337 5.0956222367354266e-08
344 2.479929426436589e-08
345 3.668779508485331e-08
346 2.595412878544215e-08
347 5.5427739363176266e-08
348 2.2474544816194528e-09
349 2.9966442764392046e-08
351 1.0839250562867711e-08
363 2.568613869061268e-05
382 7.469484906652133e-07
385 1.5458801916450854e-07
386 9.174848176351977e-08
389 6.268433204040953e-07
392 2.491904157672367e-07
397 3.123365805078818e-08
399 4.722152625934428e-07
400 4.3881860021664645e-09
404 6.921909294290097e-08
405 0.00010568264929323441
415 1.0622541766020259e-08
422 4.149905279560939e-09
430 2.615752132843254e-07
436 1.6327525499948814e-07
437 1.7384113129575492e-07
439 2.5479466258057793e-06
442 2.487973142590934e-07
447 2.764720364594802e-07
448 3.004229223452376e-07
452 3.108226614996511e-07
453 1.6436007451828535e-07
454 2.5386955137680207e-07
457 2.9797334770390993e-09
459 4.544856936869497e-08
461 6.670887373321536e-07
462 3.648270486482326e-07
465 1.1908345852212452e-07
470 1.4734399046833512e-07
474 1.2244761805340165e-07
476 1.2808235230328756e-07
491 9.4142232265062e-05
499 0.0005192191405479939
510 5.818727523540626e-07
517 1.916257423787695e-08
519 1.5592010769820013e-07
522 2.0914736512657403e-07
526 2.007974398657244e-06
527 7.839867759285828e-07
529 2.962840832058237e-07
530 1.2172925387185218e-06
531 8.681694576252413e-08
532 3.055894392629428e-07
534 1.7934207589077841e-07
537 2.7890710128109415e-07
540 3.007454973726664e-07
541 1.4483028193723308e-07
551 8.542981266747171e-07
563 1.219060578254196e-07
573 5.1060624047641066e-05
597 1.824828168479955e-06
598 2.0667426721858144e-07
599 2.4664311275908504e-07
601 2.221205578085162e-07
602 1.6943747247127002e-07
605 2.9831360326881255e-07
610 3.017021779436998e-07
612 2.0055619924222563e-07
614 2.7129659744808566e-07
615 2.1575018064160234e-07
616 1.98384413950543e-07
617 1.837040373141004e-07
618 2.0172769060209117e-07
619 2.889937552458371e-07
620 2.1965927226371214e-07
621 1.883731565300862e-07
622 2.639333438674341e-07
623 2.640308035585844e-07
625 2.7375607984523687e-07
626 2.658472835691919e-07
627 2.7217419800105505e-07
628 1.995020576557003e-07
629 3.0072010740477833e-07
631 2.1836379698603652e-07
633 2.9047683737511617e-07
635 3.10899790843815e-07
636 3.5658254893816995e-07
637 2.417267620016169e-07
638 3.0934718101703033e-07
639 2.7063041974495274e-07
640 2.2201466212991774e-07
642 2.343919358423381e-07
643 2.0034990142051155e-07
645 1.6466006533601952e-07
646 3.588548266306911e-07
647 2.4306617582900926e-07
648 3.780885129477039e-07
649 4.937628852326597e-07
651 1.8583234068267135e-07
681 9.537022469029051e-08
713 2.92153148219662e-07
718 7.067485715667986e-10
719 2.6965405263149615e-08
720 2.5629212914882658e-08
172 1.2095665094740762e-05
45 3.147457833621558e-08
72 1.7123602280213788e-07
81 2.7424793675773073e-07
91 1.278845548931945e-07
97 8.888833930123824e-08
146 9.918453382363134e-11
151 1.550576183036476e-07
193 7.908759203379027e-09
195 4.1362190601009446e-08
203 1.9824731632772176e-07
244 2.2971033717900486e-07
246 2.097666602510394e-07
295 2.9330436912996697e-07
311 1.7996317044381466e-05
339 8.010318943243989e-11
384 6.870962155270013e-06
391 9.323576027681024e-06
396 3.895570836651557e-06
410 1.957056074322078e-06
428 3.1324044466201117e-09
443 6.3196620290374414e-06
456 2.2959722330513433e-07
528 5.737269798139904e-06
575 2.4741284186617505e-06
710 2.0180832760038575e-06
712 6.850637238222837e-08
402 3.0633697550944707e-06
84 1.7990311467300482e-07
406 9.547474730217448e-06
438 1.3446132330852524e-06
516 2.7539396241490606e-06
669 2.888501375069237e-06
86 7.883190700622553e-08
154 9.080068955910371e-07
177 2.3014777101428708e-07
185 7.908649459467146e-08
202 1.5231769519442978e-05
313 4.6274552988566794e-05
315 6.34219920519045e-06
362 1.2624942329858256e-08
393 6.170968879346572e-06
408 5.7461368350893e-06
420 1.0129931695520744e-08
641 1.1902249099132769e-05
27 1.3647034326152084e-05
106 2.1979374933534475e-06
419 2.925493668141018e-07
89 4.952997436272324e-07
152 3.4981596971709165e-06
449 7.384199477806369e-07
603 9.814104673915124e-06
595 1.7324894483673715e-06
139 5.494335109125633e-07
60 7.912165660165187e-07
189 1.0234090175734329e-07
201 4.7829296930466796e-06
383 5.193577236793471e-07
445 1.214539933366565e-06
607 0.0001490350477261166
609 1.0718074880641484e-05
105 6.674317231532931e-06
667 1.4926784695084764e-05
57 3.357144560778438e-06
135 1.9412920271157197e-07
250 2.132731199295893e-06
199 1.586844741507015e-06
359 1.323200977936858e-05
514 4.741904719177936e-06
6 4.794948309123793e-06
125 5.6964851597893395e-06
431 6.218450083174153e-06
484 0.00014011891103934453
524 2.9876012687587993e-05
665 1.4491455924332012e-05
409 3.931487670373048e-05
350 7.317336257585876e-07
300 2.670842092750409e-05
356 2.8211454668604855e-06
566 2.294345559234386e-05
29 0.0002343278299460985
158 4.714517723608651e-06
497 8.720532111533486e-05
489 0.0004053899344077821
116 6.843293437427759e-07
1 0.00016037661609557738
165 5.928945949502768e-06
512 1.6714245393467526e-05
289 2.302065163192652e-05
114 2.8692386909047607e-06
117 1.1997017180951847e-06
308 9.143442708125569e-05
326 3.1658144917169448e-06
375 3.893941242083749e-06
561 1.6434203261435558e-07
568 3.8597464072572444e-07
247 4.869911606803551e-05
183 3.5463774793216576e-06
25 3.7285974490867523e-07
65 2.7311579806515384e-06
149 1.9541760410802055e-05
226 1.1149886517926836e-06
253 3.3496695007958593e-07
257 2.519578882179403e-06
285 7.374303078700672e-06
370 3.3156516932875105e-05
593 1.1475436302628194e-05
3 0.00017237982592763465
252 3.844316224731919e-05
48 6.517694223664743e-06
124 1.8612767076408172e-06
352 2.1464219316787302e-05
364 2.470019472013294e-05
706 3.238239788041076e-06
35 1.3950139578566397e-06
225 4.5069441420531677e-05
0 0.00030051935469685794
42 9.800278413486136e-05
160 4.628028254617141e-06
379 2.5095978368925852e-05
455 4.841619451695815e-05
515 8.207387111286065e-06
544 4.9209486196362524e-05
559 5.495125360904885e-07
682 7.046862548946808e-07
34 4.405612661324551e-05
234 2.6518279786603916e-06
243 5.0813957438068094e-05
412 1.1050038841773147e-05
564 3.401759530232647e-05
145 1.215039977687539e-05
163 3.142118294349087e-05
221 7.341491948340764e-05
565 4.2575869676074e-06
21 7.844723675363822e-06
486 0.0003733277500321653
480 9.949233935374426e-05
302 1.4886396373329586e-06
342 7.559618228275777e-06
679 1.5693985725754546e-06
328 1.2639602777231089e-05
407 1.1068524627397168e-05
32 8.042040006216153e-06
120 8.55803699862011e-06
276 1.234760361132368e-06
306 3.483224922813308e-06
423 1.8412110647289305e-06
548 2.78340157888083e-05
176 3.2002706955438856e-06
485 0.00014559886460427328
