440 8.788814246810274e-06
141 3.6155650074089496e-06
591 2.3995921130088747e-06
702 2.9408555063789785e-06
480 0.00010778365748218138
570 2.149809763194724e-06
122 9.66013042804846e-06
128 2.983692520172022e-06
297 3.3276498124525925e-05
662 3.192599486874771e-05
429 3.8001061555075716e-06
523 2.787028053039415e-05
564 3.655126134910955e-05
0 0.00029728951966762404
47 6.070602405578856e-06
80 5.66871606991507e-06
120 9.305241891940175e-06
251 1.9065654328887772e-05
283 6.665411625727754e-06
302 1.6919131779888996e-06
472 6.7898565934409285e-06
500 5.146035112764342e-06
539 5.788717160838342e-07
574 8.83860440863915e-05
669 2.4921607490846705e-06
675 4.048395736485633e-05
701 1.6138335118939126e-05
221 7.480205202521e-05
249 9.164112983244866e-07
306 3.1822059621795236e-06
372 7.140123154094884e-05
426 8.517362158743177e-06
658 6.968701406193817e-06
692 2.4145733189890873e-06
588 2.8157290332718575e-06
5 6.273263792448638e-05
32 8.962768266243483e-06
36 7.053096900172837e-06
40 5.8807789199797215e-06
48 6.367801968265733e-06
123 4.30485577818043e-06
124 2.8420347437705785e-06
247 6.203734915224827e-05
258 5.0654031130151266e-05
276 1.4886780285981014e-06
312 3.586308241792561e-05
332 1.756050116480352e-05
342 8.16173159480207e-06
370 3.3077329019222276e-05
412 1.1817581932053684e-05
435 8.099402150940042e-07
485 0.0001607899844575736
488 8.80757555326239e-05
515 1.264293254214099e-05
533 7.527298931119931e-07
562 3.0039605373208378e-05
565 6.1575809379289935e-06
679 2.343645676943899e-06
682 7.260029628082214e-07
544 4.3423029422493224e-05
6 7.636284305453984e-06
21 7.0604148340538345e-06
34 4.493209399067612e-05
42 0.00010100275011860416
115 1.0245604924113133e-05
158 4.757160541879312e-06
160 5.002479395309005e-06
162 2.436804103384813e-06
163 2.583322582794819e-05
201 5.667557288533332e-06
234 3.3653500345599703e-06
285 8.235346911225075e-06
292 8.982506255204055e-06
407 1.582948624217742e-05
434 2.8070330957206374e-05
482 9.529787618706833e-06
489 0.00039973921746193613
493 8.366404011000743e-06
518 1.873005501334575e-05
587 2.7324582837281162e-05
608 2.4649444701225352e-06
225 4.447785828143679e-05
3 0.00014145861928054442
25 3.983609071822746e-07
44 4.316927513223589e-06
57 3.405595116829352e-06
97 3.0855436554598177e-07
116 6.307655178407302e-07
117 1.6390224488192316e-06
135 2.2102002721610137e-07
143 1.1054612157080481e-07
149 2.1120644470359855e-05
152 3.821861436905212e-06
169 3.6498290004553047e-06
176 3.2115696280314476e-06
183 3.317625167568023e-06
192 1.3966950423259879e-05
226 1.0608643562117353e-06
246 3.256650239312662e-07
252 4.1972612718388136e-05
269 3.137281600456483e-06
300 2.7682243587898628e-05
315 7.684124049992136e-06
356 2.6894639246215463e-06
362 1.3849708907086153e-08
375 3.635774826109488e-06
379 2.3329546420995494e-05
409 3.580303969846153e-05
413 6.849335517727736e-05
420 1.981146007133376e-08
431 7.188430414690848e-06
446 8.082302006223308e-05
486 0.0003561550744223758
497 8.706595671225031e-05
502 1.2621914367090051e-05
503 3.991782798901764e-05
512 1.8656750378445377e-05
520 3.180607605908398e-07
545 3.1653398483429e-06
547 5.939572225383065e-06
549 0.0001301508901777969
569 1.8622018674564955e-06
593 8.021507108631618e-06
659 4.4120257585141325e-05
665 1.4508578123996293e-05
666 6.086376586048075e-06
693 3.1606799571853483e-06
1 0.0001284096070529202
91 3.4373499805225023e-07
100 4.72881396422121e-09
243 5.7725325530500675e-05
641 1.2153336458395726e-05
10 0.00016975728236597333
29 0.00020893682515934104
45 9.702857401435514e-08
60 9.382936531402783e-07
65 3.554748218292848e-06
70 7.22522312898808e-07
86 2.2477585154609645e-07
114 3.139681828152222e-06
131 1.3000793151341311e-06
139 4.713691486635383e-07
145 1.1193036852543613e-05
164 1.709506169664126e-06
181 1.0617954496142406e-07
185 1.931929867187428e-07
189 2.0177719547269877e-07
191 5.643367866940407e-06
253 3.464494443124483e-07
289 2.241635080095352e-05
294 4.264287704283539e-08
307 1.628594265294432e-07
308 8.952678342137563e-05
321 7.533734453642038e-06
322 6.6646582572554215e-06
352 1.886599056406164e-05
364 2.2041502822733247e-05
390 1.0441190324648755e-05
445 1.1182295843359833e-06
455 5.129427658877985e-05
474 1.409465287161024e-07
476 9.959213588802463e-08
477 1.4594064837225363e-07
504 2.476489986265954e-06
552 2.8125971072224505e-06
553 1.652814044227313e-05
559 4.6026539521967794e-07
561 2.062462704827749e-07
568 3.930929791765955e-07
575 1.7493432746440275e-06
595 9.797962352947488e-07
609 1.2893726815586547e-05
642 9.05175906216118e-08
655 6.999094705518402e-05
667 1.3511996210944095e-05
680 2.956290930231153e-06
7 6.271869439087367e-08
8 7.248231912356414e-08
13 5.525405571118227e-08
14 3.535487191525014e-08
18 1.3086475651429335e-06
35 1.2268783939525584e-06
54 1.8318794250750339e-09
61 6.580088466301611e-08
63 1.0926953510435592e-08
66 2.1446834574933103e-10
83 2.339574973093963e-09
87 0.00018356876736089678
90 1.0450779595901901e-07
92 2.943896790057122e-07
95 1.857014032084179e-07
98 2.1981328678768316e-07
99 2.6796551771379367e-08
102 2.2749037037515452e-07
103 4.541753845950169e-08
104 3.8673590818884515e-08
105 5.493820896690444e-06
106 2.335955958682028e-06
108 1.1172099989488562e-08
110 1.0981849005813534e-06
113 4.918961155339611e-06
133 3.6468707172235788e-09
134 2.3780773220545944e-09
148 1.0633231678704037e-07
154 1.1156343563228255e-06
159 3.594527288604719e-06
166 6.247621998631223e-07
172 1.1110795270721813e-05
194 8.875453295197502e-10
202 1.439442508854634e-05
203 3.346190503377358e-07
207 1.746180195521175e-07
208 1.7047602295042078e-07
211 7.043602235249936e-06
212 3.86591542521883e-08
213 1.2588069098177528e-08
216 5.214066833286892e-08
217 1.9898838914157165e-08
220 4.733417211181703e-07
230 4.369376766203469e-06
233 5.391205869607896e-10
235 7.453476305916522e-10
238 1.0766349236700762e-08
239 1.1756274758417309e-08
241 5.515928890202287e-08
242 1.3116744802282073e-08
244 3.924674419691746e-07
260 7.289763204145617e-09
265 1.1888746717454836e-07
266 7.791800839281338e-08
267 2.2615816526070078e-08
270 7.087329896694463e-08
271 4.487060041681305e-08
272 3.430133154116223e-08
274 2.3686981729996052e-08
278 7.776543687042683e-08
281 2.43680138674466e-07
286 3.1828063380170806e-06
298 2.308165300683789e-07
303 3.10220513784846e-09
304 2.1041236786673472e-06
319 4.799735604186787e-08
326 2.2513825455484105e-06
328 1.1336503055394261e-05
348 3.741783290391559e-09
349 3.3263432813661494e-08
350 6.239967699511818e-07
357 3.4860303234616924e-06
359 1.1880689077912445e-05
361 1.0112554960766981e-07
363 2.888771135291692e-05
365 9.170817578882593e-06
368 1.0296660078102039e-10
371 1.9203076922808505e-07
395 7.067769293992369e-09
405 9.212634907591405e-05
406 8.769883686428002e-06
432 5.546199722682383e-06
447 3.7520198663032005e-08
459 1.2972684178314302e-08
484 0.0001292300770140512
492 3.889821144178683e-07
506 5.024358830256051e-06
507 3.341851999308829e-07
511 3.5372056807203445e-07
513 1.022355667298969e-06
516 2.8541851035471706e-06
517 4.9700810404168316e-09
519 1.6559381134327354e-07
522 4.058519841288598e-08
525 4.451710634578305e-07
526 1.8799404231957548e-06
527 7.323565008691973e-07
528 7.075681040833845e-06
529 2.1816196680973541e-07
530 1.2343726408247575e-06
531 1.998763407099225e-08
536 2.4565735553844633e-07
542 2.5721440301899e-07
548 2.5191691303152733e-05
551 7.121532571479357e-07
554 1.4614055561425807e-05
563 3.124314815413616e-08
566 2.345281565714173e-05
597 1.2297747167079616e-06
598 1.5427833592234844e-07
600 1.8712439300988117e-07
601 9.98839206448572e-08
602 2.2496068051118087e-07
603 1.0141005005169178e-05
606 5.656545198164381e-07
607 0.00012377261422134462
611 1.2824539268620972e-06
636 5.295297374227366e-08
681 6.585064794214374e-08
715 2.0842059132925498e-07
717 2.238780268114055e-06
719 7.58055973537597e-09
2 6.151693336184927e-08
4 2.8299829408421047e-07
12 1.1140203280831977e-05
15 2.2231575030488727e-07
16 3.7245001952059957e-07
22 7.995018909842406e-08
23 6.881493265234658e-08
24 1.0169150247018659e-07
26 3.0409470773379565e-07
27 1.32213447522645e-05
28 3.5684790479388915e-05
38 5.186010144358292e-05
50 2.2188332202702078e-08
52 4.814977277280382e-07
53 6.302891164670687e-08
55 2.958748494848159e-07
58 8.076060505151948e-07
62 1.8174106435418157e-07
64 1.2823044531780677e-07
67 2.8493294032113077e-08
68 2.0540078425695794e-07
69 1.973085219363715e-05
71 2.116025252502046e-07
72 6.023835503211816e-07
74 6.036209204009379e-07
75 1.6288109259147477e-07
76 7.417767070008451e-09
77 7.627767496656305e-09
78 1.7178244094018884e-07
79 6.818586457284233e-08
81 6.46141760620341e-07
82 4.6759103228268725e-07
84 8.615273318288078e-07
85 3.4617153712331646e-07
89 1.2023733575056202e-06
93 7.277978952807182e-08
101 2.2959870787796072e-08
107 9.745043443590274e-10
109 7.514580841425948e-07
111 3.8428620802983665e-08
112 1.0415016799962093e-08
118 2.1327998844102733e-09
119 2.20096047410515e-07
121 2.2263126332260674e-08
125 5.489437330942077e-06
126 2.7593194206259504e-08
127 1.9953766714835068e-07
132 7.442575036994007e-08
137 3.6753965378538615e-09
138 5.634918895596566e-10
140 9.61553925865158e-09
142 3.0585963759050314e-09
144 1.3159193251953773e-08
146 1.2295756785798998e-09
150 3.782741946953005e-09
151 5.248455583129966e-07
153 0.00011820503011725081
155 2.6464284529929876e-05
156 3.316430730293051e-08
157 1.8475651528884993e-06
161 4.399993451401515e-05
165 6.26599414894437e-06
168 4.34480536363358e-06
173 9.353508834906828e-07
174 7.546700735049098e-07
175 2.854343665765273e-07
177 3.718586915194665e-07
180 2.1460378970581163e-08
182 6.093426825174387e-08
188 2.679881622061356e-05
190 7.631606926677251e-07
193 7.975806240085336e-08
195 9.510371295728508e-08
197 1.8284369591356537e-07
198 1.0890586207508406e-08
199 2.544081172744377e-06
200 2.031485407120714e-08
204 5.914424601574975e-09
205 6.450962619557474e-08
209 2.176372173408101e-08
210 1.0917102173845092e-08
214 7.409317989986638e-08
215 3.0155828625766696e-09
218 2.4855383253936316e-09
232 4.472373304623962e-09
240 4.747674532622343e-09
245 3.223463863743033e-05
250 2.154062125506715e-06
254 7.3123177352457125e-09
256 1.1656642954363152e-06
257 1.9414875049146083e-06
259 2.3581751217437518e-07
261 1.4320485010954825e-08
262 1.492429784332611e-08
263 7.074448332393147e-09
264 1.645601964755854e-07
268 1.6226011954137328e-09
273 1.0287447718309657e-06
275 7.881749795915555e-09
279 1.2018205733642535e-07
280 7.279589964664755e-08
282 1.9695748823956483e-08
287 6.6978124028574115e-09
288 2.4407548725118082e-09
290 1.3738746078329057e-08
291 6.679027875086063e-08
295 3.424262074465902e-07
301 1.841555113467537e-08
309 1.434850630599148e-06
310 7.35005348262871e-08
311 1.9545434462340063e-05
313 3.32246707042731e-05
316 4.798907760690302e-07
329 2.6962534126988888e-05
337 1.6254058569102485e-08
338 1.6648150696268773e-07
339 8.17191889167726e-10
344 7.586588754210034e-09
345 1.4259408636050483e-08
346 1.365822344867176e-08
347 3.3974576409064396e-09
351 6.262103624464065e-10
367 8.302798039874774e-08
369 3.038374194090169e-07
382 7.691660503955966e-07
383 5.445035058094244e-07
384 3.489089451415448e-06
385 3.29445477042512e-08
386 2.8461102507980788e-08
387 6.561949378629993e-07
388 4.2833702091735444e-07
389 6.183337030720874e-07
391 4.809848262445219e-06
392 2.0293503064436352e-07
393 3.1912124095261557e-06
394 4.776813591364143e-09
396 2.19450227529613e-06
397 3.3320512681106905e-09
398 4.6650772724592524e-07
399 3.807033282412518e-07
400 5.27038392996649e-10
401 1.7024022237421467e-06
402 1.5969502157233668e-06
403 1.119586717798157e-06
404 4.300700364843276e-09
408 3.665306326158067e-06
410 1.0775563150783248e-06
411 4.80435258784533e-06
415 1.0569858324092963e-08
417 1.2140557488847909e-06
418 5.281777326685049e-09
419 3.166864356666977e-07
421 1.23333388090909e-08
422 1.0639993630558195e-09
423 1.7378200520566746e-06
424 2.376514945885131e-09
425 3.7625322057122795e-09
427 5.806315549497232e-09
428 1.3012654039202302e-08
430 1.6754846480659163e-07
433 7.176349967697192e-07
436 3.7396408090245116e-07
437 6.883684623889939e-08
438 1.7379298593550888e-06
439 2.479341952327505e-06
442 5.236682434544498e-08
443 6.1360318615643e-06
448 3.986385047780506e-08
449 1.8428168426717542e-06
451 3.310635630521802e-06
452 1.199410129473155e-07
453 3.0401899752225654e-07
454 1.4962500333605972e-07
456 5.600212667447102e-07
457 7.727497523353312e-09
458 2.860956519865639e-07
461 8.78299640188962e-07
462 4.141744292572563e-07
463 2.150487194335193e-07
465 2.369729094321677e-08
466 5.170132034003613e-07
470 1.0688661400415366e-07
479 4.3792753582230885e-08
481 0.00017992820551040529
487 3.3793709523711456e-06
491 7.829823535496698e-05
499 0.00045700203014120304
508 2.752003907982329e-05
510 4.289618546777117e-07
514 4.882879542764083e-06
524 3.141789488637207e-05
532 2.0764534348348472e-07
534 9.624503280873226e-08
535 2.2276726556105374e-06
537 4.658840543810214e-08
540 1.0531403276322664e-07
541 2.5917065819026584e-08
556 7.414699680251527e-06
573 5.041092879775633e-05
584 6.809345881275697e-06
590 9.579004048588536e-06
596 3.865466563539091e-06
599 1.2371196876847666e-07
605 5.09407200339293e-08
610 1.8502495029345335e-07
612 2.4758501313733165e-07
614 1.6301396304206948e-07
615 1.6997347449947967e-07
616 1.9105496943779986e-07
617 2.5998765500840744e-07
618 1.2891963560134034e-07
619 1.5664112210716166e-07
620 7.16503018588809e-08
621 4.148823480576866e-08
622 1.2288603996029498e-07
623 1.1831076021536564e-07
625 1.6214873989482775e-07
626 2.1134868902754634e-07
627 3.4703594693459956e-07
628 8.900773147706825e-09
629 1.3219529812830214e-08
630 1.1285252364713826e-07
631 7.182284639042313e-08
632 1.8423091956069465e-07
633 1.652983970620644e-08
635 6.9087645193518625e-09
637 7.879080332683054e-08
638 1.611857965139319e-08
639 8.078057661927878e-08
640 1.1289402425691277e-07
643 5.151453051002101e-08
644 4.5124689318945996e-07
645 1.5852980930656258e-07
646 6.980565415217508e-08
647 8.02958061303869e-08
648 3.6335607424505684e-07
649 2.8175465357287256e-07
651 8.396923095108074e-08
687 1.9737188826479226e-07
699 1.156195170154769e-07
705 6.119318318001599e-06
706 4.0851105337855376e-06
709 6.771970360821947e-10
710 2.518935128017169e-06
711 4.412801061297097e-07
712 5.050034345843757e-07
713 2.8217671872470454e-08
714 2.1429147924913152e-06
718 8.626097148478203e-10
720 1.8554963077972724e-09
