11 1.6124523458774e-05
17 7.65409132290971e-06
33 2.389120139644434e-05
37 2.427608295285268e-05
39 3.3030218437670033e-06
41 2.669696874900162e-05
59 3.1068356242794985e-06
73 5.920275468675727e-05
136 2.8535815479074606e-07
167 2.494912477488752e-07
179 9.756199669365517e-07
187 3.208403329625179e-07
196 5.4638861371815635e-06
219 1.3522697139017165e-05
223 9.261466828745575e-06
228 6.701346907062692e-06
231 2.4135706733625685e-06
255 4.497800796928993e-06
277 1.6559325281928084e-05
296 2.3956818598227194e-06
305 4.545441237906207e-06
317 2.0470932033470648e-05
324 1.4608244397558695e-05
325 1.2582325618368224e-05
330 3.116855617145756e-06
341 4.256345271885668e-06
354 2.1244415058799165e-06
358 1.6778601025160753e-05
360 3.813199944434965e-05
366 5.472806522659532e-06
374 3.7026904603240285e-06
376 6.088805155890805e-05
377 1.4493529654183458e-06
380 3.6687063462376025e-06
381 1.476349415390064e-06
414 1.7511428176176442e-05
441 6.721415455100221e-06
450 3.196529832383837e-06
460 2.74331311173681e-06
471 2.1542517861867075e-05
475 1.4256579333845975e-05
478 1.3136448358242263e-05
483 1.9526456420553772e-05
496 6.51720146406739e-06
498 1.3839269062502895e-05
501 9.301495275320432e-05
538 1.945438910135352e-05
550 1.5169533560404602e-05
557 1.0439735013464115e-06
558 3.11785737226326e-06
567 9.187430708321875e-06
572 1.0743440344410889e-07
577 3.386165810446037e-06
581 1.9444966898866596e-06
582 2.4341877594549118e-05
613 2.1575762958160462e-05
624 2.532428666924739e-06
652 2.8620917333106954e-07
653 3.645584214241224e-06
657 1.1184190477121621e-05
661 1.0235973024511276e-05
663 7.084317348041543e-06
664 2.4343762435010825e-06
668 1.744018901445794e-05
670 2.9066420893708303e-05
672 0.00010999919113649095
674 5.1519375812165436e-06
676 1.594440873496564e-05
683 2.6059424362928456e-06
684 2.4448022477588145e-06
686 3.6549905625133198e-06
689 9.446724813375677e-07
691 1.0822075829158656e-05
694 7.09582347144946e-07
696 1.1212834596951843e-05
698 2.8681734288299065e-06
707 2.4860096782613895e-06
708 6.607652722845139e-07
19 3.695959948086481e-06
284 2.0197742565888183e-06
