9 3.5497645682396346e-05
20 3.6950295099312615e-06
30 1.66355362605929e-05
31 7.445116978866798e-07
43 1.849357719690028e-06
46 4.3920435735450075e-05
49 2.6927540143843494e-06
51 4.3068946073945495e-06
56 6.633630184293749e-07
88 4.4147844851315815e-05
94 2.0065079996107723e-06
96 3.290121397072245e-05
129 3.615853837659458e-06
130 1.5353898640895234e-06
147 4.938569054222684e-07
170 5.151197730804462e-06
171 3.6962453433626514e-06
178 6.223341446765508e-07
184 4.560418673654786e-06
186 4.728663454883885e-06
222 1.7300051824066954e-06
224 1.3924502470158235e-05
227 1.2531110102805566e-06
229 3.5358583349080986e-07
236 4.964039530081636e-07
237 2.1744680298234974e-06
248 1.4162552890556526e-06
293 3.835441643305344e-06
299 5.854865182753978e-07
314 8.963196577961827e-06
318 1.3613808255793127e-05
320 4.3907995269235353e-07
323 1.5760741855029094e-06
327 1.8582777784862607e-05
331 4.329342314906149e-06
333 8.147776930414026e-08
334 8.887747926211713e-06
335 4.21779057723916e-06
336 1.5382062385473325e-06
340 3.353666491901739e-05
343 1.3979479891237094e-05
353 3.5276114150711723e-06
355 8.042320524736408e-06
373 7.943906180135223e-07
378 2.5658486137870716e-06
416 4.2496113348768195e-06
444 3.786360117846456e-05
464 4.442892220857999e-06
467 4.985196438963132e-05
468 1.8954732838811077e-05
469 1.6199498942784653e-05
473 5.4882078851609125e-06
490 1.1783118542285338e-05
494 1.089086447090849e-05
495 4.2876057352080856e-05
505 8.233392439321436e-05
509 7.73178156889658e-06
521 5.932464355045016e-06
543 2.5473335720758934e-05
546 1.927459059388e-06
555 6.04550119042663e-06
560 4.196674019255392e-06
571 1.2628842433857588e-06
576 6.181121809023953e-06
578 7.764113030178025e-05
579 1.2707369252592297e-06
580 3.1453604076594038e-06
583 1.1815839175314039e-05
585 2.911792613058373e-06
586 3.483660633743576e-05
589 1.3383023769787776e-05
592 1.1798703339329423e-05
594 8.452839404168035e-06
604 4.240716023755442e-06
634 5.423763542644772e-07
650 6.246940240593601e-06
654 7.18147600546366e-05
656 1.5124305203018566e-06
660 6.355748040549929e-05
671 9.700168779523061e-06
673 5.37487835731089e-06
677 7.18238048889969e-06
678 3.0916597194590064e-06
685 3.168049620920445e-06
688 3.978803556437868e-07
690 4.9060630316496876e-06
695 1.8715403872809067e-06
697 2.3521063209371475e-06
700 2.074498285878051e-06
703 2.6334126251047212e-06
704 6.40936696250985e-06
716 5.667752804032837e-07
206 2.4046474089339778e-06
