539 3.909522583418301e-07
435 4.731213488827275e-07
438 2.1025989083959687e-06
391 5.25237974501186e-07
411 6.097419468255063e-07
461 9.571097935283973e-07
711 6.693080165549636e-07
625 4.886012144534296e-07
68 1.5794565449917483e-07
85 4.341831882565896e-07
220 3.869714775630004e-07
383 3.036440615814694e-09
401 2.850532101143042e-07
402 2.5950365435448295e-07
410 2.455212899054441e-07
511 6.103318482026853e-07
525 5.162085829395383e-07
611 1.5102049160693453e-06
298 2.4147868059076323e-07
597 1.2883663680942347e-06
18 1.3097416333686318e-06
159 2.862689652841285e-06
166 5.881310659097774e-07
188 2.7389197229145266e-05
669 2.3951871921382185e-06
680 3.528958940596772e-06
363 2.216425911046492e-05
365 9.12316538661549e-06
420 9.081302400609019e-09
548 2.2382614415764214e-05
568 3.334913489948098e-07
16 4.348725683316927e-07
91 1.0810049230634198e-07
92 1.5708090855280376e-07
97 9.28952938897623e-08
148 6.878436110255755e-08
311 1.6616551845009106e-05
388 4.799181086640886e-07
449 1.6949254991293071e-06
466 3.429597839795354e-07
506 5.007247822654366e-06
536 5.631643518596435e-07
542 3.151919295204809e-07
710 2.1892150613600932e-06
712 3.1112968555612443e-07
715 7.813714589753459e-08
86 4.6897893738783165e-08
106 2.063838872600364e-06
116 4.977709120130931e-07
140 2.934892858398499e-09
144 4.396288091248216e-09
175 5.555494003217186e-08
177 7.08830069449525e-08
193 1.2417758712296912e-08
226 8.573767050369246e-07
234 2.3442495761568876e-06
326 1.858385321699231e-06
362 8.382664349732949e-09
364 2.569957021064322e-05
419 2.309498946026124e-07
421 5.475915766325943e-09
514 3.907589133216667e-06
706 3.45107287624559e-06
566 2.4843997325584987e-05
607 0.0001422510241434978
6 3.743129153465319e-06
10 0.000157339431600266
27 1.4128729619091092e-05
28 3.742534650763125e-05
38 6.34433899954276e-05
58 7.952641007095446e-07
60 4.391498698650978e-07
65 2.2001830844934824e-06
69 2.1690987369199944e-05
70 5.962388376998189e-07
72 4.3271805663909373e-07
74 8.883679963440871e-07
81 7.587990887347868e-07
84 5.711614037935932e-07
89 6.217929782738125e-07
105 5.465705513463498e-06
124 1.189156747168582e-06
151 5.186814111654215e-07
152 3.7346638468954683e-06
153 0.00010289676220678505
154 6.576589747811192e-07
155 2.1389177943832068e-05
163 2.728985373911639e-05
199 7.648979215562413e-07
201 4.867089759240278e-06
225 5.368756641142329e-05
244 1.2091169725103598e-07
246 1.435759956498187e-07
269 3.0356280031040227e-06
273 1.1123226589707647e-06
285 6.8228215344761576e-06
300 3.296502602443682e-05
308 0.00010739508030366767
313 4.3701334570172186e-05
315 5.3859621952384965e-06
343 1.119508704668861e-05
359 1.2051485092218593e-05
393 3.8372094627713133e-07
396 3.351619918675166e-07
405 8.903416179234123e-05
406 9.227464825085278e-06
407 7.847415404743015e-06
408 1.3421101379134614e-06
409 4.020288216220116e-05
431 6.090133177478129e-06
446 6.582931757605212e-05
451 2.7829751431740886e-06
455 4.486458255553231e-05
456 4.6184883562451033e-07
489 0.00036639735018812207
497 8.49837228262019e-05
512 1.6711824167056568e-05
513 9.582725194826956e-07
515 4.1777857564894746e-06
528 5.487356519498604e-06
535 1.8503201603191757e-06
553 1.3479894922626499e-05
556 8.187456328312968e-06
569 1.2169383451721338e-06
609 1.2281687439351152e-05
641 1.0747247042463223e-05
12 1.0817034537096163e-05
45 2.9927368012301624e-08
135 1.595401321542828e-07
146 1.716912354042456e-10
169 3.4430611932421153e-06
174 6.605995403313132e-07
183 2.2027522704462667e-06
185 6.439634764719081e-08
189 5.952677247882203e-08
250 1.999206248726306e-06
289 2.1473689894392586e-05
339 7.248668914613081e-11
356 2.401319182807172e-06
369 3.160422507042081e-07
428 3.0411428435805397e-09
445 8.640039736604547e-07
481 0.00014057022959413167
488 7.029923636615531e-05
565 3.0364166395215103e-06
110 1.072475056930108e-06
350 5.450011244224785e-07
375 2.9576195498259337e-06
561 1.0442932477481394e-07
682 5.954648345109078e-07
139 3.494049545879067e-07
161 4.7010858267214655e-05
286 3.2557730570883182e-06
491 7.51888017525642e-05
559 3.439923292288604e-07
257 1.7494143828622192e-06
253 2.904618610528793e-07
276 7.586237900746232e-07
176 1.9183304208325882e-06
297 2.7547181422825336e-05
573 4.71059215206913e-05
483 1.2656557387284174e-05
164 1.71553348623405e-06
17 7.471010383326141e-06
168 3.647368223412054e-06
25 3.465342377139424e-07
499 0.0004811885171086858
128 1.7914703401092288e-06
533 1.5678738877863164e-07
679 1.1009554184092217e-06
423 1.5091734718531283e-06
472 6.9438059815461574e-06
5 6.794505150556342e-05
357 3.689816665290997e-06
329 2.0942745888588358e-05
122 4.37773159048342e-06
518 1.364456965421511e-05
595 7.09795137402556e-07
493 9.550810560110237e-06
429 2.9854987497198624e-06
574 8.279821823203237e-05
701 1.1984607310351013e-05
523 1.6627731703050382e-05
80 3.90512875082746e-06
