9 2.3924009305658823e-05
584 2.904274383654363e-06
331 3.991187099158627e-06
113 6.65325270510056e-07
594 9.284014096825003e-06
688 9.222554229772437e-08
179 4.217998638233981e-07
223 5.144053353360607e-06
666 4.449986775552815e-06
689 1.9646570838806757e-06
501 0.00010355450687670485
678 7.479453076218677e-07
697 1.4653035395873316e-06
187 4.38508022916902e-07
381 1.007568889909988e-06
136 4.6860489765302765e-07
186 1.4189105900554683e-06
441 6.377594065943801e-06
700 2.6676751347699963e-06
227 1.3796868134173656e-06
94 1.8771675492316793e-06
320 3.561556059650761e-07
570 7.13404269259583e-07
585 2.839829473151093e-06
56 1.750506256738137e-07
432 6.158751008520676e-07
550 3.689072088876995e-06
656 1.0624799882166545e-06
694 1.4792076548587418e-07
698 2.180907205229894e-06
716 5.584113976743691e-07
20 3.316461676799373e-06
49 2.1006062834753594e-06
129 1.7161295292548797e-06
131 3.226597168039976e-07
219 3.9956522854869645e-06
236 2.775527386125968e-07
284 2.0354941660247597e-06
333 8.270511663795608e-08
335 4.434534707104284e-06
450 2.014641113133304e-06
475 1.239761889196652e-05
496 4.717443377222828e-06
589 1.1711585321589535e-05
693 3.048041694800287e-06
704 2.439196779587906e-06
708 8.06819067200925e-07
222 2.0186436245909934e-06
229 1.8714291310754192e-07
237 2.209560502554279e-06
586 3.5585542283034726e-05
652 9.128703120237245e-08
413 6.159007185371808e-05
32 8.096763902360522e-06
147 1.2662508346722022e-07
44 3.5266337897450602e-06
206 6.970043204880878e-07
228 3.0651371236403376e-06
230 2.3254374308189303e-06
249 3.6957283835640835e-07
444 2.4666997433708334e-05
467 5.050831417109217e-05
494 1.1391008342455021e-05
504 1.9063342503739703e-06
509 4.25877963201031e-06
608 5.678533201623267e-07
653 2.681517678785562e-06
657 1.0088950152790518e-05
695 1.0698551960890388e-06
717 1.5854540611680446e-06
178 3.5596008507696873e-07
224 1.0516032483137852e-05
231 2.254489367616756e-06
255 5.829386324523008e-07
299 4.618960456711322e-07
304 1.583470220899346e-06
473 5.886627038795593e-06
588 2.2180128768694695e-06
658 2.064754192090684e-06
660 5.46514361617985e-05
683 1.9054756165445923e-06
549 0.00011417143929342915
554 9.198818065206987e-06
655 6.291819073072033e-05
41 3.069188748094383e-05
73 5.225396990913908e-05
87 0.0001718615867219308
654 6.179142002477091e-05
88 4.5167915243042944e-05
162 2.0212073446964074e-06
196 1.3027485796713388e-06
355 8.261857880345337e-06
417 7.978091476059895e-07
591 2.16738083935066e-06
686 4.417624999560707e-06
130 1.4124624911164709e-06
141 1.7330530028669689e-06
143 4.837111866814056e-08
248 1.1588811280452622e-06
277 3.4946122687073157e-06
318 6.511836305083926e-06
321 7.634239425800031e-06
440 5.095830128602082e-06
471 1.9269277445921524e-05
508 7.759597701103168e-06
558 2.813426722818134e-06
707 1.6884932870106183e-06
292 6.611125684626777e-06
434 2.3269187483561906e-05
372 7.257573083106777e-05
123 1.398340836293982e-06
184 3.3078581054508003e-06
191 3.863162493227194e-06
211 5.021346019323007e-06
258 5.134712856502267e-05
360 4.201611410167897e-05
390 7.171889957051578e-06
469 1.5651797281941916e-05
702 1.0871163299595397e-06
96 3.119483236358815e-05
192 1.0125622734946243e-05
314 8.502563420675589e-06
327 1.8519600656782156e-05
341 4.280615095765096e-06
376 5.886294338754858e-05
426 9.444829003729063e-06
478 1.1228521228996404e-05
578 7.276100444355422e-05
672 9.902762652467375e-05
696 1.0019948694792778e-05
705 6.424759702415904e-07
