431 1.2386157540160102e-08
607 1.2795217193058302e-06
424 8.721431553012657e-09
563 9.358701578621137e-06
484 8.29147488355983e-05
159 3.550561373831879e-06
578 1.7043801701789048e-06
422 2.743639742053744e-07
371 3.218622343696851e-07
428 5.209845437619183e-09
430 5.02626831143166e-09
9 1.7348125586352157e-05
486 1.2492735850427622e-05
183 2.761184522399562e-06
331 2.5798471416560478e-05
243 9.159363105982524e-09
720 4.783966799114738e-10
421 2.172042566470157e-09
62 1.9789826457502758e-07
571 2.4683518012452656e-05
363 9.36237771986496e-08
280 1.7048398838926735e-08
101 1.98391615315744e-08
367 1.1117411553410545e-05
102 9.979641834085638e-08
385 2.9191541088082835e-09
729 6.27699656659274e-10
174 6.968143087259864e-07
241 2.76496340188306e-09
402 1.0638105620215218e-09
528 1.287261569376499e-07
425 8.490477986108327e-10
427 3.0847339670601443e-09
258 1.1996397805137812e-06
396 5.1055699253038195e-09
7 9.68133582284645e-09
104 4.294401987239393e-08
276 8.015696498317779e-09
351 2.6943989386292244e-08
369 4.958912618993843e-08
692 4.807388283899617e-09
698 4.197178205776611e-08
8 3.32565346391172e-08
12 1.1030239368130683e-05
14 2.137331808728207e-09
64 1.3398242855816428e-07
92 1.3936036572349393e-07
97 1.018469853141896e-07
103 2.4996522234169175e-08
117 1.104388753765895e-06
266 1.5325466210825525e-07
277 1.305319616454355e-09
284 4.014694091354801e-09
445 4.953868252651605e-08
450 1.2671417408441322e-08
493 7.595696615001506e-05
526 2.3028139736145873e-09
608 7.894076982548047e-08
624 4.5088816608289156e-08
630 5.253258169762667e-09
636 1.3324643750892434e-07
656 5.1196745692112725e-08
726 5.745620892176475e-08
98 5.833185000897547e-08
283 1.3172594164315796e-07
339 1.692876872971858e-09
631 3.4980050961101762e-09
643 1.2451996747570304e-08
418 8.128938156777143e-09
263 1.2090922117770543e-08
99 7.128603556064235e-10
107 6.351114484471312e-11
150 4.089475773791324e-10
198 3.1673256607593616e-10
215 1.6642400365920072e-09
262 2.108701674563384e-09
289 2.862883427331015e-09
462 3.792522223024673e-10
572 8.152679466050594e-09
638 2.6210510003854224e-09
645 1.5353131655684159e-09
53 2.4058873868126185e-08
108 2.277826238049384e-09
134 1.3159279561115994e-10
4 2.828093667151419e-07
302 2.6373102186578934e-05
190 7.937307081505462e-07
13 3.147240467819183e-09
91 1.518236703941643e-07
267 6.797521754248478e-08
457 9.185501778278188e-08
574 2.9280511446491607e-06
625 2.856966638660454e-08
629 1.1039317010593254e-07
637 2.281468628374306e-07
650 3.2073493140814754e-08
669 3.16127337335293e-05
90 4.821659786959105e-08
95 3.211045479348217e-08
157 1.5312483830233454e-06
175 5.0312114646330936e-08
240 1.0014085898044549e-08
272 4.155330904386694e-08
309 7.810825832973358e-08
543 7.950035709396158e-08
546 2.300679494223607e-08
620 6.32940843783585e-08
626 2.4812930015815785e-08
658 2.6347300864085144e-07
661 3.77932260228456e-08
61 4.328466857770807e-08
269 1.440512508499285e-08
273 1.0853755048366727e-08
399 1.573663618155719e-09
627 8.705387340905014e-08
657 4.0854780162050803e-08
57 2.907658060388652e-08
203 2.3197385724174995e-07
525 3.637228834888709e-06
389 3.6356034032907305e-08
434 6.558401866284857e-06
492 1.6554162886977093e-07
23 6.42526512783615e-08
55 3.5286611451799235e-07
68 4.751690478702837e-08
82 1.0519943424251713e-07
156 3.913049048277297e-08
208 1.4671145290076654e-07
246 1.628497485275602e-07
313 1.8041555972361898e-05
401 1.783627324392595e-07
408 8.87809345404168e-06
442 2.6065003555381896e-06
446 5.872898338517067e-06
473 1.0818072435846572e-07
480 2.88126223330776e-08
485 0.00016119020461883028
515 3.2786171623785326e-07
519 3.2085109270434787e-07
609 7.435627203348884e-08
621 1.0992667525075198e-06
641 4.93930219085844e-08
655 6.723748596925458e-08
222 5.21064329908646e-07
6 4.043555512866836e-06
16 2.0659293504292586e-07
27 1.4136990117208341e-05
28 3.7470794589330706e-05
58 6.356168914957614e-07
65 2.3056520630064778e-06
69 2.1196014270348275e-05
70 5.450780273089259e-07
72 3.96662861425089e-07
74 9.518194469912783e-07
81 6.817542411176524e-07
84 6.138433727103484e-07
85 1.4294136982860791e-07
89 5.673506940724749e-07
125 5.492198989824261e-06
151 3.476868888492251e-07
152 4.625230848175089e-06
154 8.361387762109718e-07
155 2.553918178897944e-05
199 9.617018235678257e-07
201 4.829844014792525e-06
221 6.26511826795274e-05
226 4.761257336828221e-05
249 4.051269604569901e-05
254 4.468979228023576e-05
297 3.3546416999104554e-07
310 0.00010561534153746129
315 3.461141371582401e-05
384 4.337023002935266e-08
386 7.832673506372871e-08
390 3.537372141630958e-07
393 2.0890378001332616e-07
395 2.6234006179911827e-07
398 1.937718045297641e-07
403 8.167567644104956e-08
404 9.422305965636432e-08
407 9.984278497566239e-05
409 7.98499350030027e-06
410 1.1692011727502533e-06
411 3.8657342441363236e-05
412 1.0012396265177226e-07
413 1.7746796691178628e-07
416 3.3539738340324945e-06
436 4.5600479893019114e-07
441 2.07062491625434e-06
452 1.676622653190345e-06
454 3.073712162587723e-06
458 3.127621350539843e-05
459 4.4187556434834726e-07
469 2.298593453251441e-07
475 1.572295098200292e-09
494 0.0002271063147502888
504 8.3009067643983e-05
521 1.7930934606283925e-07
522 1.1597663175610856e-06
537 5.637476757854533e-06
544 1.867642816076634e-06
562 1.5183481951965917e-05
565 8.00132397047306e-06
573 3.573735324076938e-05
575 2.4430436774687393e-05
583 1.1458412281850603e-05
613 1.1242613337987212e-05
619 1.0997684278819476e-05
651 1.1049225087443739e-05
676 1.5007453706423297e-05
721 2.2003739213693405e-06
722 4.320838011525196e-07
723 2.4551768930759273e-07
124 1.3087362414890206e-06
220 3.382524508160598e-07
414 1.1112494742393132e-05
524 2.4181133964314016e-06
551 1.8166786347283347e-07
52 4.5021370368632967e-07
75 2.5646998619019497e-07
105 5.613667316511705e-06
126 3.3284892974944017e-08
205 7.724922998116792e-08
207 1.3092799727572646e-07
275 1.079702123533836e-06
394 4.836173670181072e-09
400 1.1868511091177117e-07
456 8.226244898841963e-08
464 6.272809727433295e-07
466 9.863835579208383e-08
481 8.52575823028916e-08
514 4.4296626298252015e-06
532 1.9249282037392564e-05
536 8.198882571711324e-07
541 2.6507973976605755e-07
610 2.510003250085528e-08
616 3.122014595872311e-07
622 9.641498863483723e-08
640 1.1339217704078016e-07
642 1.2641814565331875e-07
647 4.271543507773226e-08
654 4.291799509032804e-07
710 5.399453445249793e-08
317 5.880472379295098e-06
534 2.8889896875026135e-07
26 2.302962340469285e-07
106 2.4803619517622794e-06
127 2.1511630509206557e-07
148 5.515591569470633e-08
195 6.18370744034802e-08
248 1.8213215849658116e-07
311 1.5664022972085996e-06
318 2.8846323663265724e-07
405 8.231211574929756e-08
433 2.1210737034949532e-07
439 1.0926234043584728e-07
461 1.4030630691593202e-07
478 7.684864546082061e-08
489 8.565839001248068e-05
499 4.3833711205087354e-07
529 1.603332170029022e-07
535 1.235747811503259e-06
545 2.4229108243547535e-07
611 3.9472009554555624e-08
617 0.00013608174158140135
635 1.6343565658088265e-07
725 2.2926429894789872e-06
292 4.810631508636441e-10
451 8.290356630740898e-09
270 2.2918724229237687e-10
303 4.68563887561604e-10
346 2.5550939898715952e-11
305 4.326193389877193e-10
353 1.147660421813455e-10
648 3.3526808011688123e-09
274 2.7408836954053695e-08
490 0.00026217860976198847
50 8.06520634398039e-09
63 3.780923580789178e-09
76 3.5822945263929513e-09
204 1.0074180078627566e-09
212 1.1524281302682312e-08
271 3.3267915280635574e-06
281 8.498518806186926e-08
347 3.455678333923807e-09
387 2.5771114445735534e-09
531 4.108547430141288e-08
538 5.852138621131344e-08
615 2.8135104778310888e-08
633 7.764666193469598e-08
646 4.742911671315005e-08
659 2.6376410979739634e-07
300 2.2183316204375794e-07
22 5.309744050118112e-08
24 7.527082817050331e-08
54 7.166510950583902e-10
67 1.646661529531348e-08
71 4.188477057220638e-08
77 3.5822945263929885e-09
119 1.4780124780824338e-08
209 1.0646999669220648e-09
213 4.629138834627845e-09
217 8.949599872843765e-09
234 8.988052847104986e-10
236 3.7725660854505387e-10
268 2.0951566048774445e-08
282 5.140426590278193e-08
296 7.73624803022807e-09
312 5.38183500215303e-09
321 2.0584270764513394e-08
388 3.0197077451295707e-09
406 5.75423187168778e-09
440 3.2305067238525466e-08
539 1.0567028262071456e-06
549 5.591413326085097e-08
560 7.790833809115533e-07
612 6.003075447620028e-08
628 1.4588107015619553e-08
632 1.0540276643124109e-07
649 3.222447978443966e-08
652 1.1879479802536094e-08
731 9.687276046527421e-10
10 0.00016452018547979944
78 1.1260857275324691e-07
121 2.6101267458936614e-09
132 4.9473531814800924e-08
200 1.6169665206237204e-08
210 1.0795618507464826e-08
214 2.4343349215763033e-09
233 4.011927225346883e-09
239 2.816332230629224e-10
256 4.017146262104027e-09
265 1.6641360591744219e-09
465 3.125940824840063e-07
540 1.2483358166256613e-08
550 8.137341748664055e-10
653 2.9015936619671582e-08
730 3.0123662711799406e-09
370 1.2184741022203233e-10
468 7.008308322267224e-09
79 1.0837829563154246e-09
314 1.886403675510064e-05
348 1.3109609823605202e-09
558 0.000116021946059419
724 1.3230854431740822e-09
639 1.3433654813081921e-09
350 5.162130055514206e-10
66 3.7389356754429517e-10
218 1.6834317872568834e-10
293 9.792636925870769e-09
483 1.4818434369926607e-08
45 5.069811755275893e-08
118 1.1325475337602571e-09
93 5.8298731812755875e-08
290 1.1041630737194866e-09
100 1.9113679737715764e-09
197 1.7593222808659585e-07
216 5.3401125564290424e-08
60 5.983342820634134e-07
189 1.144710181035436e-07
448 9.435316918881858e-07
2 4.962461256366577e-08
41 3.107735672899811e-05
83 3.8691244437711516e-10
111 2.829018385813835e-08
133 8.164009087006004e-10
138 4.854994347877038e-10
180 8.157591898789337e-09
194 2.182379726664821e-10
264 5.7964208456728615e-09
340 1.249340570069106e-07
397 1.19888085853105e-09
518 4.33809500393258e-07
15 4.860677862884081e-08
137 4.696952368028808e-10
181 8.141792714880738e-08
349 1.6918564069963105e-09
455 6.113767882646736e-08
242 5.283747402047316e-08
112 5.975491976262196e-09
261 2.469890063553144e-07
86 1.0211264837470393e-07
287 8.185182028210817e-06
294 6.451318295172005e-06
142 1.0764310012549536e-09
193 3.229974559153668e-08
161 5.316856480146458e-05
177 1.4269217581629734e-07
182 1.7693795884637938e-08
185 1.187119187202226e-07
328 2.0424261415763496e-06
366 2.1617613452352802e-05
460 6.305780512683486e-09
373 1.3770004575336836e-07
391 1.3468710521969123e-08
140 4.7652716527723816e-09
144 6.385464909114202e-09
498 9.37772855015659e-05
135 1.9952012653749647e-07
110 1.1021153267377933e-06
146 7.450251203340777e-10
227 1.1757068877405149e-06
202 1.60423733373377e-05
116 5.621223806970988e-07
523 4.400026584887241e-06
330 1.171859280281936e-05
364 1.2228376436523018e-08
361 1.2361281985950218e-05
123 2.481302001374819e-06
291 2.1321469505718918e-05
304 1.4626240044387019e-06
247 2.5950445962259418e-05
176 1.911643561664948e-06
372 3.1828267272058815e-05
358 2.9642114554070947e-06
235 2.4784403997783542e-06
716 3.493057659654013e-06
128 2.127827778145595e-06
374 7.187563727712214e-05
252 2.115144834010099e-06
