251 6.014201218742188e-07
341 2.635791588279439e-10
109 6.915858638679672e-07
482 1.1947430553305583e-05
577 2.9372241693205556e-07
568 3.7079847550332353e-07
696 2.2735460568757466e-06
592 1.0217332688836353e-05
556 7.310178075493388e-06
570 1.4071989498184795e-07
178 3.830895325615673e-07
380 1.0584197880671664e-06
419 1.5934406280953595e-06
497 2.292148050368944e-06
595 1.425582717192975e-06
682 1.972615442260044e-06
711 1.913457925439642e-06
598 2.1844849040294944e-06
600 1.0368535751730048e-05
606 2.7469047907595685e-06
582 1.982393108879919e-06
444 4.128122098033082e-06
604 8.393668083683206e-06
31 6.419767526463731e-07
94 2.142369073464802e-06
228 1.2203214299110622e-06
301 5.894554812921769e-07
334 1.7164699960955286e-05
335 1.6505247012843338e-07
596 3.507066995088043e-06
605 7.053112566494987e-07
644 6.384732726891427e-07
699 1.6311973835022125e-07
39 2.3277248294531672e-06
443 5.572150341965823e-06
666 1.3745924656752562e-06
708 5.232544787160015e-07
376 2.6745322066509077e-06
223 1.1640427351956027e-06
237 4.3991317224021785e-07
238 2.7923321760918706e-06
322 5.469354581131123e-07
513 1.2747168963309852e-05
555 1.7040842125095518e-06
589 1.2442928309159532e-06
590 2.762878114935556e-06
601 2.7909343639771474e-06
618 5.83746408285555e-07
357 6.618577412779456e-06
495 9.419004611942404e-10
187 5.644576195507626e-07
510 5.5320371761069615e-06
634 1.386364041162082e-06
700 1.089558312128762e-06
714 7.540529251966882e-07
477 6.110605892077226e-06
259 1.8753148245944615e-06
420 7.150501259275051e-07
25 3.424967171080634e-07
129 1.9142666331487674e-06
253 5.312224735877345e-06
325 9.241853040080132e-07
379 1.1647592557276961e-06
554 1.4470307358126634e-06
703 1.1874813217343864e-06
143 3.3132496420000745e-08
375 8.751708079011221e-07
113 7.595561999272819e-07
136 8.719471612932346e-07
173 8.416487304057219e-07
244 4.794352302044029e-06
260 6.108588707226057e-05
319 2.047199636064512e-06
332 2.2150590515298907e-06
336 3.878399948400439e-06
343 3.237060848009346e-06
355 2.398847360531517e-06
382 3.604105515969677e-06
432 3.109097632802123e-06
435 9.636101556632178e-07
453 1.880935934442769e-06
474 1.433851934631537e-05
500 7.326803455371069e-06
552 6.030359911106694e-06
564 1.7612297381942973e-06
579 9.316831884071641e-07
673 9.938145519088802e-06
675 1.2682531068525134e-06
713 1.3114480139998219e-06
88 9.673506471444642e-06
141 1.74628132766857e-06
171 1.0208562072920348e-06
206 7.273345839749305e-07
344 6.474503785574289e-06
383 1.105927115369294e-06
503 3.6284883236998146e-06
594 5.387540850720853e-06
623 1.1988345329018296e-05
662 1.6806685140702605e-07
667 3.7204422928097594e-06
695 7.593747951330435e-07
131 3.976611388052307e-07
471 3.702648156518028e-06
701 3.2144254658624676e-06
163 2.5898109500825326e-05
660 2.417232162825156e-06
59 3.763843008304615e-07
585 1.6220497034755904e-06
567 3.7147691041710182e-06
603 7.625435667005818e-06
172 1.0392600101996612e-05
423 8.88630852496863e-09
139 3.7537303725979126e-07
438 5.740274631817062e-07
548 3.1967751147961423e-07
542 1.7094225976468873e-07
