0 0.00016201765227311416
1 9.60198686736196e-05
3 0.0001380807262847361
11 2.1552416547938116e-06
21 3.701127264780932e-06
29 0.0001584821656935917
34 2.7475218085561292e-05
35 8.617853337501194e-07
37 7.218408520905597e-06
42 8.074100665172972e-05
46 4.125055127997827e-05
47 3.6474954171777224e-06
48 3.4182186008559987e-06
56 2.5692108197080405e-07
145 8.5725268646846e-06
147 1.1601425504172764e-07
149 1.1205649255070457e-05
158 2.1560581133369234e-06
160 2.180790533359628e-06
165 3.3514358084276924e-06
167 2.618858552117201e-07
170 2.6340837558810082e-06
245 6.140189687306878e-06
307 2.605672174907365e-06
354 2.042623781775081e-05
381 1.9966656282090994e-05
488 7.945909575701545e-05
491 3.591930550680365e-06
507 2.630771183779084e-06
509 4.3598216072961594e-06
511 3.142610662855474e-05
533 3.207639120565543e-05
553 4.5269305359355135e-05
561 2.511699839346512e-06
679 3.827143931116708e-06
686 3.057760029909398e-05
33 4.724686925852096e-06
114 2.4265928884993253e-06
360 2.99619379193741e-06
368 4.245526503337535e-06
417 5.051942057822349e-06
663 3.006717778377988e-06
32 7.11422633189596e-06
