345 1.2047881744415915e-05
694 1.8676298838610778e-06
706 1.1933462851163884e-06
705 3.163722383469932e-07
449 8.165280916028333e-06
179 6.315863487111746e-07
683 2.885228429288046e-05
219 6.774290526587105e-06
512 3.028705237864662e-06
153 9.870510990739587e-05
487 1.0477013718369695e-05
316 7.487391162752721e-06
130 1.3627356617921856e-06
17 6.678354222995043e-06
496 7.211074609328878e-07
506 0.0005262267426515831
38 4.980189401780914e-05
250 1.4309041793492424e-06
299 2.9938624745181945e-05
51 2.674187794509919e-06
664 1.2077420796481032e-05
678 1.3927857723810235e-05
690 1.1088006270705275e-06
520 3.277858770594906e-06
718 1.801486258813997e-06
120 4.853416297627124e-06
329 6.754658387338845e-06
547 3.2576523691630798e-06
285 5.587150869835909e-06
707 5.587911584308273e-06
184 2.571249837129517e-06
470 1.9966884130532036e-05
671 4.554368548381848e-06
224 5.362506211980175e-06
122 4.473673205896675e-06
229 3.0724068171602214e-06
702 4.066101221843196e-06
476 6.1906062806213465e-06
447 6.291301440291319e-06
668 2.4247577177205547e-06
191 3.306307051567797e-06
599 3.2411218359546666e-06
96 2.322875458405083e-05
308 2.7736689274025836e-06
559 1.8416201583555712e-06
665 1.3769197928111634e-05
687 4.321641612796673e-06
324 2.8339867043208933e-06
362 3.558847254719614e-05
378 5.4544429084914685e-05
415 3.295277237991888e-05
479 1.4161005139912385e-05
516 1.6297838581826815e-05
689 1.4761696837832382e-06
73 5.953526872020088e-05
87 0.0001617471563901723
115 1.4890426038158813e-06
186 1.8347363469832027e-06
278 9.825761663475013e-07
323 5.719877597638801e-06
429 7.316881877634463e-06
584 8.0498559701906e-05
