286 1.8625773155731386e-06
576 3.089581087197862e-06
232 2.353562972338591e-06
295 1.0409520555151035e-06
43 1.5504593948254572e-06
168 3.549548172590601e-06
188 3.555224996294197e-05
298 1.5805423836500549e-06
320 5.554569545496685e-06
342 2.712980145082024e-06
356 1.8466408076536963e-06
463 9.967892679356346e-07
467 6.022101206712243e-07
508 5.5983646125024096e-06
527 1.2061168493633522e-05
566 1.1996394791388512e-06
586 3.982908184611621e-06
674 1.1592974344346027e-06
681 1.197110215815495e-05
712 1.220338635773219e-05
614 1.5003955742342655e-06
5 5.522792784682968e-05
49 1.7891198632388136e-06
169 2.9075065553041253e-06
326 1.307320710402749e-06
338 1.2873399673816235e-06
530 1.1627119879311036e-06
587 2.3133360754009757e-06
591 1.3380337875240455e-06
593 5.4564285950058314e-06
685 4.701752380985299e-06
715 2.0498474211498933e-06
717 3.181146769329248e-06
688 1.3049693548429231e-06
20 3.0759371633858907e-06
327 3.4791202441285356e-06
569 1.2280361932785701e-06
588 7.220440703569339e-05
672 2.0440988377666944e-06
684 3.1198359568862973e-06
581 2.063870185564579e-07
392 8.697540790093016e-06
225 1.3033206438652333e-05
352 4.762283387704961e-07
365 2.37855508606331e-05
472 1.689473443771529e-05
502 2.1057340856705974e-05
164 1.3996133953900287e-06
333 3.992590426779983e-06
505 3.245576291586132e-06
162 1.3630401721354687e-06
501 8.627343217061643e-06
288 4.25033425393068e-06
30 7.1545836909827005e-06
231 1.674998382254247e-06
255 2.0783503401688658e-07
426 1.8550402270992781e-06
670 8.691219032192796e-06
691 2.450595701715296e-06
697 2.710607012668007e-06
557 2.064783687244715e-05
337 3.2040849542153033e-06
192 1.0192905643911359e-05
517 4.23587209065442e-06
80 5.082013815750441e-06
18 1.2172092814529224e-06
597 1.619228575864939e-05
680 3.268512419013914e-06
719 8.586821089013315e-07
211 4.745021166375978e-06
196 2.1749390530828634e-06
704 3.0805566104210937e-06
257 1.1758138897130865e-06
44 3.273663291221563e-06
677 5.794468702792273e-06
709 2.00146397382526e-06
437 1.6758172557823083e-05
279 1.774245633858176e-06
693 8.786793402961567e-07
36 4.881410539610086e-06
166 5.498592136437842e-07
306 1.4361422338812858e-06
602 2.4200108951476852e-06
728 2.0453237499378194e-06
19 1.718819423169454e-06
40 3.0589178433837962e-06
580 7.179747172271712e-07
230 2.494631092569342e-07
359 3.442964068073487e-06
377 3.1405251559987756e-06
727 7.141117488468792e-07
