11 3.0339025705515507e-06
19 2.674399386918598e-06
33 4.618254861284372e-06
37 7.0835690962002385e-06
136 5.012191289583889e-07
167 7.49240901952278e-08
196 3.340471653981186e-06
232 2.422037389493509e-06
257 2.2654068269974236e-06
279 3.184539680195913e-06
286 1.7728647581651948e-06
298 1.5323493048621703e-06
307 2.4849053350640684e-06
326 2.3486425673271955e-06
327 2.817825527754179e-06
343 3.2928015025290117e-06
360 3.5407001997693522e-06
368 3.481500470574332e-06
417 3.6848389930185193e-06
444 3.4690663842443012e-06
453 1.7705832381071651e-06
463 6.679309570301714e-07
474 1.4698084375975264e-05
482 1.2953484242534471e-05
491 3.7259829909013027e-06
508 6.326344946814028e-06
566 9.256144159526552e-07
576 2.176033597388546e-06
581 5.616544441196268e-08
583 4.01021404440676e-06
587 2.588931758227819e-06
591 1.4959506538594074e-06
600 1.161144527449502e-05
606 4.05191639817354e-06
663 3.1107575905943317e-06
667 3.013720957981307e-06
672 2.1771251186139224e-06
674 1.6526368167544395e-06
679 3.00046315499493e-06
681 1.1142034648461434e-05
685 5.082661620953183e-06
700 3.9150182766986737e-07
703 1.9950976567487667e-06
707 7.92863296052079e-06
709 2.2582572006776253e-06
719 7.497761874581863e-07
356 1.9070819421173654e-06
187 6.962987011718115e-07
495 1.2638039667000688e-09
592 1.0949901675996324e-05
416 1.7836188416137148e-06
39 3.1189017151825e-06
379 1.4372929430100618e-06
382 4.239873288725143e-06
505 6.135823801099477e-06
623 1.2643112851293075e-05
245 3.2269624749403754e-06
547 5.874114683145116e-06
634 3.2897475705081215e-06
