477 6.7795988017720185e-06
333 5.350458190980542e-06
689 2.9287207142033976e-06
320 5.668164430554979e-06
184 4.508637682877352e-06
471 7.05954074128364e-06
472 1.810896274212946e-05
490 0.0002499858874194968
222 4.27250844332818e-07
36 6.936482355138914e-06
96 2.5942782739618188e-05
225 1.4573612128807721e-05
285 5.689259839749067e-06
415 3.265839082061756e-05
449 8.373954637736658e-06
665 1.547603314003811e-05
129 3.3155196368106113e-06
673 1.881695707004623e-05
713 2.002148962924861e-06
80 5.461525367478982e-06
122 6.2707872031232675e-06
231 3.2841024926547406e-06
319 4.993435328646366e-06
345 1.1896432766576404e-05
392 8.665575823003067e-06
584 7.740608438675394e-05
597 1.7505843014587085e-05
670 1.0511069507253394e-05
40 5.246131918106269e-06
677 7.1478577387882035e-06
141 2.6923811343667875e-06
115 3.2057342370565997e-06
120 5.661677893157699e-06
131 9.198192099403547e-07
324 4.299820258575588e-06
548 4.6351128833615054e-07
706 1.4805792614540303e-06
712 1.217651525750394e-05
697 3.210785638755973e-06
332 3.5288263812625276e-06
9 1.6719285291407974e-05
260 6.112411790020791e-05
486 1.1830912361944382e-05
46 4.411590025342162e-05
334 1.731114569820664e-05
5 6.614458068361532e-05
278 1.130655639240546e-06
476 6.315492643485519e-06
520 4.807929529406919e-06
605 7.007299227978678e-07
668 4.009668585495386e-06
683 2.7975275507410636e-05
567 4.89317203793448e-06
594 5.548000938518901e-06
675 3.015629732246267e-06
44 4.478618103893908e-06
253 1.1022014592125689e-05
306 2.0281595941446932e-06
686 3.379800975484554e-05
143 9.394206022591487e-08
192 1.2294811443939244e-05
556 7.218790493472393e-06
128 2.3287752812908377e-06
299 2.9037027711186698e-05
359 3.425524693913554e-06
542 2.2029540164109584e-07
59 1.065103603006437e-06
162 2.3672375222412023e-06
191 3.746638066672365e-06
206 9.092551721105629e-07
331 2.468065083661036e-05
414 1.0891167407161124e-05
509 4.395453500318249e-06
524 2.515764922189794e-06
574 2.9530503150752077e-06
579 1.5753555144196658e-06
690 1.0737328732733736e-06
695 1.966351239571742e-06
702 7.073601690826397e-06
475 6.245044698219909e-10
251 8.170383170379469e-07
554 2.947711824753917e-06
618 7.192302009714604e-07
503 5.988486972749157e-06
510 8.84406044675359e-06
25 5.382080912314946e-07
314 1.9517924633487404e-05
344 7.4832744464928485e-06
304 1.4150047351379384e-06
438 5.670359458254256e-07
487 1.0967252285822694e-05
603 7.447453581297237e-06
10 0.00015603320381572613
124 1.4567504453967736e-06
164 1.7892754554844842e-06
168 4.310663928108566e-06
169 3.4226589384962556e-06
183 2.479566338603723e-06
219 7.490115112515892e-06
224 8.063585074264946e-06
229 5.830067127159182e-06
323 6.178636384065991e-06
358 2.8264914557342518e-06
372 3.0370804820752844e-05
377 3.3450955713949804e-06
429 7.335934844774383e-06
512 3.0062324464284948e-06
532 2.090463085552867e-05
557 2.264725402043543e-05
559 4.95386958300163e-06
687 6.942430032735902e-06
693 8.424865724109758e-07
113 2.4824106358955056e-06
435 2.6527216843747154e-06
437 1.8936692661145715e-05
516 1.3433444124848722e-05
598 2.5385824836080903e-06
716 3.2315237824806793e-06
41 3.0282701555476296e-05
362 3.626646523592438e-05
728 2.573909711105795e-06
123 2.2007218541865876e-06
563 8.887895564290784e-06
87 0.00015354769074757416
558 0.00010878729712244988
176 1.887602722352302e-06
38 5.199833938632007e-05
73 5.7254901877556426e-05
116 5.496261603305829e-07
117 1.018280421082999e-06
179 1.2624588412059377e-06
294 5.953761336863992e-06
308 2.7396573340856776e-06
328 1.908451569738567e-06
374 6.761180647312985e-05
378 5.4592716168032946e-05
383 1.6912936792818266e-06
479 1.526097703679033e-05
561 2.451913930780723e-06
578 1.5524155001203366e-06
585 1.5617993346895216e-06
694 2.459256050662629e-06
705 7.659196924587764e-07
17 6.48040243432553e-06
35 1.2567700301624316e-06
47 6.275665075805943e-06
163 2.5088110153828548e-05
211 5.108718193788249e-06
221 6.301206864371708e-05
247 2.4902547931710268e-05
420 9.556670582423244e-07
432 3.203455536675178e-06
484 9.302080007875233e-05
507 4.526214730782387e-06
527 1.3919908850173753e-05
511 3.461837832145448e-05
571 2.480210637990134e-05
18 1.27589481255986e-06
153 0.00010745666280287738
361 1.174129471694868e-05
65 2.3432248076544767e-06
159 3.3769067471506552e-06
201 4.457135804889254e-06
302 2.4918445060431804e-05
317 5.776853783896113e-06
352 5.697072553831837e-07
364 1.1505111012430781e-08
365 2.372491050866068e-05
366 2.043894114837642e-05
376 2.85196330548549e-06
409 8.511526783222168e-06
423 1.4389552326693628e-08
485 0.00015276031083011167
489 8.012006798049076e-05
493 7.31007692773885e-05
500 7.451491149380977e-06
506 0.0005058286659687249
662 3.2954356789918195e-07
691 2.579133290984035e-06
718 2.319071044837097e-06
32 6.978298883126427e-06
34 4.740914496160425e-05
48 5.815827396397503e-06
145 1.0629239713246897e-05
226 4.457971464160286e-05
259 2.0898115241139676e-06
426 2.111303435172566e-06
496 6.999254412806246e-07
573 3.519182016847323e-05
669 3.538874223257352e-05
717 3.0247760263475612e-06
494 0.0002226535214931851
188 3.4237108496119936e-05
291 2.003391057322597e-05
310 0.00010107592694010068
330 1.10517832324178e-05
0 0.00020152104587923487
27 1.2752925285437919e-05
28 3.485933116110087e-05
135 1.9390963111806102e-07
161 5.019765720553465e-05
199 9.526485622875817e-07
227 1.1175031481474385e-06
287 8.098713119461644e-06
458 2.9674700373204708e-05
498 8.86164941492837e-05
562 1.4038197815695985e-05
565 7.330233048499513e-06
6 3.9109008800672586e-06
12 1.0454919532500612e-05
60 5.899819184816598e-07
91 1.5155322517288742e-07
110 1.0331874128562889e-06
125 5.103020257868042e-06
139 3.827782043284965e-07
157 1.4466079614794385e-06
166 5.763694516223403e-07
177 1.2272990719446343e-07
185 9.327067618791467e-08
235 2.449990433153083e-06
271 3.099449932050135e-06
288 4.4017449202468746e-06
313 1.7066117655847832e-05
341 2.2741528308624725e-10
354 1.9906017053304693e-05
367 1.0527098849060623e-05
407 9.364625636228827e-05
411 3.538861845090038e-05
434 5.960759729850216e-06
619 1.067690778143939e-05
1 0.00011496124130139782
3 0.00016888148623564415
21 5.013483127304223e-06
29 0.00019909410125265497
42 0.00010056738174239455
149 1.678951037756768e-05
568 4.207829614331901e-07
570 1.6684696757035427e-07
577 3.373483805717755e-07
676 1.4302899804834903e-05
105 5.354264363002463e-06
106 2.360390687040351e-06
114 2.544811191732945e-06
154 9.271792895676306e-07
202 1.5173137478616067e-05
523 3.98843579486984e-06
544 1.7003973248578585e-06
53 1.6582757127180103e-08
61 4.293258027279617e-08
66 5.211453437439909e-10
83 1.8661862845408411e-10
89 4.368015751746493e-07
90 4.344456916681512e-08
92 1.309834634902957e-07
95 3.4125722919656574e-08
97 9.722911930434739e-08
98 5.629565206189292e-08
100 1.901033368439651e-09
102 9.058992384352849e-08
103 2.5490969439955054e-08
104 4.141780042263005e-08
108 1.2469747132208661e-09
109 6.672361659485987e-07
111 2.463794107356741e-08
112 3.940762645234479e-09
119 1.2350297535839458e-08
133 8.221374636997208e-10
134 2.6798769912798787e-10
137 1.2272955138858604e-10
138 7.330640062755773e-11
144 3.9240832436952535e-09
152 4.243279249966716e-06
160 4.2720711524446666e-06
172 1.0004909125298065e-05
173 8.69018410426752e-07
181 7.222218396205921e-08
182 8.240469925966841e-09
193 2.104183414399134e-08
203 2.2240714340691235e-07
207 1.366774491218188e-07
214 2.3345023025748983e-09
218 2.572959859985148e-10
220 3.242245353730694e-07
242 4.910795987836891e-08
246 1.6933536041678093e-07
248 1.8477312833235942e-07
249 3.918053579463291e-05
258 1.1309043163961527e-06
264 5.565233544577436e-09
266 1.4403759380913403e-07
267 6.485918786127002e-08
268 2.1341291275762193e-08
269 1.3909295649714654e-08
273 1.2767362061848686e-08
274 2.7173617243558437e-08
276 7.315519540524907e-09
280 1.8215363579920738e-08
283 1.2989469062502275e-07
293 5.182602064716176e-09
300 2.1258260472755748e-07
315 3.298558497493323e-05
318 2.58198924407857e-07
339 2.575281722441184e-09
340 1.0557275446095687e-07
348 1.3640197173518785e-09
350 6.725086223220999e-10
351 2.3541378516983843e-08
363 8.794942246841148e-08
369 4.2752216614244974e-08
373 1.1221552058967098e-07
381 2.2393789009535452e-05
389 3.371587533094917e-08
393 2.366717367092393e-07
397 8.910736819016382e-10
403 1.130545504472278e-07
405 9.069210302497926e-08
408 8.522490992745426e-06
410 1.1593792645330777e-06
413 1.730556545351309e-07
452 1.2514083615766517e-06
465 2.705705223794924e-07
492 1.5061658314755997e-07
504 7.851335306102638e-05
514 4.3342276449753015e-06
519 2.7332279336256995e-07
522 1.1882015188210145e-06
528 1.3071089434970724e-07
534 2.411904615473453e-07
539 1.018253803436318e-06
545 2.268684580219183e-07
551 1.4666739737159797e-07
607 1.222476038165654e-06
610 5.67798852157544e-08
612 4.325397463196629e-08
617 0.00012984969120520147
633 7.032857052795943e-08
636 1.2773017622735325e-07
637 2.6593219675174383e-07
642 1.8993206700967316e-07
651 1.076482778361629e-05
698 2.842631340839408e-08
721 1.9744848515981998e-06
726 5.596208756541908e-08
151 6.106180682965061e-07
252 1.9917344499991353e-06
255 3.2025767525984665e-07
385 2.2781783457143934e-09
422 2.577592258431931e-07
424 9.144226504649774e-09
431 1.2539285089929505e-08
448 9.030328223202733e-07
575 2.377123944014409e-05
2 4.6679985975363875e-08
4 2.700816322638626e-07
7 1.717522753028444e-08
8 4.005768985336175e-08
13 2.8585363282399337e-09
14 4.68494200851651e-09
15 4.231811635313988e-08
16 2.11655699752422e-07
22 5.617836390348215e-08
23 4.7046047560714915e-08
24 7.370772580051906e-08
26 1.8073420537448725e-07
45 5.04558945344654e-08
50 5.660261704896636e-09
52 3.748478927775194e-07
54 1.942449984548645e-09
55 4.2117702981762813e-07
57 2.0160152080642313e-08
58 6.075559965821805e-07
62 1.8633849976502017e-07
63 3.1554184145360475e-09
64 1.278745889089475e-07
67 1.9017772059548337e-08
68 4.578123235610545e-08
69 2.065488750567694e-05
70 4.95013535492905e-07
71 4.240166911667337e-08
72 3.0440328152529547e-07
74 6.619491048733125e-07
75 2.023292125772835e-07
76 2.694854940136915e-09
77 2.6948549401369424e-09
78 1.2064731226030096e-07
79 2.9950105387725404e-09
81 4.051413788301087e-07
82 8.858029996827972e-08
84 3.1200750794524807e-07
85 1.1138785585011888e-07
86 1.0879275753222984e-07
93 5.516563301526796e-08
99 9.626973856528027e-10
101 1.8877343606100432e-08
107 7.736515803762666e-11
118 1.0090052175266435e-10
121 1.7823081164624828e-09
126 3.033616573913023e-08
127 2.0524226575105762e-07
132 4.5720000650438e-08
140 3.3607491429479926e-09
142 6.596938249487641e-10
146 5.67130170476725e-10
148 5.5633681273991946e-08
150 5.171387848112402e-10
155 2.401219391499183e-05
156 3.6553682245087834e-08
158 4.570283393060048e-06
165 6.228709706358933e-06
174 6.617211428106447e-07
175 4.634153238821836e-08
180 5.9453960964957024e-09
189 1.1201969192220937e-07
190 7.490770480136784e-07
194 2.321031148551193e-11
195 5.528462428549815e-08
197 1.6482873898907643e-07
198 9.553176788089108e-10
200 1.550928725606304e-08
204 1.3563080426362376e-09
205 7.116244252285742e-08
208 1.4319928013816756e-07
209 1.7275279888729119e-09
210 1.2086348902476061e-08
212 1.4589427331154512e-08
213 8.578502809160028e-09
215 1.4644065931804613e-09
216 5.2522617584336015e-08
217 1.244151138021204e-08
233 5.414824478030408e-09
234 2.4135542273206088e-09
236 1.5832409399209075e-09
239 1.4343006529292698e-09
240 1.1048521070754687e-08
241 2.693314049723055e-09
243 1.090130876028104e-08
254 4.2578590913435504e-05
256 4.404625163911299e-09
261 2.3483306337580227e-07
262 2.7724418876888672e-09
263 1.1956903935205837e-08
265 1.5717996725263164e-09
270 9.574336926745857e-10
272 4.049084086235706e-08
275 1.0180726662125894e-06
277 3.6084523047845535e-09
281 7.914551162144154e-08
282 4.6661510111217e-08
284 4.409276118800378e-09
289 3.3278823079046668e-09
290 6.089696182283563e-10
292 7.299629463543813e-10
296 2.9517686886102313e-09
297 3.1887905594938816e-07
303 1.0499315880115273e-09
305 1.1849637400657196e-09
309 7.351083585413184e-08
311 1.4514079080598184e-06
312 6.005662464242033e-09
321 2.3023775329521405e-08
346 7.252315964869581e-10
347 3.515808389805611e-09
349 1.2806878265748253e-09
353 7.928076178245229e-10
370 1.8248597582564202e-10
371 3.0636014202781374e-07
384 5.7776024309733666e-08
386 9.708161055290985e-08
387 3.0018514814101464e-09
388 2.733274162063115e-09
390 3.298727522298743e-07
391 8.010144650717966e-09
394 2.056751857765012e-09
395 3.3862760282174583e-07
396 5.42539775764607e-09
398 2.881571781351434e-07
399 2.438060820380172e-09
400 1.2509804270599653e-07
401 1.6428922975988517e-07
402 1.3101364561397873e-09
404 1.3398408150058344e-07
406 5.641034064257967e-09
412 1.3313544502352198e-07
418 9.192327197146826e-09
421 2.476340234835122e-09
425 1.302808324709765e-09
427 3.5134193217338143e-09
428 5.83543447402076e-09
430 5.696190127648618e-09
433 1.7204470404434126e-07
436 3.6468212491503543e-07
439 1.455617751536673e-07
440 3.2254747847304576e-08
441 1.7266068986350741e-06
442 2.46444416531734e-06
445 5.5403966640625206e-08
446 5.592478632934447e-06
450 1.7357484469097788e-08
451 1.2518914156208322e-08
454 2.832446899470149e-06
455 5.964939476038925e-08
456 6.929261516539428e-08
457 9.377327799076274e-08
459 2.573599523544228e-07
460 5.458690543272315e-09
461 1.0583587501879425e-07
462 1.0518347212857222e-09
464 6.288536898495652e-07
466 1.3264317313914406e-07
468 8.18038759384456e-09
469 1.5299224160597044e-07
473 8.502863054426215e-08
478 6.148002317499178e-08
480 3.7424263523172685e-08
481 7.935471627064474e-08
483 1.1968272481848528e-08
488 0.00010636680671161836
499 4.1758429040363466e-07
515 3.121896504491054e-07
518 4.094580033661208e-07
521 8.405675726502323e-08
525 3.3291981877975016e-06
526 2.4748072691810437e-09
529 1.4051002541318039e-07
531 2.637979506432992e-08
533 3.255806867870808e-05
535 1.2499607336922132e-06
536 7.424787094053111e-07
537 4.7840352937383394e-06
538 4.028089342197558e-08
540 9.835379498203419e-09
541 2.82362362339664e-07
543 7.622639058204158e-08
546 2.343097175701522e-08
549 4.498004364214804e-08
550 2.2797285133883226e-09
553 5.3648180866399554e-05
560 7.179510302945504e-07
572 1.0194644461901933e-08
608 8.445145797093633e-08
609 1.0978996119756667e-07
611 7.76284904720463e-08
613 1.0612687304862264e-05
615 2.22454354170008e-08
616 4.028680838643645e-07
620 7.118719353272889e-08
621 1.0855896496693408e-06
622 1.0927961611662288e-07
624 5.439535996241177e-08
625 5.4595838986158535e-08
626 2.7530429670596004e-08
627 1.217020974083937e-07
628 2.428673465836829e-08
629 1.552321783558903e-07
630 7.483274302658825e-09
631 8.577192312140943e-09
632 9.678081505833517e-08
635 1.5994347696136368e-07
638 4.971014540227409e-09
639 5.1393775324694175e-09
640 1.7496393837963963e-07
641 6.983797585612789e-08
643 2.1750942884337207e-08
645 4.472790440962122e-09
646 4.588463866852253e-08
647 8.262505322864022e-08
648 3.970021552819301e-09
649 3.6028833178081836e-08
650 6.502810640173349e-08
652 2.4435119604933552e-08
653 2.5949498334951482e-08
654 3.7646265532181044e-07
655 1.1381256380648149e-07
656 5.07212105206077e-08
657 6.386676262084133e-08
658 2.8682153064408143e-07
659 2.6135706704091985e-07
661 7.033289221523887e-08
678 1.3490968514692014e-05
692 3.3702533047527786e-09
710 4.75438407608102e-08
720 4.475828406055015e-10
722 2.9749820394602394e-07
723 1.394209509086668e-07
724 4.965696637782884e-09
725 2.1489027203923834e-06
729 6.985283500637091e-10
730 4.050099908632559e-09
731 1.6059060841130778e-09
