325 1.1545690686377486e-06
355 3.2552979230964662e-06
704 3.662306749156841e-06
49 2.101133783079629e-06
147 3.230321812005752e-07
171 1.4767284230649863e-06
230 3.597117353988135e-07
244 6.759745492779699e-06
336 4.6005615764630585e-06
443 6.064327591094585e-06
502 3.2894685982332347e-05
530 1.6495690599050193e-06
552 6.321074496333089e-06
564 3.600710560142976e-06
580 7.291473323226831e-07
602 2.643223894402147e-06
604 8.398425820902481e-06
715 4.017731160537178e-06
20 3.4634105646076563e-06
30 6.514932925845485e-06
31 7.665624509243771e-07
43 1.4902523160866724e-06
51 2.870051466109294e-06
56 1.731262553439125e-07
88 9.177913501274784e-06
94 2.545080334181726e-06
130 8.402978723579817e-07
170 4.1775271042171e-06
178 6.885335642672593e-07
186 3.821555849513287e-06
223 1.1439013160082174e-06
228 6.95380408579028e-07
237 6.052698787027255e-07
238 2.386844428022551e-06
250 1.7806281134205258e-06
295 9.183399900296848e-07
301 5.228451936100347e-07
316 6.484254340472108e-06
322 4.430834571671435e-07
329 8.068614687727806e-06
335 2.2249063709747754e-07
337 4.163058066130197e-06
338 1.186294702731167e-06
342 3.4101166800801985e-06
357 5.9718481129763285e-06
375 6.556696541994794e-07
380 1.268715059639486e-06
419 1.553901284821132e-06
447 6.247738643323836e-06
467 4.7378989173977823e-07
470 1.9082508430558588e-05
497 2.398398088157213e-06
501 1.1431711810440368e-05
513 1.1338732938065336e-05
517 4.976493248043161e-06
555 1.561193115366933e-06
569 1.537521550957404e-06
582 1.7874464743830821e-06
586 4.644119904265489e-06
588 7.08990768932867e-05
589 1.4126220092619216e-06
590 2.823664508750353e-06
593 5.9379858961972395e-06
595 8.963974740879009e-07
596 3.4352254273643954e-06
599 6.107448013974022e-06
601 2.718492103663408e-06
614 1.4750265699459333e-06
644 4.152667422742313e-07
660 3.834900722529417e-06
664 1.3073308317025744e-05
666 1.4528146191646923e-06
680 3.2401288921470677e-06
682 2.1108369816707675e-06
684 2.845058644696336e-06
688 1.238576853095949e-06
696 2.816038088787407e-06
699 4.298139904348913e-07
701 4.265014254662039e-06
708 3.521421731834601e-07
711 1.4221987996379697e-06
714 4.351478580163775e-07
727 6.785361952920005e-07
671 1.8638543098079917e-06
