0 0.00011359965249032346
1 9.841800239089188e-05
2 5.990152854767578e-08
3 7.081764925648433e-05
7 1.1554468112717954e-07
8 1.253677150324299e-07
21 4.269748936733674e-06
22 1.3128461639838422e-07
24 1.4459496494554376e-07
29 0.00011887828919963066
34 7.70363978137815e-06
35 8.273564476534328e-07
42 1.1410294812608478e-05
46 2.2118723922808693e-05
47 1.7149973594077923e-06
48 1.8111392627048771e-06
54 2.3489092798957957e-08
57 1.7384204166217403e-06
63 1.1358133649042075e-08
66 2.389344902035535e-09
67 6.604406721349288e-08
79 3.6596226687400554e-08
83 3.43045429125869e-09
93 7.296480569654351e-08
99 2.1014179615177884e-08
101 2.258181410361596e-08
107 3.4462503130055547e-10
133 2.69701328485604e-09
134 7.446651507505659e-10
138 2.5548450996393325e-09
145 4.045473576828222e-06
147 4.49349559975791e-07
150 5.072821005383872e-09
158 3.1202128197805867e-07
160 8.738011447022798e-07
165 2.8476897752591e-07
167 5.979658901255871e-07
170 3.5056923743380058e-06
194 8.460605698162407e-10
198 3.0050495196411562e-09
214 6.648578574617008e-08
218 5.847738258050403e-10
238 8.629221892774088e-09
239 1.6329783841753336e-08
254 1.4287930177885491e-08
260 4.513946593200452e-09
262 2.810419246861468e-08
263 5.414942523290481e-09
268 5.0761421375345065e-09
275 1.9274304130047462e-08
287 5.0040372911284e-09
290 4.430574815548221e-09
301 5.181950544416353e-09
303 8.562591515877466e-09
344 2.5061278963292773e-09
345 3.944513519216479e-09
346 8.486157980790833e-09
347 1.170506926076679e-08
348 2.755449341199695e-09
351 3.995654005496495e-09
368 2.143758526828609e-10
448 3.667304126138256e-08
452 7.57638930302699e-08
459 9.209544487799549e-09
484 6.803550783895864e-05
500 2.4833509428204153e-06
517 6.932968920475793e-09
563 2.0897208586842007e-08
593 9.87802409285396e-06
594 9.570303622774332e-06
628 1.7509075426990284e-08
629 5.0806210947519536e-08
635 1.348408124568741e-08
638 1.8547803885531645e-08
713 4.9772251812724686e-08
149 1.2993007636002154e-05
352 1.931233548647376e-05
379 1.6919236611547946e-05
544 3.2862309919308104e-05
100 9.42630126616035e-09
137 1.891060195880581e-09
146 1.4124588507541204e-09
339 7.966397119067029e-10
420 1.818990244024872e-08
547 9.61483773105885e-06
665 1.3454950870864017e-05
13 5.359599541252148e-08
64 1.6165756897968087e-07
142 3.0082445292445736e-09
204 2.185875817968204e-08
209 2.8102349160076622e-08
233 1.594615281595846e-08
235 9.905957796014698e-09
261 1.8188137933382392e-08
319 1.346976503232802e-07
487 3.6154217552837742e-06
537 1.4293498428211578e-07
541 4.973095103462475e-08
605 1.1026910815108868e-07
720 9.06602594793496e-09
564 3.152689796190636e-05
118 1.1179605424066706e-08
337 5.7990000071433285e-08
395 8.492804495730932e-09
719 2.522966961331257e-08
283 6.737917072680214e-06
465 9.060971982292446e-08
