31 9.037859806210543e-07
43 2.5503433966619912e-06
51 7.302487479595306e-06
56 9.235742852444253e-07
80 6.570846268254802e-06
88 4.87440288797762e-05
94 2.4434429864400235e-06
96 3.2090530325859534e-05
115 9.452937761181869e-06
120 8.96609319802716e-06
122 6.634544372010879e-06
130 1.812447818056801e-06
131 1.04872558594718e-06
171 7.167893010887218e-06
178 4.2777302596937985e-07
184 3.726518795488776e-06
186 2.9671890508011352e-06
206 2.7651686912108983e-06
222 2.448807277399337e-06
224 1.358509297395175e-05
227 2.827529026767592e-06
230 3.3341212911077598e-06
236 4.364972164473601e-07
237 2.4098679235156036e-06
248 1.5595229319972211e-06
293 5.900435239229643e-06
299 7.515034540793426e-07
314 1.0831554076562045e-05
317 2.0436329404734665e-05
318 1.3099092146728112e-05
320 5.603326953066135e-07
322 7.167234702622761e-06
327 1.8150843969251958e-05
331 4.19877671633892e-06
333 1.2567739458016632e-07
334 1.1613214983662674e-05
335 4.539490930271855e-06
336 2.563786525225584e-06
340 3.627496490097222e-05
343 1.2030772533767019e-05
355 9.565345261501388e-06
373 1.3645220661880869e-06
378 3.956289985168809e-06
390 1.190684313970176e-05
412 1.422886658171755e-05
413 7.735522723704193e-05
416 5.7016926582608415e-06
444 3.103023675900353e-05
446 7.740272950491122e-05
464 6.078367463830509e-06
467 6.726772454978511e-05
468 1.751230135236388e-05
469 2.3111843567964975e-05
472 7.945713863499135e-06
473 8.876653956636087e-06
485 0.00019754148106670486
488 9.046574123034228e-05
490 1.368240429782963e-05
505 8.205767508375047e-05
509 9.677993438495044e-06
512 5.5357344609325985e-05
515 2.4782881491115613e-05
521 7.134544134011546e-06
543 2.491134475750331e-05
546 2.878785796862558e-06
560 5.08112055055542e-06
565 6.9460876124647795e-06
571 1.5110663333349865e-06
576 7.702454035494714e-06
579 1.634797342208807e-06
580 4.801353571669007e-06
583 1.3754666368440463e-05
585 3.994523665379336e-06
586 4.482109672680022e-05
587 2.6947487801394453e-05
589 1.4317946568387339e-05
604 6.219524655186439e-06
634 8.875423215757548e-07
650 6.390119413331565e-06
654 6.926478844341184e-05
655 6.596780147264391e-05
656 2.036062309520185e-06
660 7.084981027775659e-05
671 1.232215644692346e-05
673 5.918924501643447e-06
677 8.985310117529471e-06
678 2.39202816237125e-06
685 3.4941574517517086e-06
688 1.826422017469263e-07
690 5.690714646127521e-06
695 1.7589473258354422e-06
697 3.218995522379128e-06
700 3.5775107459020515e-06
701 1.3913947309228264e-05
703 4.302341274782892e-06
716 8.273613453725026e-07
9 3.024252732368438e-05
20 3.6687347763908736e-06
128 3.964777214230319e-06
129 3.845625394520096e-06
141 3.847150592510301e-06
229 5.289867092733621e-07
276 2.204372121986076e-06
297 3.222024869576461e-05
323 1.8219643159005664e-06
332 2.031235539827559e-05
353 4.373902976730628e-06
440 7.399267931666337e-06
495 3.6636097021180755e-05
504 3.5149633630792255e-06
555 5.436854468195551e-06
574 9.782436233782584e-05
578 7.378519569805752e-05
591 3.1997018398518336e-06
592 1.4673837191772546e-05
669 2.8001435217949877e-06
702 2.574204722166624e-06
704 4.40186874259122e-06
5 6.31098142952377e-05
30 1.656513409703089e-05
49 2.661777607033752e-06
258 6.211504623135106e-05
486 0.00046685768021105994
494 1.0389324821701891e-05
662 2.45478897517306e-05
693 4.035123374886114e-06
40 6.91621355386829e-06
539 7.570601251607399e-07
