540 2.1830976797409064e-07
15 3.689138086435822e-07
112 2.1098394637077267e-08
385 8.67347713036803e-08
658 7.71399203977395e-06
191 6.355286765235027e-06
679 1.9336866471353294e-06
124 5.191936027341654e-06
247 5.6025700050962755e-05
676 2.1437555924884508e-05
691 1.582726349698312e-05
550 1.774658925924657e-05
675 4.7216932250239004e-05
117 2.323602989970293e-06
183 3.852200055760492e-06
252 4.7600292563567764e-05
315 1.1255344566556268e-05
321 8.792848701799837e-06
326 2.5419512724304217e-06
375 4.850409665002341e-06
409 4.272630811865033e-05
497 0.0001028502546022278
570 2.2488969904189773e-06
672 0.00012809786011739826
680 4.401928519777391e-06
684 3.1934227613492716e-06
300 2.911005917839409e-05
431 1.6108829216452385e-05
569 2.0118043914939704e-06
682 1.0515522416460234e-06
62 2.3807913628781437e-07
200 2.84105144592244e-08
210 5.1024232329411684e-08
232 1.9468884614192835e-08
240 2.3566954903051075e-09
259 2.716996274366645e-07
383 5.552997532093081e-07
392 2.236285633818049e-07
400 1.206783591466346e-09
404 2.728901845176107e-08
418 1.2868700533703566e-10
421 5.682896240360483e-09
422 1.188728741205783e-09
424 3.5619113442740674e-09
425 3.4031021268744196e-09
427 1.3024175281203037e-09
457 6.27986646018043e-09
510 5.533164635236419e-07
633 1.9672184662263823e-07
643 1.1894713011039338e-07
709 2.36921044366615e-10
718 1.826550368212283e-10
33 2.5055360013381404e-05
37 3.420725134937169e-05
59 6.149411348587167e-06
162 2.568041441849293e-06
219 1.402981910518168e-05
221 9.170783218953376e-05
277 1.7795678660379076e-05
308 0.00010594846208244019
329 2.95504233278187e-05
358 1.770573731841774e-05
414 2.159259608591732e-05
426 9.110139347029801e-06
434 2.472151653436311e-05
455 5.82324256666901e-05
480 9.733454010646765e-05
508 2.191144574120593e-05
573 5.763700868856113e-05
641 1.6266260105318702e-05
657 1.887153969497971e-05
4 2.953937484175226e-07
6 5.963906314895066e-06
10 0.00018114741673252264
11 2.3048029764160788e-05
12 1.1527312342598955e-05
14 1.0216214305082964e-07
16 1.6571974436248542e-07
17 8.79086832642844e-06
18 1.4171243943042262e-06
19 4.600157752349336e-06
23 1.3038404502037206e-07
25 5.107298861144162e-07
26 3.494796570561119e-07
27 1.480223262274804e-05
28 4.028039241439801e-05
32 8.621260905017005e-06
36 7.275944660286472e-06
38 5.313320235326747e-05
39 5.829801036100692e-06
41 3.190253454340556e-05
44 5.206414646533131e-06
45 6.469028627043917e-08
50 3.0026013339299225e-08
52 6.39409804137181e-07
53 1.3246288506303296e-07
55 7.402819072916077e-07
58 8.043639524977893e-07
60 8.017513961714244e-07
61 2.0012666927614367e-07
65 2.313641767287354e-06
68 1.1278408162085719e-07
69 1.996546327275169e-05
70 6.62184137996707e-07
71 1.563596280494966e-07
72 8.829680629703227e-07
73 5.95718700036559e-05
74 6.990504692472288e-07
75 3.539782535367363e-07
76 3.0835558282666095e-08
77 3.0835558282662164e-08
78 2.126811531942959e-07
81 8.400505110981955e-07
82 2.159265741299176e-07
84 1.2642511267789807e-06
85 3.2422299569819257e-07
86 1.2258210150237085e-07
87 0.0001900074358892413
89 1.2741303423411884e-06
90 2.380052070025647e-07
91 6.822548709355308e-07
92 4.4298702751310624e-07
95 2.7026205695667245e-07
97 4.930212176354748e-07
98 2.841577377216758e-07
102 3.551662773396654e-07
103 1.7669829713300728e-07
104 1.1435776344061396e-07
105 6.46747234370548e-06
106 2.6137358601333684e-06
108 3.480911803973117e-08
109 7.984744036208423e-07
110 1.2417569367346867e-06
111 5.8480701015686554e-08
113 5.7859516087613555e-06
114 3.1359520218907437e-06
116 1.011299085507669e-06
119 2.412312211652342e-07
121 2.4885953272111293e-08
123 5.930188701832862e-06
125 6.205472291286021e-06
126 4.749494277244388e-08
127 2.1361115083779945e-07
132 8.368735542251379e-08
135 3.423439236219857e-07
136 3.0740496508355807e-06
139 6.363025012212919e-07
140 9.652608468592715e-09
143 1.297378279059382e-07
144 2.587261382772157e-08
148 1.8678723341146988e-07
151 7.489220298385557e-07
152 9.78963887198801e-06
153 0.00012602493674892325
154 2.202977526742893e-06
155 2.9737045895683304e-05
156 6.15762829734857e-08
157 1.6631836868860641e-06
159 3.62157882869734e-06
161 5.1662641295431405e-05
163 2.8754009513541667e-05
164 2.115652974746685e-06
166 7.524717753395821e-07
168 4.531743858078478e-06
169 3.8339536479086e-06
172 1.238614332712666e-05
173 1.5324766909865885e-06
174 7.683886047204247e-07
175 3.1421497511676466e-07
176 4.65309680384878e-06
177 3.2434257661444784e-07
179 1.8205515802496393e-06
180 3.4026242933768434e-08
181 1.1808037063060849e-07
182 7.421741855579815e-08
185 2.1619044381648004e-07
187 1.9657510845225506e-06
188 3.1678748050456564e-05
189 1.402164445895718e-07
190 9.438213574632551e-07
192 1.6141274940558473e-05
193 8.184844371084263e-08
195 8.963036839012743e-08
196 7.3953458059384195e-06
197 1.906065206435917e-07
199 1.8801491099480263e-06
201 5.74235004452353e-06
202 1.614982661334887e-05
203 7.348007441602266e-07
205 1.5121504305592823e-07
207 3.8351223556492045e-07
208 2.726903547061469e-07
211 8.920929716697652e-06
212 1.2990358479463556e-07
213 6.66252413048462e-08
215 3.0688522230097746e-09
216 7.565397355572028e-08
217 7.130044103878971e-08
220 7.110243543838375e-07
223 1.0761846693277125e-05
225 4.6457734754806855e-05
226 1.3097069045586432e-06
228 7.378856296909698e-06
231 4.001473809569793e-06
234 2.678491391361558e-06
241 6.620299877567653e-08
242 1.252884137159236e-08
243 7.225167257931346e-05
244 7.419359220777629e-07
245 3.76683248389186e-05
246 6.587902537162566e-07
249 1.0764126225291853e-06
250 2.3544012217202985e-06
251 1.919771281352521e-05
253 4.743316573037534e-07
255 6.315324347870075e-06
256 1.2361006303150737e-06
257 2.2968606700832437e-06
264 2.235873701537198e-07
265 2.5177208197727804e-07
266 1.8147413168609232e-07
267 6.441689772339799e-08
269 3.7349718652746175e-06
270 1.2940010296000619e-07
271 1.067332637897987e-07
272 1.7855020236049303e-07
273 1.0800583974274596e-06
274 9.872794723541391e-08
278 1.0723455796047387e-07
279 1.3035103117257468e-07
280 1.0277115129467714e-07
281 3.250817455600133e-07
282 6.514326514183428e-08
284 3.441226184926181e-06
285 7.329993867551042e-06
286 3.942841547006988e-06
288 4.6581698727123164e-09
289 2.5770619686477048e-05
291 8.015700882720707e-08
292 7.388076719104706e-06
294 7.430681120124421e-08
295 3.5218450766966553e-07
296 6.383672278709483e-06
298 4.49732536485492e-07
302 1.969951946229174e-06
304 2.7850380376457926e-06
305 6.834506406167298e-06
306 3.502182140918942e-06
307 2.582307302951376e-07
309 1.469168776016374e-06
310 1.5435626447208e-07
311 1.862468571144566e-05
312 3.487095724587778e-05
313 3.8466635042497985e-05
316 5.470634337382266e-07
324 1.9018718904732e-05
325 1.8667308284868153e-05
328 1.3817144014184985e-05
330 4.98690186794897e-06
338 2.478914337297448e-07
341 6.0113710098234125e-06
342 9.883716166456145e-06
349 1.2567052479508572e-07
350 8.713305007914909e-07
354 4.800328803846087e-06
356 2.9978073748859014e-06
357 4.197429079132772e-06
359 1.4576180475851314e-05
360 4.460104454849382e-05
361 2.0609291467364927e-07
362 2.2501244847160958e-08
363 2.497923071500384e-05
364 2.194731108399651e-05
365 1.3309641875904974e-05
366 1.0896553695912073e-05
367 1.0730160778728811e-07
369 3.0481163100339785e-07
370 3.5436622954995325e-05
371 2.534063620545631e-07
372 8.631546808248269e-05
374 3.614223546917268e-06
376 7.292195096644958e-05
377 2.900990140902299e-06
380 7.273336394807367e-06
381 2.3551101501545576e-06
382 8.021852561866313e-07
384 3.783092387782884e-06
386 5.0735864860133074e-08
387 7.061994919501826e-07
388 2.7045446346391204e-07
389 6.820691086399361e-07
391 4.948585493999917e-06
393 3.4376110984469655e-06
394 3.6100982140874396e-09
396 2.2287478353145744e-06
397 1.0086613692896177e-08
398 5.249080033318049e-07
399 4.12764478915675e-07
401 1.7705654620953548e-06
402 1.6767172505238557e-06
403 1.1910984562320024e-06
405 0.00010355052503640751
406 1.1084658344652616e-05
407 1.0452814249794517e-05
408 6.500426333343324e-06
410 1.118504186512441e-06
411 9.996270215398873e-06
415 3.777377733982258e-09
417 1.2854365202751385e-06
419 3.603519487542578e-07
423 2.1163117177940824e-06
428 7.643247031076809e-09
429 3.5291688147516763e-06
430 2.574052069164451e-07
432 6.314416745481297e-06
433 7.563725846719241e-07
435 9.912598171395294e-07
436 4.916472543005541e-07
437 1.1807072741843743e-07
438 2.4122084503952987e-06
439 2.732868097450705e-06
441 1.3863685889271632e-05
442 2.009474442227097e-07
443 6.721891306724429e-06
445 1.3322078862150586e-06
447 1.977536634426954e-07
449 2.7559057970409412e-06
450 9.529630041303896e-06
451 3.184715459311116e-06
453 2.82965886114837e-07
454 3.254105178300453e-07
456 7.213343871895058e-07
458 3.862663712928023e-07
460 8.260361374779563e-06
461 8.153457956892957e-07
462 6.35300098329141e-07
463 5.433554108164493e-07
466 3.864428493054648e-07
470 2.4058288270131424e-07
471 2.7139591823263335e-05
474 1.7555436901807656e-07
475 1.7580960009889e-05
476 1.3035253075506067e-07
477 1.0938830806689323e-07
478 1.4711849711039879e-05
479 3.0079018047166904e-08
481 0.0001793173117761487
482 1.3900920588186708e-05
483 2.0980786089337916e-05
489 0.0004851979677423172
491 9.372734535343178e-05
492 5.166836418728686e-07
493 9.907810688090218e-06
496 7.780676941523156e-06
498 2.1361732236244414e-05
499 0.0005540357768638727
501 0.0001145539713366809
502 1.3464469486963254e-05
503 5.18520261419636e-05
506 6.3110437936177066e-06
507 7.622973577306411e-07
511 1.549439434399723e-06
513 3.920090548965647e-06
514 5.58025324093658e-06
516 3.993853330451711e-06
518 1.9158662024086526e-05
519 2.0109305013601442e-07
520 7.468197535005809e-07
522 2.968441161488112e-07
523 3.0266052022991686e-05
524 3.883288034877182e-05
525 1.7956093892671469e-06
526 2.5727463232984567e-06
527 1.2378088049193139e-06
528 8.442317571323933e-06
529 4.952986181392442e-07
530 1.7595686150826095e-06
531 2.2479221732878408e-07
532 2.6550919897362335e-07
533 1.000589419846924e-06
534 2.1666410805821687e-07
535 1.9744004769567573e-06
536 1.5353039277469673e-06
538 1.695978915146795e-05
542 1.3099305538443247e-06
545 3.971892968525416e-06
548 2.6264963762982826e-05
549 0.0001312587394704983
551 9.568114737963822e-07
552 3.2349472053949306e-06
553 1.522865496589222e-05
554 1.7480410140396795e-05
556 7.831075041634599e-06
557 2.569092467957602e-06
558 4.969846616798166e-06
559 6.373579468548143e-07
561 1.8473773125569783e-07
562 3.320767236338249e-05
566 2.711720872594629e-05
567 1.6023049382401016e-05
568 4.411553815461015e-07
572 1.0270183527183944e-06
575 2.5792793528070387e-06
577 5.4694266856207996e-06
581 4.656973786862839e-06
582 2.9537292098619257e-05
584 4.767143304364832e-06
588 3.25456677094764e-06
590 1.3403117338440276e-05
595 1.2403306057464867e-06
596 5.077986706456392e-06
597 1.3424439734421853e-06
598 2.623386080186856e-07
599 3.272897225691026e-07
600 4.839429699851196e-07
601 2.938636413986112e-07
602 4.768500878731474e-07
603 1.2208004882075818e-05
606 8.201247776112539e-07
607 0.00016753989666697298
608 1.4963105844338736e-06
609 1.3587510597329932e-05
610 2.8801964709451823e-07
611 1.6663302492745553e-06
612 4.0956119304646056e-07
613 3.17230075441785e-05
614 2.6199131665535086e-07
615 3.0351863076109543e-07
616 2.9935051469578823e-07
617 4.649071705065219e-07
618 2.8371136020622484e-07
619 3.520173003629354e-07
620 2.541097965764934e-07
621 1.8380139039425607e-07
622 2.854673046687078e-07
623 3.7239450405555276e-07
624 5.8026355678278986e-06
625 4.2887034202094487e-07
626 4.81873656377943e-07
627 7.0906969546624e-07
630 4.4742028001562683e-07
631 3.141890182331427e-07
632 6.613440147205344e-07
636 2.491768153655864e-07
637 2.993050599113661e-07
639 2.343749396462299e-07
640 2.869753250561368e-07
642 1.9714766510037096e-07
644 7.39155755220837e-07
645 4.419189089500281e-07
646 2.096910348282658e-07
647 2.5951261859206295e-07
648 5.244526328881994e-07
649 4.6636914359208024e-07
651 2.561257596149564e-07
652 6.118358927912114e-07
653 7.723630472580475e-06
659 4.5762082365244596e-05
661 1.7842174480954278e-05
663 1.2896600691968382e-05
664 4.180831303632762e-06
666 6.357574461194741e-06
667 1.4089898056266845e-05
668 2.2020804744134577e-05
670 3.300555932089916e-05
674 8.27253815426922e-06
681 1.1332135620783807e-07
683 3.1109631568173975e-06
686 3.632611121750478e-06
687 2.1996950553011582e-07
689 6.848828718091622e-06
692 2.6140930684949675e-06
694 1.1433850528143647e-06
696 1.4917265436733596e-05
698 4.316179104517114e-06
699 9.847391340537875e-08
705 6.854404833411594e-06
706 4.3253622711174735e-06
707 2.4682828144163115e-06
708 1.3028698199917347e-06
710 2.3578242148774292e-06
711 3.5170730896859254e-07
712 4.71515269952462e-07
714 3.0590788324460776e-06
715 3.726225145229016e-07
717 2.3901569850111805e-06
