16
0.04078411069346936 -0.09585541847935573
0.04280699621502123 -0.04971922761894429
0.05566474572736501 0.029838163922107728
0.06757623764598202 0.07204527540403592
0.016444951014511707 -0.08171603254334364
0.021762444833071288 -0.043296416717115455
0.031648036612675776 0.03413728822074422
0.03769566028265942 0.07072645024044256
-0.03377022201627057 -0.07043309720274628
-0.02730019400768632 -0.03127389365733921
-0.019820946929724397 0.04755767675954275
-0.015728624511124233 0.08621077691038831
-0.05734320912934679 -0.06661829180124156
-0.04429170417938141 -0.017634477609758392
-0.029073365008062086 0.07798090872230053
-0.029325667275537367 0.12529371748769097
