16
0.043605970460399573 0.0351631260327383
0.008374214369623146 0.03733739063014327
-0.009903805034581041 0.016671915950301826
-0.03057300333720642 0.031220131990364615
0.02141835383280568 -0.00961022682654503
-0.0011696388630542058 -0.0006700334300311723
-0.004725814760737091 0.0063936037937486236
-0.014541560773998223 0.015304970453629031
-0.008304371928861912 -0.01257001062995905
-0.004353612797992298 0.008788291864438516
0.0023119487224530656 0.0009359104919503314
0.01840381828275802 -0.0023213155486057698
-0.03175512113687702 0.04729082945567428
-0.024248715822573732 0.025542013085165162
0.010489309710811436 0.031310361866060975
0.02686533463427768 0.03757639530018136
