16
0.005964038603333484 -0.009247868984025718
-0.012301225752753974 -0.022989664393422437
0.008607210736058298 -0.035663211033063955
0.01992115374661239 -0.008695447330107913
-0.028058756538492793 0.0078055351632495135
-0.008877665553304085 -0.008995040244072576
0.012713055567521407 -0.01417948377655289
0.02962664390927431 0.0029266184347541127
0.0074402327618981285 0.017385215439959734
0.009927698254475117 -0.005299325268638956
-0.0017485797785706907 -0.012943809866323135
-0.03545251566213389 0.002143562003774383
0.02417100881217373 -0.009101800250460632
0.016148678079619616 -0.023606240413248884
-0.012486934983314147 -0.02024937630238328
-0.007464024919459503 -0.001268537494524647
