594 5.351167391785739e-06
251 8.190305641292701e-07
554 2.8981026643823805e-06
567 4.946801396671931e-06
618 6.989346455689511e-07
17 6.217995533720219e-06
47 6.071365767887897e-06
113 2.5221676405828325e-06
163 2.4031807760069137e-05
221 6.077806654284977e-05
420 9.351412951185047e-07
435 2.744847892448686e-06
437 1.8569424589288043e-05
484 8.972713583964046e-05
507 4.376294690052018e-06
510 8.685585982306002e-06
516 1.3650619087472918e-05
598 2.451533007655097e-06
716 3.560307628852214e-06
32 6.668703074323602e-06
34 4.559471864737108e-05
35 1.2111412783815606e-06
36 6.604208831544739e-06
40 5.017706328735934e-06
44 4.263787550515637e-06
123 2.2636903470257852e-06
145 1.0197987830682092e-05
211 4.988132706395165e-06
247 2.391790659414921e-05
253 1.1040553789415868e-05
259 2.0371902572142607e-06
306 1.936179463184053e-06
426 2.0513122576032014e-06
432 3.1193305142356533e-06
496 6.626545115453793e-07
511 3.340868936726739e-05
527 1.3423025806901978e-05
571 2.41003688163849e-05
669 3.542937662666902e-05
673 1.8217190240480343e-05
677 6.801613345160759e-06
728 2.4660896410671723e-06
41 2.8936382782024463e-05
48 5.583101829413061e-06
87 0.00014594158029245267
129 3.1007240369268757e-06
141 2.5236972758038474e-06
188 3.268602935528867e-05
192 1.1676899597793867e-05
226 4.248746193279461e-05
255 3.2083797024489237e-07
260 5.805619252301506e-05
291 1.9369031210256185e-05
310 9.740639536961229e-05
314 1.9320275763269612e-05
325 1.3775148605495165e-06
330 1.057168235022085e-05
344 7.096717479815752e-06
355 3.6872107082483428e-06
362 3.498564492987316e-05
486 1.1236841775641918e-05
487 1.0435200245852102e-05
556 6.860027150719786e-06
558 0.00010343989471078106
563 8.70576993316063e-06
564 5.933461187462329e-06
568 4.462080278719782e-07
570 1.9187596199783203e-07
573 3.386510938947284e-05
577 3.301403227101867e-07
676 1.364937196393818e-05
686 3.256617297621544e-05
704 3.7495986260083017e-06
717 2.975541138370553e-06
494 0.00021091685096719307
1 0.00011018307576229044
3 0.00016141222831379085
9 1.597788256552249e-05
18 1.2096367194859093e-06
21 4.823793485723071e-06
25 5.004540767585735e-07
27 1.2247175254223919e-05
28 3.330248184903839e-05
29 0.00019126590666519163
46 4.186642418698483e-05
49 2.195481180988085e-06
105 5.075956419113814e-06
106 2.2576827664351483e-06
114 2.5484418622984542e-06
128 1.9669279000663262e-06
135 1.7529170584604257e-07
143 8.36333762965964e-08
147 3.0214489798944635e-07
149 1.6145613954714005e-05
151 5.255434101841588e-07
153 0.000101742346148356
154 8.345508864263152e-07
161 4.78855074619667e-05
171 2.6301300724364132e-06
176 1.736489480537986e-06
199 1.2042003917647959e-06
202 1.450983122749159e-05
227 1.0580595187953133e-06
230 4.3153049860561374e-07
244 7.268748066175457e-06
252 1.930278341366311e-06
287 8.017381650794546e-06
299 2.7120889061665035e-05
304 1.319281885561708e-06
334 1.637973157427782e-05
336 7.0666602696848755e-06
359 3.2435862430834056e-06
361 1.1120149796895842e-05
385 9.711970466426774e-09
422 2.6239145758292273e-07
424 1.552554207200982e-08
431 2.0571244275173752e-08
438 5.253236332439998e-07
443 5.836699836012577e-06
448 8.955975003885604e-07
458 2.897350009626935e-05
498 8.469099061952642e-05
502 3.5995627896263903e-05
523 4.044167206433493e-06
530 2.4585625597452444e-06
542 1.7979448353699685e-07
544 1.749627704078219e-06
552 9.014275661485326e-06
562 1.3669617809050357e-05
565 6.940768382308474e-06
575 2.2475613311566617e-05
580 1.6959317322114565e-06
586 7.74514487319002e-06
602 4.868444167710585e-06
603 7.0837953075981855e-06
604 8.71251888421555e-06
666 2.484335879730662e-06
713 1.7758656653667575e-06
715 4.578462650800412e-06
0 0.00019307520486100635
2 7.582499991996769e-08
4 2.8996752867818633e-07
5 6.217295902744084e-05
6 4.204674655380065e-06
7 1.5220068404007534e-07
8 1.6325375792857832e-07
10 0.00014737203301476754
12 9.774720185595538e-06
13 5.7935398297659974e-08
14 5.6054007656935804e-08
15 1.4339330993726358e-07
16 3.061091396185515e-07
20 4.05452473963792e-06
22 1.3723009893977385e-07
23 1.0495261313287063e-07
24 1.681789359531071e-07
26 2.0870868251905036e-07
30 8.246807788108324e-06
31 1.3344151558720548e-06
38 4.9362979547489745e-05
42 9.678332858371946e-05
43 2.465006294743678e-06
45 9.386449194348137e-08
50 3.363480446273175e-08
51 4.194204343251568e-06
52 3.358126668696867e-07
53 3.0987964162330054e-08
54 2.8709206524449686e-08
55 5.048348600853546e-07
56 7.039896515459212e-07
57 4.2474052205624e-08
58 5.734761068286144e-07
59 1.0787153640423383e-06
60 6.352554453484909e-07
61 5.363423419083285e-08
62 2.1918290231030806e-07
63 3.9655457773976604e-08
64 1.5912350764628516e-07
65 2.4669778259482667e-06
66 8.738024543666222e-10
67 9.639436633337109e-08
68 1.535931426451493e-07
69 1.9562351468732678e-05
70 4.1933727856078575e-07
71 2.144870025143134e-07
72 3.1675009496272044e-07
73 5.4978648787661074e-05
74 6.153110659187071e-07
75 2.004057141795e-07
76 3.930669797202175e-08
77 3.930669797202179e-08
78 2.6441228031352637e-07
79 7.693173012658298e-08
80 5.13240550061488e-06
81 4.190580868854693e-07
82 2.479172161742865e-07
83 1.2619033517802145e-09
84 3.919014633444748e-07
85 1.992262009817632e-07
86 1.7312994302514507e-07
88 1.0811081409897016e-05
89 7.015532144434352e-07
90 4.325364894825521e-08
91 1.0457383963145143e-07
92 1.1047408567579623e-07
93 8.260477547372171e-08
94 3.715727442796869e-06
95 2.6825060100699875e-08
96 2.364413083945151e-05
97 6.935425309295659e-08
98 4.936824199790025e-08
99 3.0542116863771483e-08
100 3.5499332442234913e-10
101 2.8011325640735922e-08
102 8.858544991752614e-08
103 2.4281125408122137e-08
104 6.104886449333202e-08
107 2.017548405815369e-09
108 3.7871439953467276e-09
109 6.33540223433384e-07
110 9.794683951636967e-07
111 3.132245904066999e-08
112 5.669699314039187e-09
115 3.2684723663007505e-06
116 4.880593515702039e-07
117 9.219116278525976e-07
118 7.58700507031113e-09
119 1.038993250378801e-08
120 5.218230088970395e-06
121 3.165859460698091e-08
122 4.753490132910392e-06
124 1.0656431349562178e-06
125 4.970003203995079e-06
126 4.7603693885326995e-08
127 2.2401097217092303e-07
130 2.898269034852214e-06
131 8.839875070700808e-07
132 7.367407162902233e-08
133 2.740315211976707e-10
134 1.905350314119547e-09
137 1.3536704924176157e-09
138 2.5120334479845313e-09
139 3.8325129913558165e-07
140 8.025765821985002e-09
142 4.40581576803828e-09
144 2.8982364159988177e-09
146 1.0080807611362517e-09
148 7.335275148352516e-08
150 1.2084737801937065e-08
152 3.728103984185079e-06
155 2.2743737320830536e-05
156 1.0909834379959699e-07
157 1.3664694003973672e-06
158 4.377197909083179e-06
159 3.1620670427800477e-06
160 4.108719494507138e-06
162 2.26392327104316e-06
164 1.7024556678024208e-06
165 5.9483509911197835e-06
166 5.487729434574926e-07
168 4.091806178566393e-06
169 3.2488536139919003e-06
170 4.802365097207377e-06
172 9.532429703559462e-06
173 8.308495487624445e-07
174 6.744665621878814e-07
175 7.952397959388042e-08
177 1.7230647159675183e-07
178 9.232844689404659e-07
179 1.274229921004191e-06
180 2.7704099153168276e-08
181 8.615387508400644e-08
182 2.200612173371868e-08
183 2.3337115147627983e-06
184 3.7828327117343566e-06
185 1.216667951833154e-07
186 3.947694665063957e-06
189 1.4891131862842927e-07
190 7.1866441076831e-07
191 3.6324228396837746e-06
193 3.937998622789504e-08
194 1.2658545912177318e-09
195 8.085412804532388e-08
197 1.6573025979724629e-07
198 2.5477467193405495e-08
200 2.705051270151206e-08
201 4.3224906844444596e-06
203 2.30141974814556e-07
204 3.650426911037937e-08
205 1.366249488761053e-07
206 8.78923938100472e-07
207 1.463260441725308e-07
208 1.8228367749200678e-07
209 4.7491424485214024e-08
210 2.9397259837487384e-08
212 4.438603688811294e-08
213 3.3859281795089174e-08
214 1.65934487699986e-10
215 8.951540435827072e-09
216 1.0632992840071229e-07
217 3.863411739608319e-08
218 8.234036736592184e-10
219 7.288173380330402e-06
220 3.553523135949101e-07
222 4.021565183037909e-07
223 3.3919465180268413e-06
224 7.980836201071844e-06
225 1.3915401576705802e-05
228 3.607636645891642e-06
229 5.814096699410138e-06
231 3.1390312446885245e-06
233 1.2857191110776125e-08
234 6.0406009511915614e-09
235 2.4717861626716876e-06
236 7.634017492517893e-09
237 8.216218472134944e-07
238 3.79539299070383e-06
239 7.971429843945557e-09
240 1.738149599012796e-08
241 1.162202297750289e-08
242 4.593673399596407e-08
243 1.7843895165456852e-08
246 1.4382884330507527e-07
248 1.7295802725568928e-07
249 3.7179906307225954e-05
250 2.5362243718065324e-06
254 4.0436191527302173e-05
256 3.182901995465985e-08
258 1.0990207562686453e-06
261 2.443157700670929e-07
262 2.822577432046726e-08
263 1.6445022167133626e-08
264 2.123524309172948e-08
265 2.772212147131409e-08
266 1.5736699422078818e-07
267 6.662230627435659e-08
268 1.844591767452611e-08
269 1.5836345994714506e-08
270 1.953098370646433e-08
271 2.9353904788439094e-06
272 6.088088543211882e-08
273 1.9448943975941882e-08
274 2.9533630538370736e-08
275 9.538908783316234e-07
276 1.7377320502135276e-08
277 2.013607398375869e-08
278 8.976622915784701e-07
280 3.975424452875234e-09
281 1.1780566925150524e-07
282 6.681020710692181e-08
283 1.2348607406109689e-07
284 2.4902554730364262e-08
285 5.390557808986557e-06
288 4.1341435232345845e-06
289 3.6958813723626226e-08
290 5.964959719672755e-09
292 2.044395943329392e-08
293 2.8642552404028303e-08
294 5.9776708126264435e-06
295 3.0252182323792136e-06
296 3.5873583337346214e-08
297 3.4838462691021753e-07
300 1.8817557033998323e-07
301 9.592302912258282e-07
302 2.3591005166715768e-05
303 2.7399159024974717e-08
305 2.61273661675899e-08
308 2.6450145880157485e-06
309 1.3496025162436498e-07
311 1.4103613878578535e-06
312 8.74366328130807e-08
313 1.6241426524988965e-05
315 3.142699451287907e-05
316 8.165743521646924e-06
317 5.0885953614293045e-06
318 3.1430239262804867e-07
319 4.940945814429764e-06
320 5.277551896227442e-06
321 1.0315488132002e-07
322 7.3187249628412e-07
323 5.982954163223946e-06
324 4.248804840927736e-06
328 1.8063977077715196e-06
329 7.699921470038752e-06
331 2.3115349362301605e-05
332 3.5063736843034367e-06
333 5.070940016524568e-06
335 6.035892102704932e-07
337 3.916631653219968e-06
338 3.3935717236879212e-06
339 1.9602882489989458e-08
340 1.3208433985843178e-07
341 1.9153246112124087e-10
342 6.506898128081297e-06
345 1.0947752644244887e-05
346 1.0008357939700197e-08
347 1.2728509601498732e-08
348 1.0121787960581414e-08
349 2.1271571726347136e-08
350 5.381689602396386e-10
351 3.399806524486108e-08
352 5.450157780594612e-07
353 5.315953766916694e-09
354 1.9016725443895912e-05
357 8.051941867692501e-06
358 2.6245873532935033e-06
363 8.971553763305553e-08
364 9.065034483651933e-09
365 2.2506265550230054e-05
366 1.9662431677438386e-05
367 9.975397885538023e-06
369 6.01650397882697e-08
370 1.540575752818681e-10
371 3.112318154399049e-07
372 2.86661703871078e-05
373 1.2039193294629494e-07
374 6.501285146940576e-05
375 1.735649708451277e-06
376 2.7563583404934505e-06
377 3.077181142543778e-06
378 5.236649858167229e-05
380 3.1147048880840265e-06
381 2.1490497162209488e-05
383 1.675924567963965e-06
384 7.950774287218929e-08
386 1.2059720331216311e-07
387 7.334332001910063e-08
388 5.780437929294767e-08
389 3.264259227748627e-08
390 3.365289407038584e-07
391 6.995053473573493e-08
392 8.278070195772681e-06
393 1.6023130464392685e-07
394 2.845412368227948e-08
395 2.7199830866155095e-07
396 1.3085068776808406e-08
397 3.0922467715859097e-10
398 2.4394610252072674e-07
399 2.992537035215751e-08
400 1.7205773959883607e-07
401 1.8440262825776964e-07
402 8.369229054267698e-09
403 9.407193311575898e-08
404 1.5265449631575558e-07
405 8.906780784243647e-08
406 4.686502005205937e-08
407 8.895112233727824e-05
408 8.17334122064247e-06
409 7.837785180509648e-06
410 1.1165977035413462e-06
411 3.395020287636406e-05
412 1.374171819609704e-07
413 7.41183358114178e-08
414 1.0103283736293124e-05
415 3.1209291941092454e-05
418 4.818432360724297e-08
419 3.449245117995482e-06
421 6.817380200428136e-09
423 9.77762016457539e-09
425 6.70510663374098e-09
427 5.3148024933188935e-09
428 1.2429962004807475e-08
429 7.04973121235711e-06
430 1.3164928274131352e-08
433 1.6109268880678295e-07
434 5.301129621965199e-06
436 4.020868091506362e-07
439 1.92426758427199e-07
440 1.1998597757819395e-07
441 1.5286620632001998e-06
442 2.3321766752658566e-06
445 1.5173222827785635e-07
446 5.660099405026294e-06
447 6.609473620447787e-06
449 7.587671997954145e-06
450 1.3926090597194354e-07
451 1.0883913305021698e-07
452 1.0720225561581022e-06
454 2.6361764461556255e-06
455 1.4800139267972006e-07
456 1.7898459396899613e-07
457 1.8840663374516357e-07
459 3.4026108750057326e-07
460 1.0403503892332323e-08
461 2.1269906058728839e-07
462 1.7927939163300756e-08
464 6.858464483423497e-07
465 3.356247525527654e-07
466 2.1302505654746853e-07
467 2.481627557923169e-06
468 5.7104983231134697e-08
469 2.376569973253357e-07
470 2.0359548268479935e-05
471 6.883605028322226e-06
472 1.7089299645949402e-05
473 1.1457989102390666e-07
475 5.411974981303157e-10
476 5.740317745037126e-06
477 6.425637618113482e-06
478 1.1687543545333841e-07
479 1.4877229467509054e-05
480 8.681213640153197e-08
481 1.2947919353496447e-07
483 3.627283334898841e-08
485 0.0001443822980755409
488 0.00010144074679803281
489 7.687056959826939e-05
490 0.00023699565318294061
492 1.3896044208386755e-07
493 6.906335445734232e-05
497 4.005532557009005e-06
499 4.248470186196306e-07
500 7.14212261065203e-06
501 1.1276747355770906e-05
503 5.8435347666274364e-06
504 7.479811484832456e-05
506 0.0004804686001827671
509 4.248930523376608e-06
512 2.8646075442390894e-06
513 1.2964922632674941e-05
514 4.080535227800758e-06
515 4.2383511293935755e-07
517 6.404802210129437e-06
518 5.666258163938682e-07
519 3.439169263306079e-07
520 3.5740577490884567e-06
521 9.506077531758821e-08
522 9.411840790749306e-07
524 1.7210949215446162e-06
525 3.477490795620135e-06
526 8.685135241777658e-09
528 1.2517828445024797e-07
529 2.6282475820224835e-07
531 1.7433988651446364e-07
532 1.9382459367840575e-05
533 3.165661069554079e-05
534 3.0113247030577594e-07
535 1.236238732955432e-06
536 8.753361049288667e-07
537 5.0227683574178844e-06
538 1.7287883662913603e-07
539 1.0255246833902023e-06
540 7.39020486240517e-08
541 3.530838432775965e-07
543 1.2731059613846113e-07
545 2.4500859272247863e-07
546 1.4968409168210294e-07
547 6.670693602273057e-06
548 3.975873441226261e-07
549 1.9492242112940945e-07
550 6.167609671938079e-08
551 1.8270698632985183e-07
553 5.118726551636066e-05
555 3.7051366591841733e-06
557 2.155325788281812e-05
559 5.159878316712627e-06
560 7.522013308132864e-07
561 2.335028624249672e-06
569 3.740839480139826e-06
572 5.1850370973748385e-08
574 2.4202538606442684e-06
578 1.4493066920515089e-06
579 1.5433347201494004e-06
582 4.329917904521878e-06
584 7.310665425334856e-05
585 1.4890642846762712e-06
588 6.765904282324987e-05
589 2.1039367744820537e-06
590 3.2376596347345735e-06
593 7.94970810913499e-06
595 3.335688520494104e-06
596 5.43759438673018e-06
597 1.6886680066173098e-05
599 5.875559631731519e-06
601 2.82562877771584e-06
605 6.640039792992802e-07
607 1.1548082413254403e-06
608 1.5685533675949952e-07
609 1.4781251767643328e-07
610 1.261811902399467e-07
611 1.707194874175728e-07
612 1.4020853550779465e-07
613 1.0023711628946694e-05
614 3.0561711883997963e-06
615 1.0910900303918103e-07
616 4.3270379873382966e-07
617 0.0001235076905307982
619 9.850510228031719e-06
620 1.6056923818249788e-07
621 1.2389192816393814e-06
622 1.6265470437398012e-07
624 1.9775169704387188e-07
625 1.5882927446211657e-07
626 1.2842890723858604e-07
627 2.436375004214557e-07
628 1.0279442662187225e-07
629 2.8406961025002675e-07
630 1.1749720902348526e-07
631 8.799378713903271e-08
632 1.689048215496333e-07
633 1.4313929722549694e-07
635 1.5530040343989327e-07
636 2.22852979798658e-07
637 3.554388497062324e-07
638 7.568704305506391e-08
639 1.1657673237893568e-07
640 2.1025326763878877e-07
641 1.4006238256379925e-07
642 2.505842869958888e-07
643 1.4355378433065948e-07
644 1.1586688435570146e-06
645 1.1832628266231228e-07
646 1.195832346393787e-07
647 1.591315577802515e-07
648 1.2541158105014094e-07
649 1.4082572636368009e-07
650 1.7965582886697543e-07
651 1.0299225985112993e-05
652 1.2959933621533652e-07
653 8.976019819243552e-08
654 3.9640885485087944e-07
655 1.5969161819947837e-07
656 1.9509809460245392e-07
657 2.102934159542049e-07
658 4.377119782495567e-07
659 3.3731949218208844e-07
660 4.93763239346241e-06
661 1.662035272403318e-07
662 3.3141099783382325e-07
664 1.3040185680680652e-05
665 1.4886118345429074e-05
668 4.005571160445177e-06
670 1.0142532881615486e-05
671 4.040993594970963e-06
675 3.0325995748698905e-06
678 1.2883324511520581e-05
680 3.2240412467567624e-06
682 4.3809525823481325e-06
683 2.6793537474619474e-05
684 4.821799471414641e-06
687 7.027074354342878e-06
688 3.165131033071408e-06
689 2.8004562745034566e-06
690 9.646786402296648e-07
691 2.463068200642808e-06
692 4.8011921506104705e-08
693 7.945247391781392e-07
694 2.4005468570653983e-06
695 1.9643075015050044e-06
696 4.577202494899085e-06
697 3.077221757275082e-06
698 3.853570458115804e-08
699 4.686207570440085e-07
701 5.8132197940175345e-06
702 7.1283818679585675e-06
705 7.733226812798546e-07
706 1.403099915918496e-06
708 2.843959073942824e-06
710 8.89056769011735e-08
711 3.868673953731898e-06
712 1.1411797210742302e-05
714 3.117824439705323e-06
718 2.306583265749646e-06
720 1.6538760239102638e-09
721 1.980428564963377e-06
722 2.6894872088438175e-07
723 1.9868622305471536e-07
724 1.1335806621436901e-07
725 2.11526971481164e-06
726 4.3806479335978774e-08
727 1.0990106022337484e-06
729 2.766552229708907e-09
730 1.8517904529892986e-08
731 1.2463694199061383e-08
