9 3.347709301252194e-05
20 3.480782208944216e-06
30 1.5856664358473534e-05
31 7.885296065001128e-07
43 1.7579766911838963e-06
46 4.11342959834308e-05
49 2.4260574454785732e-06
51 4.398902960692755e-06
56 6.529828193858679e-07
88 4.222738552506028e-05
94 1.9858895768320644e-06
96 3.106614444230193e-05
122 9.963319417235897e-06
129 3.3489848958573057e-06
130 1.6972763111546646e-06
141 3.536239133746864e-06
147 4.4763611989232984e-07
170 4.9543920033100795e-06
171 3.3805696522482115e-06
178 6.103623444573288e-07
184 4.082457611241134e-06
186 4.8423062199180465e-06
222 1.845578313234623e-06
227 1.192004583341149e-06
229 3.3417978066556957e-07
236 5.222613327866797e-07
237 2.111214703122387e-06
248 1.319815841609149e-06
293 3.791480574006637e-06
299 5.175510884225157e-07
314 8.126972459109222e-06
318 1.4849371428125093e-05
320 3.961464615618147e-07
323 1.3800874236803446e-06
327 1.775686793053104e-05
331 4.52794813959993e-06
333 1.240875672959828e-07
334 8.193526423975537e-06
335 4.063194245075427e-06
336 1.5374274918337226e-06
340 3.2495940036517086e-05
343 1.2859551267201641e-05
353 3.3259168021550307e-06
355 7.596465543539777e-06
373 7.507689729703689e-07
378 2.619415933532715e-06
416 4.253957266662153e-06
440 7.99424058099771e-06
444 3.2610449346804965e-05
464 4.3175018876661545e-06
467 4.842752228245776e-05
468 1.911537525581528e-05
469 1.549324967429806e-05
473 5.459125606782235e-06
490 1.1745753477914303e-05
494 1.051195758451216e-05
495 4.0492391778974874e-05
505 7.772772981530346e-05
509 7.417264183058049e-06
521 5.619260514180423e-06
543 2.3465451453900074e-05
546 2.1033413752440074e-06
555 5.152293612066749e-06
560 3.7880016153964402e-06
571 1.109565219509204e-06
576 5.893961886576707e-06
578 7.33283086691461e-05
579 1.3238861071066902e-06
580 3.0718126029021457e-06
583 1.111084790780034e-05
585 2.678248442578029e-06
586 3.325469795532175e-05
589 1.3023375200811303e-05
591 2.2913305375622487e-06
592 1.084824465818647e-05
594 7.979250906369535e-06
604 4.102160195848165e-06
634 5.30161528959597e-07
650 6.718541431099545e-06
654 6.880800057458564e-05
656 1.4269748934257907e-06
660 6.128886450074875e-05
662 3.096369655963282e-05
671 9.804605111775833e-06
673 5.201565709780203e-06
677 6.655866455575618e-06
678 3.5886126541042933e-06
685 3.175480302326811e-06
688 4.356653419187856e-07
690 5.23582199456867e-06
697 1.7514019068664258e-06
700 2.025534210821021e-06
702 2.8015865398709976e-06
703 2.464272612204199e-06
704 5.47509955640388e-06
716 5.300890960688991e-07
