593 7.67072020686498e-06
702 2.87448263026031e-06
17 7.422711133464236e-06
163 2.4679632551052392e-05
480 0.00010264949025587416
34 4.2892516534722345e-05
518 1.788821161827567e-05
145 1.0661322943766284e-05
429 3.606904781342099e-06
21 6.721006717339453e-06
455 4.9046992075430986e-05
253 3.3184867810081473e-07
289 2.138329038861299e-05
308 8.552737360245515e-05
568 3.786053058077833e-07
1 0.00012256184485212525
221 7.106014316293023e-05
372 6.760309210291944e-05
523 2.610847585538562e-05
564 3.4631791699283464e-05
225 4.23034909274796e-05
3 0.0001349345089669024
114 2.978698368166081e-06
559 4.546947196875879e-07
561 2.0799209617963055e-07
28 3.4091271357291424e-05
402 1.5803847500055026e-06
410 1.0909016424263348e-06
401 1.6832415193933847e-06
393 3.157961220598044e-06
27 1.27301899496324e-05
42 9.610861007658615e-05
160 4.727128380378517e-06
234 3.105290514242199e-06
285 7.691915699968494e-06
292 8.32359328965874e-06
306 2.999188671727303e-06
407 1.4343269343325004e-05
489 0.00037993718088250706
493 7.942377249218605e-06
544 4.132205328070188e-05
445 1.0599513395547397e-06
212 3.6651420741398056e-08
127 1.9567626193770206e-07
205 7.479993918756495e-08
443 5.8661208557903465e-06
216 5.7711026737562404e-08
240 3.026465472222655e-09
369 2.9387256555765e-07
392 1.910928728465941e-07
394 4.53489919859317e-09
403 1.101108869622804e-06
499 0.000435300178171071
709 5.554925154168737e-10
507 3.7891770793144725e-07
484 0.00012339890969711678
169 3.475571062551674e-06
252 4.005516111944145e-05
269 2.959467668038979e-06
379 2.2230749409033716e-05
569 1.7124106123402593e-06
641 1.1531940891238021e-05
6 6.8613725374826155e-06
29 0.00019878739130499152
60 8.441356343705178e-07
65 3.2957063052421095e-06
70 5.111680001847778e-07
125 5.1737424048893035e-06
139 4.345176809444673e-07
164 1.6215280057551997e-06
168 4.128091287637379e-06
177 3.126848302040318e-07
181 8.611467752220222e-08
185 1.5467457032507026e-07
189 1.684369334365896e-07
350 5.846144900075928e-07
352 1.7940607838174658e-05
364 2.080195031164738e-05
474 7.940947584769115e-08
476 4.7177788199474796e-08
552 2.673435821518395e-06
595 9.331279034282328e-07
609 1.1659272079794644e-05
667 1.2837387292019507e-05
680 2.8067857805077493e-06
7 4.282113559006714e-08
66 1.0269545598417596e-09
91 3.4464708625570244e-07
98 1.3819004187994294e-07
103 5.506564668950977e-08
108 6.097592905344688e-09
134 9.284385387691941e-10
238 8.912152575589807e-09
267 1.983640962494211e-08
274 2.198572499039257e-08
492 4.255089342438684e-07
527 7.195905400429651e-07
531 2.6716352179156427e-08
548 2.3977605298645023e-05
606 3.482274405680689e-07
12 1.0530682343888216e-05
23 3.357475438503633e-08
63 7.043462826267787e-09
69 1.87359761450633e-05
75 1.0594866625006897e-07
79 4.3435417330928404e-09
85 2.2009471733178214e-07
107 2.7572260286022787e-10
118 3.200052161357681e-10
138 1.53670164063622e-10
146 7.756500436493331e-10
165 5.9440782656714e-06
180 9.771021374058146e-09
193 4.6931249579518993e-08
198 9.96172254576809e-10
215 8.392435895116218e-10
262 8.71250225036445e-09
287 2.918105347833286e-09
294 1.8640644686166134e-08
307 1.0712177268378495e-07
313 3.151117154105725e-05
345 6.1825337900316325e-09
367 6.109404445574962e-08
437 2.953753208880778e-08
452 6.03584025067361e-08
457 6.730276886823415e-09
463 1.3668844895099605e-07
477 1.1524816378593108e-07
602 1.1890417442668845e-07
612 1.0606099545171674e-07
617 1.5262419361876023e-07
621 1.1310039610564641e-08
626 1.6576169945800765e-07
630 8.389954224955036e-08
635 2.970337920162417e-09
640 4.5689790258677516e-08
645 8.306162795186038e-08
649 2.389285556018816e-07
712 3.410166054574884e-07
720 7.729068121145631e-10
8 6.321895914504055e-08
14 1.102763948262562e-08
83 1.0921877636888918e-09
90 9.710739830886964e-08
92 2.461071986625656e-07
97 2.7609262572051473e-07
99 5.8817567078865115e-09
102 1.851860595412887e-07
104 4.114080350861408e-08
110 1.0393628728349074e-06
133 2.581203914372228e-09
144 9.4836435683324e-09
218 8.276716645724159e-10
235 4.247012340975789e-09
239 1.3614414846284915e-08
266 5.916982498997549e-08
270 5.520009899599436e-08
272 5.7188800039957984e-08
278 4.788502087749866e-08
282 8.517627758049822e-09
298 2.4297418044207706e-07
326 2.0918348166151023e-06
348 2.9341912310071785e-09
361 1.0519457068313935e-07
395 2.6941641383296295e-09
406 8.265439556676276e-06
447 1.938912864829932e-08
522 3.691580092134657e-08
526 1.7900728082295672e-06
528 6.800795027521391e-06
530 1.195565363044073e-06
551 6.622539628037907e-07
563 1.730351448822028e-08
600 8.69570027656632e-08
607 0.0001177475373340406
636 4.8963609339317486e-08
681 2.391657724324733e-08
715 1.7796144228721696e-07
719 8.06226146485784e-09
4 2.6371221502259033e-07
15 2.057694367756948e-07
22 6.962797188544755e-08
24 6.69875485316669e-08
52 4.04706236803784e-07
55 2.822259179069042e-07
62 1.7420027047592932e-07
64 1.1833999252277468e-07
68 1.2812950483053473e-07
71 1.3725838972212394e-07
74 4.924051092789433e-07
76 1.0662857296875735e-09
78 1.2421688518181627e-07
81 4.676578485892763e-07
84 6.312935154177849e-07
89 1.149368503054125e-06
101 1.9195706656137503e-08
109 7.171203364051325e-07
112 7.0255850771379004e-09
119 2.0339983734379093e-07
126 2.482594362379964e-08
137 1.5078305524551166e-09
140 5.466787959720522e-09
150 1.8007831066772287e-11
156 3.1221845196581504e-08
173 8.861541962572464e-07
175 2.556635593051619e-07
182 4.333158913356061e-08
190 7.235229146788721e-07
194 2.4578443662494737e-10
197 1.6211554542523384e-07
204 1.0291050969549075e-09
209 5.964623002378627e-09
214 6.54834737460888e-08
256 1.077841882089997e-06
259 2.2375817385900372e-07
261 1.2471687225757615e-08
263 9.047223413598363e-10
268 3.46287217918275e-10
280 4.8570887245670676e-08
288 6.151418949422282e-10
291 1.8202602875357884e-08
295 3.156666092002875e-07
303 2.1284090731363855e-09
309 1.31722208488862e-06
311 1.8429220968358353e-05
316 3.350855416509504e-07
338 1.3077682461948583e-07
344 1.0810613773997374e-09
346 4.4960741513998045e-09
386 4.93946876717327e-09
397 3.0198075953388474e-09
399 3.6982687374527915e-07
430 1.0973900591967791e-07
436 2.3296408638260054e-07
438 1.504227296631232e-06
442 4.0883246505098904e-08
448 1.2344980095822244e-08
451 2.974727945407683e-06
453 1.5489202576473517e-07
456 4.872911138093243e-07
458 1.9302468565161963e-07
462 3.1559797873118983e-07
465 7.619647283648457e-09
470 3.411327690359413e-08
479 3.960543789582229e-08
487 3.2208335251593943e-06
510 4.319476244246102e-07
524 2.990806676380453e-05
537 2.2099020834267576e-08
541 2.6103331159714756e-09
601 3.8323297569765305e-08
603 9.553726955793549e-06
610 8.18202464771071e-08
614 7.112093160015058e-08
616 1.1120561254271948e-07
618 4.523365082992495e-08
620 2.3507335565105324e-08
622 7.763437182121452e-08
625 1.1386616032215635e-07
627 2.737968117511451e-07
629 1.1614541957207501e-09
631 3.444223677219062e-08
633 9.270419337695282e-09
637 3.689746744903811e-08
639 3.5142165627044264e-08
642 2.7913839144978268e-08
644 3.4270492852533296e-07
646 4.0168931562803136e-08
648 2.369770817054072e-07
711 2.696460820688547e-07
713 2.3523463191524048e-09
718 5.677949757551194e-10
13 9.996581983709026e-09
54 5.859686495617444e-09
95 1.172607506968895e-07
100 4.552941885182447e-09
217 3.5007837485272537e-08
241 5.053680170826986e-08
271 3.839299845795026e-08
281 1.8994793624183752e-07
349 3.184871946917007e-08
365 8.744956332100676e-06
459 5.1995216096174254e-09
517 3.2044955557550947e-09
529 2.3015383606728522e-07
598 1.0099353125594416e-07
611 1.0421673275433635e-06
687 9.874967239209098e-08
2 4.6967783539985384e-08
26 1.8829872345654373e-07
50 9.997769925631984e-09
67 1.2930167058999811e-08
72 4.103969524054429e-07
77 4.600442364445856e-10
82 3.5512718181691804e-07
93 5.250754944319649e-08
111 2.9366255051864954e-08
121 5.955416607570585e-09
132 6.006776757266865e-08
142 1.223603244041629e-09
174 6.977179950432761e-07
195 7.518561862598112e-08
260 3.850881537633578e-09
279 8.928785189887167e-08
290 3.408293758707619e-09
301 1.2309223641004626e-09
310 1.076745118598242e-08
319 2.428653839275972e-08
339 5.846593826224138e-10
347 1.4416387396386498e-09
371 1.5647565121660727e-07
385 4.351751349027687e-09
400 9.828425145825776e-10
404 6.493096766746689e-09
415 9.630146095223703e-09
433 5.423583914867608e-07
439 2.2887049215595857e-06
449 1.5193056165408969e-06
454 9.90919496093042e-08
461 6.837684322747011e-07
466 3.7132285599644077e-07
540 3.984125481245555e-08
599 5.98857914792947e-08
605 2.334153164851541e-08
615 8.450392799499354e-08
619 9.076643418277579e-08
623 8.562425132311758e-08
628 2.5723984249009818e-09
632 1.4445749399282995e-07
638 2.6516203486035778e-09
643 1.8285389399315624e-08
647 3.4016332162548255e-08
699 8.926181895771453e-08
710 2.2191358997353258e-06
714 1.9903304965257948e-06
10 0.00016134110592070484
86 1.8811229053209366e-07
158 4.507616838041358e-06
201 5.194234006266959e-06
220 4.673230742497013e-07
389 6.040394135177588e-07
520 2.8942159728644063e-07
53 4.1704778048207706e-08
337 1.012375475267513e-08
387 6.184949651451692e-07
398 5.03290095543734e-07
418 3.6185358181731615e-09
61 6.926910778488478e-08
207 2.213575329380008e-07
210 8.8725396213165e-09
213 2.034655346259064e-08
242 1.682135834124139e-08
368 1.8337317419616616e-10
516 2.778062397836884e-06
519 1.5245013670449126e-07
38 4.93276280201123e-05
275 5.71766863159831e-09
388 3.8556215843264597e-07
411 4.588204097235884e-06
422 6.378862544064424e-10
424 3.859932647257863e-09
534 8.163360076594661e-08
651 3.72717813399881e-08
172 1.0584237032079307e-05
208 2.096465339071047e-07
233 2.744489885199407e-09
265 1.0996510677192624e-07
525 5.392873203041905e-07
58 6.274622435771175e-07
200 1.52744215714812e-08
264 1.4576514481716305e-07
425 6.6327213305364115e-09
532 1.9830311715956507e-07
536 3.441205394245633e-07
16 3.6284897941895065e-07
575 1.6654367611878063e-06
482 9.074781658129353e-06
273 1.0065747389900012e-06
391 4.606228838317143e-06
396 2.137952229460222e-06
254 4.433824910132961e-09
428 1.443162014596271e-08
199 2.3454469221819048e-06
408 3.495994055313801e-06
427 5.920932162961593e-09
45 8.184719745014299e-08
553 1.57592396528289e-05
535 2.3252891555721887e-06
573 4.796828379231002e-05
148 1.318993932153763e-07
542 2.3404444548192273e-07
421 1.2968598589915328e-08
706 3.916228329151435e-06
383 5.21219853973834e-07
153 0.00011281912043336404
250 2.053648893052788e-06
351 9.214064603252344e-10
556 7.13392758123231e-06
384 3.357048731484438e-06
151 6.131611769622611e-07
382 7.643107979817438e-07
157 1.7612429678665658e-06
232 6.0477833166581166e-09
257 1.8913610463925436e-06
423 1.6844977693490665e-06
286 3.046832534279038e-06
511 4.848084952459734e-07
491 7.472421196274328e-05
514 4.831419957274306e-06
202 1.3802581455362656e-05
419 3.0471285310167964e-07
188 2.55275950882027e-05
18 1.2514930514149637e-06
159 3.434965537063438e-06
203 3.7187653478966366e-07
166 5.982952078242378e-07
154 1.3049108674719417e-06
246 3.7423850346114365e-07
481 0.0001714199492381692
405 8.767012694647812e-05
362 1.4662262754086555e-08
363 2.7520043820408593e-05
566 2.241176340693985e-05
149 2.042083917025158e-05
359 1.1422070821962425e-05
357 3.3237278771861023e-06
506 4.93093170996317e-06
161 4.213471977161346e-05
152 3.851382886378158e-06
244 4.5062959146747897e-07
513 1.19695625004818e-06
106 2.2825504477921277e-06
597 1.1978589466034885e-06
105 5.313182263270472e-06
420 1.9400463944248937e-08
57 3.267221918822692e-06
135 2.231802801092869e-07
155 2.5315816074065658e-05
665 1.3814615708010884e-05
328 1.0869710624700273e-05
486 0.0003397829235853775
32 8.55303972122419e-06
226 1.0705154731542683e-06
143 1.1058681161823047e-07
176 3.1723735241314006e-06
497 8.304262069297522e-05
25 3.85889233474901e-07
431 7.107616388460615e-06
370 3.1603735320171e-05
315 7.081524190312982e-06
533 7.43957505669639e-07
435 7.773972004827533e-07
342 7.869230189084313e-06
116 6.11740441849469e-07
512 1.825356603570809e-05
356 2.5820888487670625e-06
409 3.391129504585464e-05
128 2.875182773875736e-06
300 2.639459567540233e-05
302 1.6272670690601429e-06
332 1.680394475325538e-05
183 3.0693148003676685e-06
117 1.4838923318353885e-06
124 2.694997577889472e-06
375 3.4677342000166127e-06
297 3.202431893118785e-05
276 1.457496102844406e-06
682 6.887119547630984e-07
5 5.950447788295523e-05
122 9.485249324741576e-06
472 6.538493671374825e-06
515 1.2433365897728397e-05
0 0.0002833287429694063
412 1.1119390540991976e-05
539 5.436539904116927e-07
574 8.436300773017557e-05
669 2.382524959693441e-06
565 5.691919421900146e-06
343 1.3337205378477023e-05
591 2.2934185107396897e-06
679 2.177123368210324e-06
