546 2.9608288878606117e-06
580 3.1527924340802157e-06
31 8.133773081333415e-07
579 1.2448553734243217e-06
685 3.144352477362064e-06
317 1.629935311652977e-05
130 3.863332213093307e-06
690 4.215330932362493e-06
426 7.746461415464622e-06
51 3.852979048183039e-06
94 2.4588130226402384e-06
333 2.8174973376389145e-07
650 4.577158265929329e-06
170 4.564927836456278e-06
467 4.798508216135106e-05
468 1.2737810916132187e-05
589 1.189387963538625e-05
162 2.114763767644326e-06
504 2.3398757087329014e-06
655 5.919530191732768e-05
186 1.5663469696712613e-06
236 3.622300984778896e-07
331 3.035463347114973e-06
678 9.600877867870612e-07
688 9.340706563871796e-08
570 1.1767753454670844e-06
658 3.162119137590093e-06
321 6.4777341802467735e-06
329 2.3687725986900467e-05
88 4.638975400506039e-05
178 4.963671722813682e-07
318 6.163150722658803e-06
335 2.9237580258282245e-06
473 4.812468989320167e-06
509 8.537273384293303e-06
587 2.0412862059540905e-05
191 3.8745978604780285e-06
413 6.311709024412287e-05
248 2.769139738784114e-06
660 5.313495003950135e-05
224 8.45062973485592e-06
695 1.0621152933413874e-06
115 5.099498992413621e-06
322 3.45110564729598e-06
390 7.3563601987447624e-06
230 2.3183080832107127e-06
131 4.748129216416124e-07
327 2.2901956242350395e-05
469 1.3459717707249095e-05
654 5.527656094585933e-05
206 1.7096729192270292e-06
485 0.00014379170170995327
701 1.3231892922401281e-05
184 5.197420857788814e-06
494 1.0495372470218734e-05
120 8.308887987681588e-06
247 5.7743755406075263e-05
446 6.685023607047363e-05
96 3.253475205747098e-05
80 5.200967348219333e-06
283 5.9735666105522245e-06
488 8.289036155690028e-05
