37 2.572791243917902e-05
39 2.929150906587413e-06
41 2.5462229297292448e-05
59 2.49839977019409e-06
73 5.5602464378410495e-05
136 4.4539838903843373e-07
179 6.3840236481414e-07
187 2.393016559743445e-07
219 1.1849687205048928e-05
223 7.494469905948204e-06
228 5.214200253094059e-06
231 2.7820895960949803e-06
284 2.172172669565731e-06
296 2.5588490109535974e-06
324 1.4911268275148185e-05
325 1.327624255913174e-05
330 2.3499045504086027e-06
341 4.186143077334533e-06
354 1.972659557120461e-06
360 3.7656820026120216e-05
374 3.5925861342245984e-06
376 5.724675453595497e-05
377 1.2198366556751908e-06
380 2.765644776481692e-06
381 1.1443074633120758e-06
441 6.717154136009351e-06
450 3.2780948576198285e-06
460 2.8588138982075572e-06
471 2.0754182633841994e-05
475 1.2467572657739756e-05
478 1.3521413081488052e-05
483 1.8835966646589123e-05
496 5.9650024663816314e-06
498 1.252679583552884e-05
501 8.717224448591414e-05
538 1.5463669940256076e-05
550 1.0556853792006751e-05
557 1.0070773356758564e-06
558 3.706554874445604e-06
567 1.0678692335345493e-05
572 1.7844401517782984e-07
577 3.187803161504622e-06
581 1.9100091663896122e-06
582 2.2355987653886076e-05
613 2.084932141154473e-05
624 2.009912249121075e-06
652 2.2818052856567412e-07
653 5.098243040863782e-06
657 1.2307228514969206e-05
661 1.0472495792519038e-05
663 7.351810469536507e-06
664 1.80972553097495e-06
670 3.002579670356733e-05
672 0.00010063481282483358
674 4.9583549511460314e-06
676 1.2123994713540504e-05
683 2.2501706355747326e-06
684 1.8276543740010981e-06
686 3.395271756674157e-06
689 1.3957580176444456e-06
691 8.207458774512047e-06
694 4.1563924878240074e-07
696 1.1985623439544367e-05
707 2.1829793592525555e-06
708 7.191411094489444e-07
