167 3.0058756830096895e-07
668 1.6579876441788338e-05
305 4.496086239676366e-06
414 1.641098341582765e-05
196 4.903061068444281e-06
277 1.243110142859653e-05
698 2.5789512021897993e-06
33 1.7900355378370948e-05
358 1.1763516979867182e-05
11 1.3612281666074966e-05
366 4.284868069040634e-06
141 3.113762015016965e-06
19 2.3553816210386557e-06
255 2.2714486002412143e-06
662 1.8426266443976775e-05
249 3.7747393237682757e-07
434 2.2302948327260352e-05
608 1.7640185084243563e-06
692 9.667826555923675e-07
588 2.321003178525832e-06
36 5.325676408260013e-06
40 3.931224100704994e-06
44 3.2846118946256156e-06
502 7.011994377316727e-06
503 3.4447759791259955e-05
693 2.5572634431364216e-06
243 5.1283329307017036e-05
432 1.5412516023125422e-06
666 4.515513584250178e-06
717 1.5919474330687591e-06
245 2.7240089621215336e-05
590 7.28210532950933e-06
35 1.121700402216424e-06
545 1.2386636256026097e-06
417 8.667221411788715e-07
596 2.252066229094172e-06
705 1.0713001002650995e-06
304 1.5233978725998537e-06
554 8.339099298621583e-06
584 5.435915674823612e-06
547 5.472341577200644e-06
549 0.00011662927556873414
659 3.28607842478606e-05
87 0.00016192365660422462
113 1.6557707087945888e-06
211 4.607025569841366e-06
508 9.534549865087484e-06
47 5.170351624997289e-06
251 8.222531854835574e-06
258 4.6319516504783715e-05
312 2.626194736290272e-05
500 4.2897433430693415e-06
48 5.605685901728614e-06
192 1.1043190084695882e-05
562 2.418494411437927e-05
675 3.436005747838201e-05
123 1.8978215676188669e-06
129 3.0803423288537438e-06
