20 3.6614947828817794e-06
30 1.6033950096597947e-05
43 1.6351511323893218e-06
171 2.3170921089622404e-06
222 3.7583524416943e-06
227 1.4807930537399167e-06
293 2.913309128498666e-06
320 4.162392690258324e-07
334 5.6317978580733705e-06
336 1.2549755482728489e-06
340 3.3824084274819606e-05
355 8.315085786174833e-06
373 4.1596063006157737e-07
378 2.682855352352985e-06
416 4.339443274458799e-06
464 3.5223746441781783e-06
490 1.3071627972543744e-05
495 3.773158952085722e-05
521 4.882372116152192e-06
543 1.7011417063230946e-05
560 2.316241918497138e-06
571 5.859464135964314e-07
576 4.4088523148673845e-06
583 9.699344483762354e-06
585 2.8215850269411115e-06
586 3.428763788323533e-05
592 7.999124644431997e-06
594 7.806468202523582e-06
604 2.8606033312625253e-06
634 4.4531864212036245e-07
656 1.264016847445902e-06
671 1.0337818670796328e-05
673 4.213654146755852e-06
677 4.591195972476384e-06
697 5.190100810557667e-07
700 2.66526986284086e-06
703 9.273661019206508e-07
716 5.400443414812743e-07
229 3.492954925096691e-07
555 2.870469976133117e-06
444 2.996976955327258e-05
299 6.449579570241382e-07
46 4.128438856389788e-05
505 7.829369466546067e-05
353 2.6756002778770343e-06
314 9.01404330447722e-06
49 2.1433782115274677e-06
323 1.038140297178983e-06
56 9.18889594122788e-07
237 2.6484191722253332e-06
704 4.55222714460688e-06
440 7.268563282830927e-06
578 7.555114149376084e-05
147 5.582788865554261e-07
9 3.2738581553981957e-05
