469 1.6460732702478065e-05
518 1.4615025446716121e-05
248 2.1235314019966333e-06
170 4.772230035219328e-06
500 4.46373895628437e-06
502 6.7591953935714535e-06
51 2.5634737136224586e-06
37 2.2878855266384468e-05
32 7.030263166196373e-06
56 1.9785944500348512e-07
147 2.0215132277121524e-07
582 1.9296457593617914e-05
11 1.6017963077147123e-06
19 1.4663098694208663e-06
20 2.8816037453935578e-06
30 6.30205038569104e-06
31 4.0220508188204706e-07
33 6.9581568258387745e-06
36 3.848136950007164e-06
39 2.294087440259602e-06
40 2.0137257172463882e-06
43 1.317742757213213e-06
44 3.1491147146591863e-06
49 1.933109462057746e-06
59 2.0901536944059222e-07
94 1.6796046209955263e-06
113 3.770609999492953e-07
115 7.106711416965732e-07
129 1.7890771247993193e-06
130 2.6405965606419565e-06
131 3.222176154299641e-07
136 3.312417778519571e-07
141 2.1373998258051643e-06
162 2.0382449323236786e-06
167 6.333250840091064e-08
168 4.0502596542875e-06
171 7.85295436885646e-07
178 4.846162923399015e-07
179 3.3601332757034334e-07
186 9.809820547035783e-07
187 2.623379302261219e-07
196 2.643567837269805e-06
206 7.999980001460018e-07
219 4.941345798257384e-06
222 2.50263444169608e-06
223 4.548284972429709e-06
224 1.0434905298914677e-05
227 1.0538519703367352e-06
228 3.551637967033787e-06
229 2.0463460163546462e-07
230 2.3075556766822773e-06
231 2.5030388105053246e-06
236 2.8930863234948643e-07
237 2.1938219762145303e-06
249 5.140468004237987e-07
251 5.139701939144652e-06
255 1.2578979866168792e-06
258 4.929595573724868e-05
284 2.044550427914779e-06
293 1.3401756031581862e-06
296 1.1937972871372728e-06
299 5.881628647864577e-07
304 1.5950358288123706e-06
305 2.2047157061569178e-06
317 7.004979698795117e-06
318 1.3705994384949216e-05
320 3.485719110962095e-07
321 8.215136546486547e-06
322 1.9344213374914378e-06
323 6.25484529832577e-07
324 6.74409204819745e-06
325 7.657718268298735e-06
330 1.793665163865607e-06
331 2.6201786188756466e-06
333 1.273733930707344e-07
334 4.486652594116699e-06
335 3.0170109235910443e-06
336 7.657792505117686e-07
340 2.1584638797866754e-05
341 4.144134565404861e-06
353 1.6878967402450714e-06
354 1.436084139404086e-06
355 9.439205457861188e-06
357 3.4312213271281504e-06
358 3.216000523102603e-06
366 1.963488281844419e-06
373 5.317605429129315e-07
377 8.292630960506259e-07
378 1.4702518244363775e-06
380 1.7611726161994345e-06
381 9.590329337639413e-07
390 7.195631974282058e-06
414 5.9714563129990875e-06
416 2.8704421579005256e-06
417 1.0674794429430182e-06
426 9.048834080886758e-06
432 5.141773112293649e-07
440 5.718909943653564e-06
441 6.618624833527478e-06
444 3.1028760037992424e-05
450 2.280409237022606e-06
460 7.933613538457263e-07
464 1.626877106769668e-06
467 5.493783039955345e-05
468 7.950763790551756e-06
473 5.975667277288471e-06
475 1.2977191061045672e-05
478 1.2262619515164231e-05
490 5.758028324165785e-06
491 8.315392176356354e-05
494 9.329250211237946e-06
495 2.171500725605783e-05
496 4.737239343973964e-06
498 8.00150118118668e-06
499 0.0004971366234996717
501 0.00011838330205762176
504 1.9095246990991905e-06
509 4.44394540687102e-06
521 1.1851839070630267e-06
538 3.352122540526509e-06
543 1.7042232291824147e-05
545 6.523677433705512e-07
546 1.326094017590529e-06
550 3.268776848018215e-06
555 8.248030866621311e-07
557 9.250031851541556e-07
560 1.8399924429158561e-06
567 5.556651085210163e-06
570 6.4235665382447e-07
571 3.1880558219300725e-07
572 4.420358705126033e-08
573 5.187727770943856e-05
576 3.3724492974811436e-06
577 3.532156074979089e-06
578 7.139483626525857e-05
579 7.694528034546999e-07
580 2.8141272311674496e-06
581 1.4708911972670605e-06
583 1.0297618302730602e-05
584 2.7829470786060364e-06
585 2.665911536389934e-06
586 3.843694536140835e-05
587 1.5491345240139172e-05
588 2.2535838158119795e-06
589 1.2524133541367249e-05
590 1.0368644157839748e-05
592 6.860407916736987e-06
594 8.772703822220714e-06
595 7.001994209288107e-07
596 1.7873491708784976e-06
604 2.751832062304514e-06
608 6.11646846173927e-07
613 2.271964694185411e-05
624 1.3672576520104502e-06
634 4.5240059844912667e-07
650 1.836604090394786e-06
652 1.06449734839482e-07
653 3.6784255431501525e-06
656 9.56801434702556e-07
658 2.03977815415747e-06
660 6.34022676914466e-05
661 6.497100004863587e-06
662 8.059610457296182e-06
663 3.421771699344975e-06
664 5.748998466538219e-07
666 4.229028782422285e-06
668 6.83609147229659e-06
670 1.8608769567466937e-05
671 6.96011395778269e-06
673 3.917568999704248e-06
674 4.708629576130439e-06
676 7.2739123285530335e-06
677 3.0836977709346856e-06
678 3.4221073252842537e-07
683 2.007678001264287e-06
684 3.506568002228718e-07
685 2.0617051498147466e-06
686 3.0861253599504397e-06
688 2.6171790581701422e-08
689 1.0639678811051161e-06
690 1.6953974678095426e-06
691 4.159879511338265e-06
692 7.113407538585545e-07
693 2.9074592614145316e-06
694 1.3419141938101636e-07
695 1.2827080611728313e-06
697 9.238349743961816e-07
698 1.9749424940924385e-06
700 2.2202807222592305e-06
703 9.88263079899609e-07
704 2.1861791783701767e-06
708 8.439954798474231e-07
716 5.010869476486806e-07
717 1.7770023436719589e-06
