0 0.0002118756440398879
1 0.00010904037552784419
3 0.00014937917866884583
21 4.353557151631922e-06
29 0.00017984032719345547
34 4.638442291078373e-05
35 8.948423312406248e-07
42 8.747069098651566e-05
46 4.62790743097387e-05
47 6.002935019290313e-06
48 5.8657517798456865e-06
57 5.568498426149778e-08
58 9.750055640631165e-07
69 2.176653329003288e-05
70 1.0499167828859173e-06
72 8.53037870656301e-07
74 1.428731654318503e-06
81 1.374620493767356e-06
84 1.5514144019629794e-06
105 5.599347271947539e-06
117 9.029200879504769e-07
145 1.0502712354648578e-05
151 1.1062050651298977e-06
152 5.681490941382141e-06
157 1.377137589613421e-06
158 3.967701539918645e-06
160 4.7440204933429835e-06
245 2.1827510250545368e-05
283 6.082766563246456e-06
300 3.285670013027648e-05
379 2.383190508053952e-05
382 2.1041798800322869e-07
384 3.163659650271995e-07
391 5.613677763563007e-07
393 6.257837727205966e-07
396 6.555319323775785e-07
401 2.408010071143513e-07
402 4.718192605752077e-07
406 1.013543168985579e-05
408 1.6310344840934058e-06
410 3.424625766442691e-07
411 3.6567106815807295e-07
438 2.8510774161726553e-06
451 3.3181811278145104e-06
456 1.0524783305105938e-06
466 5.362513964053871e-07
480 8.630184839292698e-05
484 0.00011063378271998897
486 0.00039434221076179837
503 3.666443800142296e-05
513 1.4369374561440954e-06
524 3.075200855040998e-05
528 6.703171269006037e-06
593 7.179136416557416e-06
611 1.1952136625119067e-06
641 1.1480972401533645e-05
665 1.2553975775357735e-05
675 3.544008940850196e-05
710 2.637013241280825e-06
711 8.102061353435612e-07
712 6.158202275685233e-07
9 1.805993663822782e-05
16 5.635899006372915e-07
26 4.2431589446569206e-07
41 2.9916981008540064e-05
75 4.042213817000945e-07
85 3.057933452293426e-07
89 1.149006680742139e-06
114 2.453180715801148e-06
125 5.526765164721427e-06
149 1.3385094723335104e-05
154 1.078289948943283e-06
165 4.807941920078799e-06
202 1.3246585768534848e-05
203 2.3587188172277838e-07
225 5.2309407116747544e-05
243 5.230510625613399e-05
246 1.873451490190979e-07
302 1.2980446482725736e-06
306 3.494464246622045e-06
309 1.699895954584945e-06
311 1.6779682746438283e-05
328 1.721993868046646e-05
370 3.633210408861366e-05
388 4.155729633238195e-07
398 2.3910601457089626e-07
403 2.2476665093788103e-07
433 6.549194358020316e-07
461 7.585323335471075e-07
511 5.580494558696847e-07
516 3.3084476947597783e-06
525 4.6855058659998637e-07
535 2.046024613661672e-06
536 4.113126920979773e-07
542 3.214472296630783e-07
544 4.250573324870176e-05
562 2.9428217235051013e-05
566 2.557774348532323e-05
606 5.897689371811916e-07
6 4.495010446644815e-06
17 6.5427624363580645e-06
23 1.5970731378049384e-07
27 1.612244162724992e-05
52 5.601550816400742e-07
55 5.632515888654015e-07
61 4.754676948905947e-08
65 2.1683271553053562e-06
68 5.2547723888024276e-08
82 1.9122157930007524e-07
91 1.2827506325827368e-07
92 1.259993913065093e-07
95 2.577985239052932e-08
97 8.732199276435609e-08
98 4.984496496094942e-08
102 9.275222006419759e-08
103 2.3084964798891578e-08
106 2.0961648355016345e-06
124 1.0838325414457548e-06
126 3.981886071528919e-08
148 5.4518098603884295e-08
172 1.1198641669131993e-05
185 7.982979874400103e-08
190 7.768219256556755e-07
195 4.552092609145129e-08
199 1.0862002299891163e-06
201 4.971048469569205e-06
207 1.4150235100934489e-07
208 1.6206382886770905e-07
214 4.4877088861843145e-09
221 8.121618816181695e-05
244 1.4957390896689602e-07
265 7.069702835495405e-08
266 1.9832069608062745e-08
272 2.8704974960198203e-08
273 1.1120481192199233e-06
285 6.917454059843761e-06
295 3.071581828742896e-07
297 2.6736522377585964e-05
313 3.365441699381957e-05
316 3.556078171389066e-07
352 1.9068842084208605e-05
359 1.2470659565101934e-05
383 1.4075687445143685e-09
387 1.0535649059826067e-07
399 2.3130295504765835e-07
409 3.940296701479565e-05
412 1.0202258896382638e-05
430 3.8076564772727257e-07
431 6.435333685436777e-06
436 3.1776768954758674e-07
443 5.769428435968761e-06
453 1.488650462031189e-07
458 2.44717375366756e-07
463 2.2100500638955512e-07
470 2.6282658903967057e-07
476 6.884312240586492e-08
485 0.00012047276974675929
487 3.058323078596119e-07
505 8.958497885000599e-05
506 4.276039440749092e-06
512 2.376181507813204e-05
520 2.3187827738145158e-07
522 1.0217246312108812e-07
527 8.838206130155508e-07
529 1.3736301866934293e-07
532 5.867261869684696e-07
551 8.347028878492007e-07
556 8.480004492271874e-06
600 1.4873899463070166e-07
601 1.4894118020268485e-07
609 1.2300211199040526e-05
612 2.4344537351154455e-07
617 1.8959587701093562e-07
619 2.137053232377454e-07
627 4.115999067192422e-07
630 3.421504038585445e-07
631 1.3785458691778703e-07
632 3.2000692969547487e-07
640 1.2532729800261155e-07
644 5.657119695297813e-07
645 2.525821951566279e-07
647 1.0772534142688238e-07
648 3.686315037923825e-07
651 1.2987267857531307e-07
667 1.842591746445077e-05
687 2.813928790625281e-08
699 4.7357264276091815e-08
715 5.250164447662009e-08
482 1.1174109856611823e-05
2 7.991374856343178e-08
4 3.0224051383945676e-07
7 5.598286750275276e-08
8 8.445269954880433e-08
12 1.0867714237547138e-05
13 1.771982771652871e-08
14 2.0982060326782186e-08
15 6.684390221628153e-08
22 1.1005190731846487e-07
24 1.2006274752427593e-07
28 3.7374247213559985e-05
45 3.0864825645560886e-08
50 6.4511692334087756e-09
53 1.8754253196436283e-08
54 8.38694090431143e-09
62 2.0574625218817714e-07
63 1.5252635832577695e-08
64 1.420321989510786e-07
66 2.304552860258255e-10
67 8.0462872089582e-08
71 3.820060184270976e-08
73 5.368482717847383e-05
76 6.56284333138135e-09
77 6.56284333138135e-09
78 1.272625629988757e-07
79 2.3285542280774684e-08
83 2.472109976762026e-10
86 5.7771979632233994e-08
90 4.323253191262534e-08
93 9.113184121337413e-08
99 8.570651372953147e-09
100 5.375285807973718e-10
101 2.2530189588845332e-08
104 5.1880119884380675e-08
107 4.943640916028165e-10
108 8.29370408980873e-10
111 2.5997525579789125e-08
112 3.1108509063836214e-09
116 5.137973194835225e-07
118 9.735278284718375e-10
121 4.388476379712273e-09
127 2.052807808448829e-07
132 5.3859439616258547e-08
133 2.870978271304147e-10
134 4.353769946337051e-10
137 1.7742791899673995e-10
138 3.753329041951601e-10
142 2.4434564882390375e-10
144 2.2429745608300458e-09
150 1.9975325955742055e-09
156 6.684535679443259e-08
176 1.6993601993336428e-06
180 6.006502542502447e-09
181 7.045190965645052e-08
182 4.720984807428379e-09
189 9.020232572762335e-08
193 1.2461829437753423e-08
194 1.3218052533813423e-10
197 1.6850306645193298e-07
198 6.413000359104433e-09
200 2.0919204504404185e-08
204 8.111600271470056e-09
205 1.1605179058410269e-07
209 1.2364833905081296e-08
210 1.4618439480244424e-08
212 1.8413170042462472e-08
213 9.701231816357023e-09
215 3.994577738756714e-10
216 5.474816583589235e-08
217 1.4725383521833159e-08
218 1.9114311772399503e-10
220 3.858771086775113e-07
232 5.415514977491784e-09
233 7.618518796515297e-10
234 2.707454293022965e-06
235 1.0562272136455067e-09
238 1.6412380529407344e-09
240 6.344642310923394e-10
241 4.9155038590053777e-08
242 5.165665219771658e-09
254 1.0982628316646592e-08
256 1.1734007575719467e-06
259 4.512402060501276e-07
260 9.484848384979793e-09
261 1.20935772005647e-08
262 8.084688905012919e-09
263 8.834784531009774e-09
264 1.5151305908606574e-07
267 1.408164341467683e-08
268 4.395107243827621e-09
269 3.104901990240579e-06
270 5.3175192517360756e-08
271 1.2506967558719233e-08
274 7.911561502466088e-09
275 5.221832173965054e-09
278 7.612616315808887e-09
279 8.659050310724694e-08
280 5.9362493581710895e-08
281 1.2701939252640602e-07
282 9.733783372048378e-09
287 1.2932038099960026e-08
288 2.7575224916434983e-10
290 4.318520800810198e-09
291 8.78068982158329e-09
292 5.51161440403393e-06
294 9.213016656124492e-09
298 2.2739074542873306e-07
301 6.3087558634768695e-09
303 5.772124859146766e-09
307 8.554169925078527e-08
308 0.00011145288814273895
310 2.788889201226111e-08
315 5.708596363542834e-06
319 6.331058719406488e-08
337 4.990403158844038e-09
338 1.1246166043848938e-07
343 1.0370914088843034e-05
344 2.327817708164407e-09
345 5.411763414230853e-09
346 3.6759688215316343e-09
347 6.715075279279082e-09
348 1.9085339655187047e-10
349 2.8417117771714165e-08
351 8.460976818415564e-10
361 8.670291219671606e-08
364 2.534449634371744e-05
367 4.4966184932825844e-08
368 5.535871772163839e-11
371 1.0452344374721994e-07
372 6.750264135195733e-05
385 2.5669008327418087e-08
386 1.7276254066904277e-08
389 7.55160550826469e-08
392 3.753666337976809e-08
394 3.4152644573919393e-09
395 3.4816888081456887e-10
397 4.091270115965384e-09
400 3.37794504916047e-10
404 2.0912281211786277e-08
407 7.516232036163574e-06
413 7.379043633355598e-05
415 5.577548024650275e-09
418 7.53564134808595e-10
421 4.814262099502691e-09
422 2.7954305186904726e-10
424 2.4315521130776504e-09
425 2.009115953610809e-09
427 1.668917578838546e-09
437 5.505099443789188e-08
439 2.83727711552649e-06
442 9.251482817125072e-08
447 5.1894984966251184e-08
448 3.4384697771198934e-08
452 9.177614305699461e-08
454 1.6845550952280557e-07
455 4.727512747405152e-05
457 3.845919199372488e-09
459 5.294054412444889e-09
462 3.280791066417414e-07
465 2.1868704383706802e-08
474 1.2972026986292505e-07
477 6.870457322256258e-08
479 4.359442294838643e-09
497 8.647162276049638e-05
507 3.6513512504039495e-07
514 3.505845063320687e-06
515 7.512475418025168e-06
517 4.120761540906549e-09
519 1.2102572723263324e-07
530 1.0237798731834764e-06
531 3.3529776874449145e-08
534 9.586615789521199e-08
537 6.583516359226933e-08
540 9.99968431333838e-08
541 1.825295594721166e-08
547 5.280905375232506e-06
552 2.884904433496538e-06
554 8.830185084982178e-06
563 2.1506313028024014e-08
565 2.2805036699175824e-06
597 1.2476834141456773e-06
598 1.1275318895229317e-07
599 2.65470649886745e-07
602 7.696162070834526e-08
605 1.0371516096280877e-07
610 1.2033308417932424e-07
614 1.0104355437742901e-07
615 1.1237479967675042e-07
616 6.978297319067464e-08
618 8.883271966717704e-08
620 3.927174775106496e-08
621 3.373688238691703e-08
622 1.6559233721589697e-07
623 9.698796518049236e-08
626 1.6745636520661144e-07
628 2.4910359033057537e-08
629 3.668494936323465e-08
633 6.335591557509578e-08
635 3.510851816587599e-08
636 6.260771485032973e-08
637 1.7933094835343752e-07
638 3.882345568464313e-08
639 7.734141192520861e-08
642 6.587621836467869e-08
643 7.464740677912593e-08
646 1.1385249549578284e-07
649 3.106937054075551e-07
681 1.4343996633750312e-08
709 1.415704176236255e-10
713 3.5599392817914435e-08
714 2.2366195975651e-06
718 1.8112798130372414e-10
719 6.6216791393615466e-09
720 3.5053856581019445e-09
607 0.00015273801300386865
18 1.3280172756247109e-06
60 5.94985159269035e-07
109 7.373245722438549e-07
110 1.0897615090618397e-06
119 1.292007941644229e-08
135 1.7742018853526834e-07
140 1.8830675363469868e-09
146 4.058619417368204e-10
166 6.055050321680076e-07
173 1.0382229410144307e-06
174 7.161671637022553e-07
175 7.925983144011488e-08
177 9.252071201062772e-08
183 2.4282760206331503e-06
226 8.569669112419417e-07
239 1.0019926561975195e-08
250 2.0017837543752692e-06
276 8.162166218736243e-07
286 4.079623847831943e-06
289 2.0777478966938046e-05
326 1.9830143672062572e-06
339 1.819992245252434e-10
356 2.4464095476585164e-06
362 1.099908718640296e-08
365 1.0121969093591612e-05
369 3.0876717227386395e-07
375 2.9852067412720966e-06
405 0.00011271687228950468
419 2.5086406601463e-07
420 1.1802921099020095e-08
428 6.573504393949644e-09
445 9.198595561237702e-07
449 2.625459853890926e-06
492 5.713280738685512e-07
510 4.1857631540962975e-07
526 1.5049222306851098e-06
549 0.00012284276591280563
569 1.4849965819938644e-06
603 1.109878784630035e-05
625 4.2399957844537346e-07
679 1.013366682302936e-06
706 3.468285900001351e-06
120 5.629875850748757e-06
252 3.809055814505093e-05
564 3.471930662658913e-05
163 2.7371894932935917e-05
669 2.4294340324595033e-06
680 3.5792723943598905e-06
10 0.0001762071940645628
128 1.7741995768640569e-06
139 3.968206167393521e-07
159 3.8006920074486846e-06
161 5.433677959618458e-05
169 3.833360233759946e-06
184 3.366841568976137e-06
257 1.7286920226023435e-06
312 1.9312590458941978e-05
350 6.041720211012526e-07
363 2.3587201209676416e-05
435 4.637044850789136e-07
472 6.644061083209368e-06
533 1.6215913637707478e-07
548 2.4681300673358017e-05
553 1.618954662083589e-05
559 3.751469983859172e-07
561 1.3868022960620386e-07
568 3.3867145532772243e-07
575 1.9923049067169894e-06
659 2.913597812985091e-05
682 6.088416511424754e-07
558 3.853428210324627e-06
247 3.569337415283996e-05
25 3.58104679206766e-07
123 1.914537778569122e-06
155 2.279969406351624e-05
188 2.801166958353843e-05
191 3.865848123401609e-06
332 2.4439790729178865e-05
342 7.086729200585251e-06
374 3.417323828809829e-06
423 1.615202837589195e-06
481 0.0001645389952696511
488 7.346622548631043e-05
539 3.763687587362029e-07
5 6.941811730311082e-05
80 3.921687206001208e-06
253 4.502631895219115e-07
429 3.1499495377585317e-06
446 6.485440962351641e-05
489 0.0004065016481579715
38 6.11855534401206e-05
87 0.0001785491005265643
122 5.672358991249167e-06
143 7.519942841637391e-08
153 0.0001221641036745211
360 4.158202072499676e-05
376 5.668201513961124e-05
434 1.794065657613739e-05
493 8.743217960788772e-06
211 4.927000899838246e-06
327 2.0419671441921606e-05
471 2.2807187094948834e-05
483 1.2768140835533853e-05
574 8.267695721300277e-05
654 6.728568420160494e-05
655 6.225597896514913e-05
701 1.3837738366700533e-05
702 1.650054098314614e-06
705 2.3054383559548593e-06
88 4.947362691854926e-05
96 3.3568151906641835e-05
314 1.0211048314893139e-05
329 2.887756802305554e-05
508 1.190919901842301e-05
523 2.284914072140354e-05
192 1.1903547356006048e-05
277 9.72590059928851e-06
591 2.220947980404013e-06
707 2.2937855921706558e-06
164 1.8970440499537235e-06
657 1.645364029777248e-05
696 1.3647281853606057e-05
672 0.00010366395823266997
