16
0.002989127713580027 -0.02687512908172573
0.012510039659218255 -0.006372416846594136
0.01543022258772689 0.004940960086562107
0.00465085095169399 -0.0013291661246712973
-0.00858844256235066 -0.024321625279439447
0.002157944074755392 -0.002492495523618841
0.009475068520261375 0.002508945435139512
0.0037353255784020357 -0.0031114271194515267
-0.020604491303527362 -0.014261764543094557
-0.0040663358407259905 0.006032639449586145
0.009215189974490912 0.003192921578754664
0.007899671483986431 -0.004736944609318308
-0.026366464691677954 -0.009744655412972961
-0.004611578013831215 0.009729208135821236
0.013999395777245805 0.0025412377261476034
0.012023670171252497 0.0015067657349161698
