16
-0.028614532445754876 0.002915783595290199
-0.0011079891787429987 -0.008824875954285868
0.010431597451824433 -0.0036454920124318452
0.012494767618490372 0.0031803637968934252
-0.014768500615311991 0.00810588520841604
0.012256776663949934 -0.002632391118782162
0.019677980256932733 -0.0014434226001548024
0.020195985735013834 0.0036923762269864165
0.004358194163540529 0.020889598185712756
0.02143018977249258 0.013483441343091039
0.03271118556761329 0.0008720179420231263
0.03252339162772324 0.003661811440843936
0.012058965050037423 0.02923916462310338
0.02659592443800887 0.020450352057313142
0.038568384635967706 0.0018038884411821134
0.03893847884638871 0.003097735814561219
