11 3.101494370009433e-06
19 2.7177260068375868e-06
33 4.728717517769562e-06
37 7.152836931373084e-06
136 5.149891547445494e-07
167 7.797501589937628e-08
196 3.5167484504558248e-06
232 2.455794922424776e-06
245 3.064569688622755e-06
257 2.4106051534055803e-06
279 3.3785378584285214e-06
286 1.7839942777046144e-06
298 1.4980775143524803e-06
307 2.5073784133138395e-06
326 2.311435119029518e-06
327 2.7863015977593884e-06
343 3.312521833487207e-06
360 3.6760418233093464e-06
368 3.562214545908908e-06
416 1.7490135848664224e-06
417 3.781301798648728e-06
444 3.486227781582566e-06
453 1.8152949324422307e-06
463 6.617907360038102e-07
474 1.4871331495981913e-05
482 1.3064637839826997e-05
491 3.786864640787875e-06
508 6.282470026271949e-06
566 9.180829801661427e-07
576 2.1606516339004995e-06
581 5.466808523958269e-08
583 4.0360572572106635e-06
587 2.5771236831885914e-06
591 1.4714702078780196e-06
663 3.1947755854340364e-06
667 3.0639074123039796e-06
672 2.132951307674796e-06
674 1.6130708917236849e-06
679 3.0028217349063533e-06
681 1.114408753426748e-05
685 5.068021746396282e-06
700 3.968620609419656e-07
703 2.041778816414637e-06
707 8.075853051200031e-06
709 2.2944400805184245e-06
719 7.559499847769628e-07
356 1.895909731164033e-06
187 7.05419986524331e-07
495 1.3367126147813083e-09
592 1.098974333937671e-05
39 3.12674671598656e-06
379 1.4422421145936494e-06
382 4.287616376957225e-06
505 6.1261625758086625e-06
623 1.2716046655328269e-05
634 3.3327766039691535e-06
