600 1.1515779326466722e-05
606 4.003673824151545e-06
251 8.142952490948392e-07
554 2.868284500983527e-06
567 4.759593298922833e-06
594 5.545882753215484e-06
618 7.124057192683925e-07
17 6.473919770106796e-06
35 1.2608446944621287e-06
47 6.298457750166145e-06
113 2.363077361879935e-06
163 2.50071105919277e-05
221 6.31619567775618e-05
420 9.44955477148044e-07
435 2.520614901039565e-06
437 1.852441985535728e-05
484 9.300964738500181e-05
496 7.03320107471203e-07
507 4.493664737935114e-06
510 8.590452372101674e-06
516 1.303984113158388e-05
598 2.5203022225501518e-06
716 3.035125805309097e-06
41 3.0134781864216254e-05
32 6.979742583987178e-06
34 4.783718951390692e-05
36 6.826965406002867e-06
40 5.10915819500906e-06
42 0.00010163143202352254
44 4.395114742575979e-06
48 5.788846967791424e-06
123 2.006009668424393e-06
145 1.0640224414344646e-05
211 4.991399227977162e-06
226 4.4856257768630644e-05
247 2.4779653520980666e-05
253 1.0275616921380259e-05
259 2.0788657320500058e-06
306 1.9855557692340937e-06
426 2.0994020025461622e-06
432 3.189812190033667e-06
511 3.4434543198547845e-05
527 1.380231283234178e-05
571 2.4671028096716883e-05
573 3.52360931799056e-05
669 3.6897114810967126e-05
677 7.0509362199510265e-06
728 2.5353139599903865e-06
494 0.0002219854557022105
521 1.6060238694644798e-07
1 0.00011530088986279423
3 0.000168918362162291
9 1.6528396824165702e-05
21 5.023593665405353e-06
25 5.125776275860144e-07
29 0.0002006644262934824
87 0.0001535854352483945
129 3.041378501308464e-06
141 2.4662337412413604e-06
143 8.290811878466629e-08
149 1.6938291963892813e-05
188 3.422258435752793e-05
192 1.1981896073924575e-05
255 3.2639075756728104e-07
260 6.0272095191429996e-05
291 1.9899052295236382e-05
310 0.00010111233994756865
314 1.895140797691668e-05
325 1.3910988529167988e-06
330 1.1000039209978573e-05
344 7.2136142831536705e-06
355 3.696897555998057e-06
486 1.1792572284182191e-05
556 7.167266551848072e-06
558 0.0001081454787539286
563 8.611524373738995e-06
568 4.322823403160179e-07
570 1.7553888491829745e-07
577 3.393138548786849e-07
673 1.7437214031341355e-05
676 1.4501039229630175e-05
686 3.335134258322496e-05
704 3.89784380065662e-06
717 3.0055962173063695e-06
254 4.3209549271784874e-05
0 0.0002015890464555896
18 1.260659456655417e-06
27 1.2764706825549505e-05
28 3.474866269125999e-05
46 4.3325026858183974e-05
49 2.272228589562908e-06
105 5.354346871643375e-06
106 2.3625192433187227e-06
114 2.5532343973785616e-06
128 1.918287247342313e-06
135 1.7676320083469026e-07
147 3.028461344700179e-07
151 8.748386392099642e-07
153 0.0001072196249301221
154 1.0643393628272604e-06
161 5.025983069628866e-05
171 2.4835414110266447e-06
176 1.7049517073197999e-06
199 9.518471608337863e-07
202 1.5155766726188044e-05
227 1.0727007338619654e-06
230 4.363750511393084e-07
244 6.750649069092722e-06
252 2.0018133004403995e-06
287 7.988238472346823e-06
299 2.8224685305733872e-05
304 1.344455155143523e-06
334 1.700032966681244e-05
336 6.939772420471978e-06
359 3.394950005856413e-06
361 1.1605962902538838e-05
385 5.960799057287094e-09
422 2.651686932239632e-07
424 1.4395953863109082e-08
431 1.8772302612309878e-08
438 5.299314643448123e-07
443 5.87704469575389e-06
448 9.10010567909095e-07
458 2.928281849448935e-05
487 1.0901433718495344e-05
498 8.868362611857978e-05
502 3.688661628210939e-05
523 3.981987053212075e-06
530 2.4145397714660425e-06
542 1.588181355315987e-07
544 1.8006558971424125e-06
552 8.943694094714058e-06
562 1.3854771630499968e-05
564 5.542632459433499e-06
565 7.461452896456967e-06
575 2.453973215542975e-05
580 1.685355225437466e-06
602 4.812204863235754e-06
603 7.385872413961168e-06
604 9.0197651018914e-06
671 4.162054725861828e-06
713 1.6882235020236796e-06
715 4.536142657564179e-06
2 7.809213740780362e-08
4 2.952789930106171e-07
5 6.53586671137425e-05
6 3.7125172156243047e-06
7 1.722593431190973e-07
8 1.814281067962557e-07
10 0.00015489018384269836
12 1.0346102543045899e-05
13 6.631405527344289e-08
14 5.984305083042536e-08
15 1.4117141273801464e-07
16 3.516855754652525e-07
20 4.2029467725931686e-06
22 1.261589077576078e-07
23 8.497517691641548e-08
24 1.6028148286555582e-07
26 2.2331459103921467e-07
30 8.621502857338993e-06
31 1.3256324657043011e-06
38 5.180674164273349e-05
43 2.5159532538072176e-06
45 7.769507159985121e-08
50 2.765272635124737e-08
51 4.054447963872315e-06
52 3.5682228198242174e-07
53 3.492552079297571e-08
54 3.114334821890447e-08
55 6.415070455485664e-07
56 6.6719373436684e-07
57 6.42936731023764e-08
58 6.756183420588038e-07
59 1.0305013041921293e-06
60 6.080942069391449e-07
61 7.91105414210386e-08
62 2.3514756003900963e-07
63 4.178440332877691e-08
64 1.678934647153673e-07
65 2.294539477730647e-06
66 9.75615710644185e-10
67 7.780953108577181e-08
68 1.0547846462727492e-07
69 2.1059825532189354e-05
70 6.09536002756612e-07
71 1.5744337322041686e-07
72 4.264420347243603e-07
73 5.6911885690447664e-05
74 7.832759343517106e-07
75 2.3704071383017972e-07
76 3.2219314567497655e-08
77 3.2219314567497714e-08
78 2.3829503055280537e-07
79 7.642520818166292e-08
80 5.289423862890512e-06
81 5.338121458693903e-07
82 1.6727333986906558e-07
83 1.3528266786641646e-09
84 4.7594332451116247e-07
85 1.7711437301147146e-07
86 1.4012671825301325e-07
88 1.0831284881200251e-05
89 5.364867634318551e-07
90 6.25836861383382e-08
91 1.3792271334112862e-07
92 1.4226964813192902e-07
93 8.396724075651387e-08
94 3.575743244309698e-06
95 4.561707279086846e-08
96 2.413383976079518e-05
97 1.0445713483213024e-07
98 6.83235212504128e-08
99 3.220085109215867e-08
100 6.026498388985924e-10
101 2.987100076633061e-08
102 1.1556643498693388e-07
103 3.841207850341657e-08
104 7.205352056849929e-08
107 2.0587204558891155e-09
108 4.78500150256035e-09
109 6.609899228115657e-07
110 1.0229061307158097e-06
111 3.1896594195419614e-08
112 5.574911166915744e-09
115 2.9264748761861797e-06
116 4.960252555542742e-07
117 9.559594945748225e-07
118 7.540472705232796e-09
119 1.0484522325352747e-08
120 5.224458824153231e-06
121 2.7005206826320473e-08
122 4.639330019918157e-06
124 9.58488437837019e-07
125 5.156304377366109e-06
126 4.3941310398772526e-08
127 2.2699452450209222e-07
130 2.603649731790776e-06
131 8.695256323064687e-07
132 6.943729962904594e-08
133 3.5110461850788577e-10
134 2.009942031103963e-09
137 1.3944353408503908e-09
138 2.5798071153725647e-09
139 3.9058233966891225e-07
140 7.66002695504133e-09
142 4.217108705424873e-09
144 2.885631775865949e-09
146 1.0196802395226094e-09
148 7.292073610298112e-08
150 1.1443722781891116e-08
152 4.768619046180832e-06
155 2.415132792540108e-05
156 9.978790436542836e-08
157 1.4316793362067516e-06
158 4.611522301112377e-06
159 3.319100705250395e-06
160 4.31507461796917e-06
162 2.3371962360046444e-06
164 1.7788444788713458e-06
165 6.276538903488267e-06
166 5.714859546325131e-07
168 4.307032612451993e-06
169 3.418706759060456e-06
170 4.953389105523754e-06
172 9.956072058080886e-06
173 8.66062488838448e-07
174 6.931339085413858e-07
175 7.879801924755895e-08
177 1.4666670059442535e-07
178 8.969150358478314e-07
179 1.2438842458084745e-06
180 2.4753034991094542e-08
181 8.563763893175637e-08
182 2.0462403050571948e-08
183 2.447375938972602e-06
184 3.3851933582244566e-06
185 1.1168769735801216e-07
186 3.413872577069962e-06
189 1.311325962093874e-07
190 7.494624531202041e-07
191 3.572289199139679e-06
193 3.460927687574297e-08
194 1.2691765935901622e-09
195 7.380948867987284e-08
197 1.722599002724614e-07
198 2.45836393085441e-08
200 2.4864758649396874e-08
201 4.5176914396889825e-06
203 2.615299313613849e-07
204 3.2745476073691e-08
205 1.5810093267416703e-07
206 8.915008798464117e-07
207 1.6130475268918383e-07
208 1.918393946884448e-07
209 4.2416627189499745e-08
210 3.163488097500987e-08
212 5.4423431966111776e-08
213 3.388013228063889e-08
214 2.0352529757620252e-10
215 8.259838097382849e-09
216 1.0357211025489025e-07
217 4.012567870780283e-08
218 8.72799742225784e-10
219 7.277811151324489e-06
220 4.154889967832762e-07
222 4.6946051635083553e-07
223 3.1006965453212392e-06
224 7.784409514595173e-06
225 1.4000210736197167e-05
228 3.375226903559512e-06
229 5.514493185124474e-06
231 3.151104396895596e-06
233 1.282624627346755e-08
234 6.434050765795448e-09
235 2.44173878693465e-06
236 7.78798893779257e-09
237 7.974226892649803e-07
238 3.7964774197408403e-06
239 8.8215601130029e-09
240 1.947898509954544e-08
241 1.0554908152523957e-08
242 4.788619768309008e-08
243 1.5848842318292354e-08
246 1.4335303049744895e-07
248 1.951087860640214e-07
249 3.999351580165777e-05
250 2.3181366486072738e-06
256 3.4155325214629134e-08
258 1.1502203651488968e-06
261 2.509923376891769e-07
262 2.9126362443301663e-08
263 1.686579659162904e-08
264 2.1035456076123055e-08
265 2.5395187634187636e-08
266 1.6932530775019076e-07
267 9.698281063485646e-08
268 3.413528386498015e-08
269 2.04130811801764e-08
270 1.8834516221698675e-08
271 3.1178015176418506e-06
272 8.074136825929163e-08
273 2.9513474039930516e-08
274 4.785909395548323e-08
275 1.0090937897291675e-06
276 2.4231853369431363e-08
277 2.2115271566509932e-08
278 8.516676278979243e-07
280 4.942558249489518e-09
281 1.200656216796554e-07
282 6.436571102284941e-08
283 1.4473470885355945e-07
284 3.0651940892724574e-08
285 5.636334860782299e-06
288 4.29336357015149e-06
289 3.8326860555200336e-08
290 5.655541141303909e-09
292 1.928097614765751e-08
293 3.0131079278595677e-08
294 5.9108870374724054e-06
295 2.9577150551661452e-06
296 3.130635759784411e-08
297 3.464784951133267e-07
300 2.0449971975823155e-07
301 9.526971376102007e-07
302 2.4710205519653635e-05
303 2.579776779942442e-08
305 2.457946071757477e-08
308 2.7319916124404147e-06
309 1.4428118584684957e-07
311 1.507333103863571e-06
312 8.374381665535583e-08
313 1.7048435262821032e-05
315 3.3083226350365346e-05
316 8.071955969619618e-06
317 5.163648199328128e-06
318 3.0785291618254326e-07
319 4.763784808661997e-06
320 4.786573307254167e-06
321 9.051240534179437e-08
322 7.485811263623306e-07
323 6.118206155469586e-06
324 4.119344712826815e-06
328 1.8843572211788835e-06
329 7.563862542070229e-06
331 2.512194796818974e-05
332 3.4522084009438765e-06
333 5.1018254108188975e-06
335 5.73002432702838e-07
337 3.983533968606676e-06
338 3.3352142591869067e-06
339 2.25734342493209e-08
340 1.3257833892931923e-07
341 2.0062872574275312e-10
342 6.536434132306262e-06
345 1.1266123578951815e-05
346 1.0144542243127959e-08
347 1.23370903606339e-08
348 1.0872586022432789e-08
349 2.054563928523397e-08
350 6.223779230638087e-10
351 4.181283581791186e-08
352 5.688494741144822e-07
353 5.329226315410498e-09
354 1.9918131718669864e-05
357 7.980871656147292e-06
358 2.712793126559512e-06
362 3.5523843942969916e-05
363 9.947206576519635e-08
364 9.336579795605586e-09
365 2.350988648784366e-05
366 2.0365672762393255e-05
367 1.0473404699491264e-05
369 6.414898163879629e-08
370 1.4946052821109325e-10
371 3.2036999620455035e-07
372 2.9813762728994347e-05
373 1.213935652035108e-07
374 6.735527050426624e-05
375 1.7215436405277622e-06
376 2.844095927010176e-06
377 3.1435657769343737e-06
378 5.409517771590415e-05
380 2.997376464590353e-06
381 2.2488673974458287e-05
383 1.6752577160131845e-06
384 1.0434512199280094e-07
386 1.824254625812581e-07
387 6.189453887525737e-08
388 4.709255997561679e-08
389 3.3805519986374196e-08
390 3.884249164745838e-07
391 8.118040558945624e-08
392 8.472231359824373e-06
393 2.875369649895367e-07
394 2.319419662066114e-08
395 4.346319854331277e-07
396 1.2508767727751455e-08
397 3.8541585548296407e-10
398 4.065161638691227e-07
399 2.6009712600493463e-08
400 1.9117529627701644e-07
401 1.8561253738625774e-07
402 7.753292298390064e-09
403 1.555644192104589e-07
404 2.271870235197918e-07
405 1.1342537283001237e-07
406 4.117879230894216e-08
407 9.407715318756687e-05
408 9.003692920639924e-06
409 9.175556569466446e-06
410 1.2429592139043093e-06
411 3.662672646257866e-05
412 1.9778974296927866e-07
413 2.2007130811549317e-07
414 1.040522557279459e-05
415 3.200575069397623e-05
418 3.948579803477899e-08
419 3.3917321400139284e-06
421 6.373949036330667e-09
423 9.750972929379518e-09
425 6.282732038250752e-09
427 5.051064621430575e-09
428 1.1813576244059322e-08
429 7.273384635351023e-06
430 1.1954629254693205e-08
433 1.7049385515460828e-07
434 5.910512543373521e-06
436 4.22457883477823e-07
439 2.2174723975348353e-07
440 1.0496419729686481e-07
441 1.8162574003380288e-06
442 2.444773819128946e-06
445 1.6844293527851422e-07
446 5.793654463692217e-06
447 6.5472807011311065e-06
449 7.446972779989445e-06
450 1.6028425517265282e-07
451 1.0403292544567387e-07
452 1.327278885925892e-06
454 2.8846360348550822e-06
455 1.4488334390949235e-07
456 1.3677662180328283e-07
457 2.3586476452919126e-07
459 3.5254944704182783e-07
460 1.0125286333188356e-08
461 1.806915255659563e-07
462 1.9421689161773374e-08
464 6.746519194511544e-07
465 3.2730870450134657e-07
466 2.416153335935923e-07
467 2.3527957991919947e-06
468 5.969623688733499e-08
469 2.141309202384721e-07
470 2.071113215423942e-05
471 6.636801783052808e-06
472 1.7496396724060094e-05
473 1.1299134503425439e-07
475 1.1212786787044025e-09
476 5.828225294048449e-06
477 6.5923644489320585e-06
478 1.0557564353447784e-07
479 1.5049215262923383e-05
480 7.630984190755424e-08
481 1.1535413762130044e-07
483 3.023868768971792e-08
485 0.00015273641211352998
488 0.00010692026549047265
489 8.055991909004222e-05
490 0.0002480574312969998
492 1.5786770756286495e-07
493 7.253052516396494e-05
497 3.919364733684522e-06
499 4.3185676197450527e-07
500 7.43674901540193e-06
501 1.1738315866764868e-05
503 5.901580579670806e-06
504 7.953251047389794e-05
506 0.0005058610287239178
509 4.398634644940548e-06
512 2.999152009589744e-06
513 1.3255107697613478e-05
514 4.38296899514095e-06
515 4.972495611414206e-07
517 6.335483463291129e-06
518 5.880101291413671e-07
519 5.539673193082092e-07
520 3.3698260986031577e-06
522 1.4129553265159293e-06
524 1.5931944791161234e-06
525 3.841451167722141e-06
526 9.281964056582744e-09
528 1.251155719850972e-07
529 3.7597494356132215e-07
531 2.46630319275015e-07
532 2.027261738512246e-05
533 3.3694531878625425e-05
534 4.7495978025015933e-07
535 1.3637690240915861e-06
536 1.0913993456556464e-06
537 6.206968649317909e-06
538 2.619565858282781e-07
539 1.1081224013076918e-06
540 1.0854955435210106e-07
541 4.02490691535141e-07
543 1.477396982951067e-07
545 4.524440362194846e-07
546 1.762098354749183e-07
547 5.791964817187619e-06
548 3.853074152155889e-07
549 2.3552724850097847e-07
550 6.299344148781849e-08
551 3.219698189189099e-07
553 5.393776392476838e-05
555 3.4962074186725934e-06
557 2.248766310519534e-05
559 4.577928000562321e-06
560 8.29874641017182e-07
561 2.439982487283239e-06
569 3.674498744117322e-06
572 5.403954950435413e-08
574 2.2264518767603752e-06
578 1.5354561307718629e-06
579 1.532039195530568e-06
582 4.206541779945498e-06
584 7.656648693486508e-05
585 1.5588794046744922e-06
586 7.734145486116954e-06
588 7.04598409056702e-05
589 2.106121969944554e-06
590 3.3199917773044665e-06
593 8.084714649660922e-06
595 3.1026282535666007e-06
596 5.465691221401337e-06
597 1.7072945220220957e-05
599 5.500398277825948e-06
601 2.940162411017224e-06
605 6.947776282486441e-07
607 1.1986293852165057e-06
608 1.8803052719523837e-07
609 1.6035894683208748e-07
610 1.724807977452397e-07
611 1.9286189566897446e-07
612 1.4799961511448998e-07
613 1.0751500922488816e-05
614 3.046269736820492e-06
615 9.563326441297629e-08
616 5.657213418826618e-07
617 0.00013016351517218397
619 1.1004600813544288e-05
620 1.7143329527951201e-07
621 1.7189643361441618e-06
622 1.6565659862021289e-07
624 2.478206166427091e-07
625 2.0111026540437182e-07
626 1.3483929401704856e-07
627 3.4051559677326876e-07
628 1.0609862958912984e-07
629 3.6540828702873773e-07
630 1.3799603751871465e-07
631 9.694385278568937e-08
632 1.5543895288225565e-07
633 1.46872925646769e-07
635 1.6104180279859594e-07
636 2.5682917043559025e-07
637 4.903404808444032e-07
638 7.519881494634713e-08
639 1.157994866041791e-07
640 2.597589414570189e-07
641 1.4302351413474823e-07
642 3.517063039946676e-07
643 1.579407877268218e-07
644 1.159213951464453e-06
645 1.207809338928216e-07
646 1.1494821056634623e-07
647 1.8531622708073616e-07
648 1.28397084518523e-07
649 1.3966334315396706e-07
650 2.2321421010853308e-07
651 1.16282808466671e-05
652 1.1863046165759648e-07
653 7.10562399109246e-08
654 4.2467786306122343e-07
655 1.975640648607758e-07
656 2.1739413932157619e-07
657 2.6190473468692795e-07
658 5.882811646797659e-07
659 3.4562199472080934e-07
660 4.462740039514097e-06
661 2.1033906324090417e-07
662 3.294043011720666e-07
664 1.2901883954816929e-05
665 1.4800410805739018e-05
666 2.4362796670163193e-06
668 3.7773949652913013e-06
670 1.0187618356239603e-05
675 2.9016957276712435e-06
678 1.3570758771692035e-05
680 3.359748940907422e-06
682 4.239918004011841e-06
683 2.790041641468824e-05
684 4.892986030491543e-06
687 6.6909244661259735e-06
688 3.1237276827935395e-06
689 2.461514271332713e-06
690 9.289704084111967e-07
691 2.5734987309000863e-06
692 5.2130216493401675e-08
693 8.310100797600074e-07
694 2.4264110256890086e-06
695 1.9195087125557377e-06
696 4.442555184363446e-06
697 3.1884832115537845e-06
698 5.089781201429057e-08
699 4.5596877183161034e-07
701 5.479511903880306e-06
702 6.806794393328321e-06
705 7.542531747388892e-07
706 1.4187660760816547e-06
708 2.623596006847046e-06
710 7.764369456156513e-08
711 3.6902794707930896e-06
712 1.1750549357684886e-05
714 2.906051493961611e-06
718 2.2772739192859466e-06
720 1.6138115442517744e-09
721 2.042368729913456e-06
722 3.6724580782495667e-07
723 2.1779894883940264e-07
724 1.1260410808542326e-07
725 2.202819189787758e-06
726 7.683237828364222e-08
727 1.1093976102049277e-06
729 2.655772734040433e-09
730 2.0307992627214914e-08
731 1.2372215871186805e-08
