251 9.01553966846056e-06
312 1.876593294721436e-05
500 5.506563910671286e-06
503 4.132572569336185e-05
659 2.9956018898702382e-05
662 1.7181258611729877e-05
9 2.8170454795452976e-05
32 9.120487847591751e-06
332 2.5035004626971878e-05
502 8.228043964545158e-06
549 0.00013850433140976743
562 2.4234363864568178e-05
593 1.1440521177437916e-05
675 3.242867528095347e-05
123 9.971900107054304e-07
554 8.491534058191998e-06
304 2.4095714627587325e-06
35 1.7064444970297031e-06
141 2.3969135004100293e-06
440 8.308917762318791e-06
702 2.1230588298470652e-06
129 2.402497375405794e-06
323 1.1898108828154476e-06
444 3.7720211387312315e-05
693 4.287357003992923e-06
44 3.9657260606776874e-06
258 6.497718164706027e-05
666 6.211658409588237e-06
40 4.766625377315305e-06
36 6.377715521999627e-06
113 2.480234734727945e-06
584 4.299461562030252e-06
229 5.282463878287422e-07
594 1.2083877452534872e-05
704 4.4061528849656955e-06
49 2.329200939044505e-06
656 2.7030393018771585e-06
192 1.2385926310182993e-05
717 2.1580033460809353e-06
432 2.723393156870194e-06
545 2.2350290885373304e-06
508 1.4655961785406493e-05
245 3.693007802270895e-05
87 0.00017683297267989502
211 6.312923158254524e-06
596 3.8909170521086175e-06
692 1.567857978799084e-06
249 1.000684835967709e-06
705 5.02489696975915e-06
608 1.428078682780965e-06
176 3.2025078274656898e-06
143 1.0112859353566494e-07
533 8.299089097735989e-07
417 1.2845763091839636e-06
