184 4.268432127995381e-06
343 1.3875129448572203e-05
122 1.1398031125479538e-05
96 3.370650323156437e-05
701 1.5905499623207445e-05
446 8.108436285629571e-05
469 2.5192156004534715e-05
578 8.354977895298094e-05
494 1.1112288753921879e-05
327 1.8713380609197664e-05
88 4.747437351012152e-05
473 8.701221820066872e-06
654 6.43721520223901e-05
509 1.0899723198676202e-05
248 1.7036452270609948e-06
314 1.0956388547489889e-05
318 9.215273970380766e-06
335 5.33644602066532e-06
178 4.6560814406360576e-07
186 2.3314722189806662e-06
236 4.4029969851675903e-07
467 6.507141675980348e-05
688 1.905805645909718e-07
589 1.1292908743585195e-05
695 1.9278947828551087e-06
51 6.835804309196698e-06
299 7.55410041277985e-07
333 8.755401810570473e-08
331 4.2188403050752616e-06
660 5.7925970799731e-05
94 2.411570507031356e-06
222 1.9243192198263707e-06
650 5.974476156215482e-06
678 2.027590180557811e-06
580 5.858347173906181e-06
586 4.486262710134779e-05
20 3.958523407152826e-06
130 1.5692624590480973e-06
237 2.331861887265973e-06
690 5.393158657351002e-06
56 8.003396319722236e-07
355 1.0081206840812324e-05
579 1.6089289527688928e-06
31 8.776785068557407e-07
320 5.702912266553544e-07
685 2.9215898943878217e-06
546 2.797763673720672e-06
170 6.20588990586164e-06
700 3.258768425876592e-06
585 3.982728281133774e-06
227 2.683365284082082e-06
340 3.5141516514655544e-05
490 1.3382059104613175e-05
716 9.182937824259342e-07
