353 2.6355386011535537e-06
555 2.8021404526244386e-06
171 2.5411807304783183e-06
373 4.020207184429577e-07
378 2.718201324692933e-06
416 4.282574157986421e-06
464 4.3345536900700025e-06
495 4.088779112811242e-05
560 1.3591656801033989e-06
571 3.1814885772779115e-07
592 6.658831433080656e-06
673 2.4960005534788194e-06
677 1.8620550220693894e-06
43 1.6218666228333505e-06
293 1.8671653074160094e-06
334 5.323090079390468e-06
336 1.1031915417656737e-06
521 5.008705857286579e-06
543 1.5418880185653482e-05
576 3.7929570348619544e-06
583 8.462412272813124e-06
604 1.6174499741604435e-06
634 4.671153601088609e-07
671 1.173549892817588e-05
697 2.3696743874224487e-06
703 1.9616467333070033e-06
