496 9.059831000900573e-06
652 4.4615998908639623e-07
686 3.946997988422078e-06
381 1.2536777476455592e-06
676 7.046148591904484e-06
322 3.045417549523052e-06
475 1.2980291153255183e-05
504 4.648275371523915e-06
179 4.7121580335361765e-07
538 1.3662997355151158e-05
468 1.4956509025994712e-05
115 3.896467705241295e-06
162 2.289931658218976e-06
230 2.743439735914971e-06
426 7.370982146101769e-06
550 3.117840957374195e-06
658 2.2762808125266414e-06
224 1.1044495597661564e-05
131 7.83769076247435e-07
59 1.871787369406587e-06
206 2.3303817980343154e-06
219 9.975008237086305e-06
228 3.6086490086893183e-06
380 4.803379498819132e-06
390 9.127004864416967e-06
570 7.667653842638517e-07
587 2.1120327272271818e-05
624 2.397932528386639e-06
664 1.0417707560256894e-06
684 5.89479442811562e-07
694 2.126504074933882e-07
223 4.609516346185323e-06
317 9.978177218373324e-06
330 2.2689872234506653e-06
377 1.8140328161046197e-06
655 5.966829624670863e-05
672 9.2228344095921e-05
683 2.3141119950832904e-06
691 4.599500060326172e-06
