147 6.791400072617914e-07
80 6.685978809275098e-06
413 7.188963750317268e-05
565 6.7296235412341035e-06
488 9.924464380222181e-05
679 1.8060609475509014e-06
120 9.28798871422381e-06
515 1.8495131470003244e-05
257 2.9580462473333537e-06
539 6.126390569031702e-07
472 7.875800218108941e-06
276 1.6903417772184036e-06
124 2.8652701909356656e-06
412 1.185700135999134e-05
128 3.1995250595827743e-06
669 3.19239712362469e-06
375 4.81498427005816e-06
297 3.0872255781042693e-05
682 1.0491371639255549e-06
315 8.912136360237464e-06
409 4.048297685385948e-05
117 1.8198062262025883e-06
512 2.085864021321712e-05
302 1.7139667795817756e-06
25 5.277354651289241e-07
116 8.891145115308376e-07
356 2.870307207307352e-06
431 7.995761704930023e-06
300 2.816548152554941e-05
342 9.529035505571419e-06
435 1.0237295474465017e-06
420 2.420160128826841e-08
370 3.255100217013573e-05
269 3.835448088811848e-06
362 1.599716128648886e-08
135 2.3586364292620482e-07
91 3.7319978233630234e-07
226 1.3811559066596908e-06
286 4.4262156725652956e-06
528 7.337224365395432e-06
152 5.520995667681674e-06
406 1.170593883992512e-05
166 8.348378736223336e-07
359 1.4636717391281639e-05
97 2.810367254241964e-07
513 2.054379749497575e-06
92 2.578229142256369e-07
715 1.672776784837601e-07
57 1.7675210640627855e-06
298 3.275298930528527e-07
278 2.9456734857853484e-08
244 5.306650540702917e-07
611 1.4154511322749564e-06
95 8.524187216240449e-08
102 1.8924209977519728e-07
265 1.0644416757413661e-07
525 5.959037606172115e-07
542 4.035450768014086e-07
246 4.523569551272328e-07
41 3.251304658457853e-05
154 2.4558514447128397e-06
536 6.403104480374965e-07
266 5.39554338713186e-08
272 5.404850517892761e-08
98 1.0872066716198929e-07
106 2.5823402428840266e-06
203 3.614845768244463e-07
220 4.4137014178015284e-07
506 5.425619820512409e-06
90 9.819487141451289e-08
281 1.5503484522753153e-07
511 6.033724506781414e-07
597 2.061643080935165e-06
105 6.3562766407250835e-06
110 1.395151276422901e-06
61 6.326278935701758e-08
103 4.499293661940672e-08
321 1.0038595088569616e-05
207 2.8370512380575553e-07
527 8.261516064497127e-07
530 1.244585753112539e-06
271 1.3435456841378568e-08
100 1.6139686396076452e-09
687 1.1842685816968448e-07
151 1.6071854221993417e-06
148 2.1543432272087218e-07
519 1.6988755062835323e-07
368 1.4202504315777236e-10
520 1.719149400593756e-07
551 1.0081768211394464e-06
133 4.880337478536401e-10
267 1.581346225305218e-08
361 9.96107042163363e-08
395 1.035794987990505e-09
208 2.770567733154457e-07
157 2.0298915335597663e-06
384 7.486299342516467e-06
213 3.614785492143805e-08
212 3.2223732079934696e-08
507 3.8866386729613986e-07
233 1.5285433992545105e-09
529 2.1789764279733552e-07
348 1.655132983277124e-10
648 3.1919964979666037e-07
66 7.620966233807551e-11
531 1.6586607738899105e-08
274 1.4761669550452487e-08
270 3.2778295322025286e-08
389 1.275431237315702e-06
396 2.735571539301314e-06
242 2.2161455535897935e-08
401 2.1522736059507542e-06
492 5.913293329188023e-07
217 3.254009002684628e-08
239 8.614251505423449e-09
210 1.9293389233127238e-08
522 2.8829865203712847e-08
627 4.2018943230689746e-07
632 4.547298440666765e-07
421 1.7857512010439728e-08
410 1.4585958675086465e-06
398 6.307408359397779e-07
424 6.082894406369879e-09
232 6.284226614926361e-09
109 8.408247098164272e-07
4 3.577807140168711e-07
235 1.521492798414468e-09
256 1.6244482899104855e-06
238 3.69076484409203e-10
719 4.503646123852241e-09
218 3.957965702479544e-11
575 2.4121284435684274e-06
428 2.6365845349201085e-08
402 1.9226262448738427e-06
425 8.843349731721828e-09
382 9.754323945936183e-07
427 1.2269921353127968e-08
403 1.3592393896538668e-06
309 1.8435793611028497e-06
532 3.65670653716647e-07
365 1.2601176141788868e-05
387 7.579416209289682e-07
351 1.2057633411870432e-09
487 1.0508979460466019e-05
418 5.865060542393389e-09
486 0.00038276191283044753
328 1.5878725200538773e-05
202 1.828838783973008e-05
21 1.1250139325487122e-05
46 4.7039710219451787e-05
48 6.998389489126011e-06
47 7.395362446301858e-06
221 8.129846789120746e-05
547 1.0360974677579185e-05
0 0.0002658366553596732
3 0.00017504288846084342
34 3.484885092137301e-05
247 4.660710340090855e-05
544 4.297689390621163e-05
283 6.4203406413464065e-06
379 2.3123500544886456e-05
665 1.322294380118081e-05
564 3.107422015895292e-05
205 6.210757272569757e-08
566 2.564818768405384e-05
42 8.87487005821547e-05
145 1.1827729757249274e-05
149 1.6031652555889668e-05
158 3.725533455201825e-06
165 5.250423419988694e-06
484 0.00011746479441076108
607 0.00017906429777631293
13 6.595591036452311e-09
55 4.718361756841384e-07
107 2.609622427582663e-10
339 5.484953333323518e-10
537 2.8242314605153365e-08
8 8.229758083539948e-08
14 1.0830989323973649e-08
22 1.0622575013506095e-07
67 4.9680117293011645e-08
76 3.455689163446227e-08
132 6.860224281891615e-08
150 4.585784831231608e-09
204 1.573187881169427e-08
215 6.5636624247479634e-09
290 6.846117280189841e-09
310 4.911363680253907e-08
439 3.16833459306118e-06
447 2.7763347437877917e-08
463 4.641808318441653e-07
476 1.064099408119531e-07
563 1.7406084996698426e-08
602 2.9300276641821433e-07
617 2.2083437441876278e-07
621 2.511199524374967e-08
625 1.6896194146758953e-07
630 1.6510406276865573e-07
635 2.2884911792654776e-08
639 8.861406423113438e-08
646 8.128697010619455e-08
29 0.0002094866945883233
459 1.3863711680370387e-09
2 5.698199478933206e-08
23 1.9438003330039834e-07
64 1.7868229014395609e-07
126 5.96112965953455e-08
172 1.4073372080696146e-05
190 1.0180563623279779e-06
200 2.782806383534341e-08
216 8.557795581352215e-08
240 1.0105843101916264e-08
254 7.63776585935287e-09
261 1.4716450334490079e-08
268 5.352288380091725e-09
303 8.068002924952614e-09
400 5.751301503467291e-09
404 2.7079987724004724e-08
415 5.3564257310325345e-08
437 9.921298316974852e-08
443 6.9107605250038276e-06
453 4.435626096108764e-07
470 2.2302926517762166e-07
510 4.6663123075068655e-07
540 4.949702507925538e-08
605 5.6260809757083195e-08
643 7.879280931530658e-08
667 1.4041969709430663e-05
720 3.309275990180585e-09
53 4.9235465459489437e-08
83 2.952285918379481e-10
104 4.465456049077091e-08
108 2.901086283214199e-09
134 1.1572038219601862e-10
241 6.089908590582696e-08
264 1.5622271503568294e-07
275 1.9000717712394063e-09
337 3.1975135921076447e-09
346 1.6696615384279758e-09
534 8.389850307444542e-08
598 1.0698752653764573e-07
7 5.5393378072423024e-08
15 2.6031514731538035e-07
24 1.004575426169206e-07
50 3.351907038691224e-08
62 1.972535970983492e-07
77 3.4556891634473025e-08
79 1.7116961870996387e-08
93 6.442208990238372e-08
101 2.0955292640941743e-08
111 3.6559411343891736e-08
118 3.6247604364860326e-09
121 2.1192586497085325e-08
138 1.0654311594639836e-09
180 2.7910832928859397e-08
182 3.985271647226132e-08
197 1.8273614363995538e-07
214 7.186931095212281e-08
260 6.473333024890454e-09
279 1.1308568192065178e-07
287 8.843856716804237e-09
291 2.6407648911779455e-08
294 3.056152728337745e-08
307 1.8000413032591437e-07
319 5.116270388289068e-08
338 1.756590136066881e-07
345 5.093420147596553e-09
367 6.249635742622622e-08
385 3.657874137325618e-08
436 3.1147238298138363e-07
448 3.463410342330195e-08
462 4.846406088201086e-07
465 1.6820579485814636e-08
480 8.858842535456362e-05
517 3.5752164743167018e-09
599 1.0195698398054601e-07
601 9.77763527304036e-08
612 2.2247157710549045e-07
614 5.028253851557036e-08
616 1.1433951776461589e-07
618 5.9125031802006656e-08
620 4.244390536777914e-08
622 1.598814626267359e-07
626 2.369303299505836e-07
629 2.7645914686359e-08
631 1.145976351875581e-07
633 3.6812527309215795e-08
636 6.545828129236956e-08
638 2.438184736752679e-08
640 7.24866025815275e-08
645 1.3594003425719875e-07
647 9.748909523242299e-08
651 6.661825311499637e-08
681 2.0209756767450356e-08
713 2.6939374078765446e-08
54 3.4258607158323223e-09
454 1.2791877273303847e-07
516 2.6009338389408064e-06
524 2.526036108171216e-05
526 2.9892250359531365e-06
26 4.044486358269717e-07
75 3.57930341080775e-07
127 2.4801900821498376e-07
156 8.65939181791939e-08
198 6.6956686165331206e-09
209 1.8892511707104734e-08
225 4.4845428831072e-05
263 1.0061442051357497e-08
301 8.38469397514307e-09
344 1.761219510548572e-09
392 2.3235238662618312e-07
394 1.2576282462913272e-08
397 2.116034955702991e-08
399 5.088568185690031e-07
422 3.3854588215100407e-09
430 2.3080098550756178e-07
438 1.4521058793165606e-06
449 1.0164632472260656e-06
452 8.928507206448351e-08
474 1.3414696809991575e-07
541 1.3598252752337277e-08
603 8.962304522976981e-06
644 4.853170457085763e-07
709 1.2549665156706954e-09
714 3.4522695537063267e-06
718 1.8805970977560863e-09
1 0.00012824222614454773
160 3.870961461769236e-06
243 4.0215345798212974e-05
252 4.026081552353542e-05
352 1.9921162246542398e-05
497 9.178736440701275e-05
144 8.82060684214445e-09
262 8.132534560434341e-09
282 5.5711529969309075e-09
349 4.133922233476285e-08
606 4.1965771126006643e-07
52 6.4739151719759e-07
63 9.586090313228528e-09
71 3.5801744563877467e-07
78 2.827399730851455e-07
99 5.962575689679686e-09
112 5.94136361875691e-09
119 2.2987797443209578e-07
137 7.538921981175223e-10
142 3.0844425975036807e-09
173 1.6535072882725607e-06
194 5.428306818313876e-10
259 2.512432560010275e-07
280 6.432156586483824e-08
288 3.6708772466375613e-09
347 6.6398737495626925e-09
371 1.7927729857454729e-07
386 3.7880554838246334e-08
442 7.609323550472082e-08
600 1.7828908026429513e-07
610 8.3843987507957e-08
615 7.438996574553667e-08
619 1.1909126219024375e-07
623 1.2859312957275853e-07
628 1.8528633206236266e-08
637 6.157867432876022e-08
642 9.014922104426624e-08
649 4.655869451461869e-07
485 0.00013380292581007764
505 7.630704428472137e-05
