471 3.0409968623342772e-05
708 1.1191472425536445e-06
501 0.00011074763900806375
582 2.6524779361500987e-05
187 9.560543605931764e-07
557 1.2351912749056944e-06
167 1.5539429316578687e-07
441 7.958116298361196e-06
450 4.309388132937837e-06
37 2.0657697868553207e-05
196 3.8450331956190395e-06
255 2.7446479801431786e-06
277 1.290342287341315e-05
296 1.7508004672928431e-06
366 4.4721409046542195e-06
613 2.380790134116228e-05
668 1.0532854208289396e-05
696 1.3422624618656408e-05
19 3.95594697326658e-06
33 1.2866414306554635e-05
136 6.781870246863427e-07
231 3.5533939593079223e-06
284 3.0773014604141305e-06
305 3.1217911398709198e-06
325 8.61502999037895e-06
358 7.4523512152210576e-06
414 1.008160012745904e-05
460 2.4581349803801734e-06
478 1.682874842666556e-05
567 6.387827169358735e-06
581 1.7671299663998077e-06
590 1.1110039960613764e-05
653 4.525602825332869e-06
657 1.6806197733286377e-05
661 8.506194558327151e-06
670 2.238216214870901e-05
674 7.468218199433871e-06
689 1.5504939984629845e-06
698 2.715488191746901e-06
11 1.0153629056870595e-05
324 1.0790589294675715e-05
498 1.5626956920585298e-05
663 5.079224974051747e-06
341 5.436205359652627e-06
354 2.7557451746475435e-06
572 8.670740695442215e-08
577 3.86900783428459e-06
39 4.22025661658598e-06
