374 4.455417971742257e-06
407 1.2891285820721917e-05
489 0.0004071308952180636
65 2.6689576094498876e-06
73 6.036134902864619e-05
364 2.2374739965430143e-05
372 7.291959003597339e-05
455 5.739077734391337e-05
558 6.109154259201536e-06
234 2.9601566130422183e-06
292 7.995440780238017e-06
306 3.4478973071388424e-06
285 8.2345332612793e-06
493 1.1063804746965905e-05
376 5.8904150693291806e-05
429 3.59295471046521e-06
552 3.581778316353874e-06
707 2.7430376519338027e-06
680 4.962619286704747e-06
559 6.85914303910393e-07
360 5.548692952639766e-05
253 4.6114435819773263e-07
523 2.272114547047267e-05
17 9.420369974787724e-06
518 1.9658513495585395e-05
482 1.567554267504879e-05
434 2.467253307132216e-05
595 1.5460901036934766e-06
588 4.272576577133448e-06
289 2.6346379966775205e-05
561 1.6443655308909786e-07
114 3.408530341061632e-06
6 5.504092690106211e-06
553 1.5270111287534802e-05
60 6.765840399770873e-07
568 4.261038239004814e-07
199 1.8704391946532775e-06
445 1.3538400540617429e-06
308 0.00010652525667802721
27 1.6013931913379338e-05
163 2.9508736361319535e-05
188 3.3105010761865393e-05
706 4.541852696505404e-06
189 7.058380634909576e-08
499 0.0005516031811220488
556 8.526824049406048e-06
491 0.00011142993739447212
28 4.134170670077942e-05
38 5.3245212391152025e-05
201 5.1631585095332e-06
153 0.00012446381072376048
483 2.1977379546057777e-05
69 2.0070605774687915e-05
423 2.6544062392597793e-06
250 2.7369610944797886e-06
89 7.906402715774702e-07
514 6.423922159146843e-06
86 7.010156621131044e-08
573 5.303279528462153e-05
161 5.458815344653455e-05
169 3.875188307275382e-06
155 2.9454998768873863e-05
10 0.00018388206969106923
481 0.00018509365116830515
357 4.295875344831552e-06
168 4.336491223173946e-06
159 4.030972392909532e-06
313 4.184913745906048e-05
609 1.2640917297157941e-05
535 2.830087462930961e-06
408 6.48458969186921e-06
177 2.046780411418921e-07
405 9.868349998658233e-05
548 2.7451231248732523e-05
164 2.0359834326512317e-06
12 1.238039018644167e-05
174 7.216870387733673e-07
139 4.577469202499852e-07
350 8.558823156140646e-07
18 1.9884766126998288e-06
419 4.079717740300743e-07
45 2.506777538169671e-08
569 2.0671668027587843e-06
574 0.00010312218055514605
30 2.7258617408100603e-05
295 3.352072062598412e-07
195 4.528920177747524e-08
183 3.798859000548183e-06
329 2.390461512887445e-05
326 2.473905220914233e-06
125 5.900170285317793e-06
70 3.550770972195362e-07
74 5.48059481332132e-07
456 4.6824524143999367e-07
5 6.557933783420262e-05
363 2.756024095420893e-05
411 1.0115691127564494e-05
185 1.302351568571938e-07
84 6.319719495498493e-07
710 2.724200478756798e-06
58 6.113445194433071e-07
72 4.275891014483578e-07
16 8.621889197261731e-07
146 4.089011484952102e-10
175 2.748715215086059e-07
712 3.004993396802338e-07
68 1.1265807564017616e-07
466 3.086677854817107e-07
479 9.397454074799629e-09
591 3.3393711375341593e-06
273 1.3449026522334039e-06
388 6.759732212240942e-07
383 5.823960683400077e-07
193 4.354696350859198e-08
457 5.581351731620273e-09
81 6.101032445681865e-07
451 3.1929774890676412e-06
477 1.7777625496873076e-07
140 4.160792647080538e-09
85 3.0901116748676197e-07
461 8.928642634314334e-07
699 6.866201104538662e-08
641 1.6803602758113056e-05
181 9.426050151482517e-08
458 3.9303611108079954e-07
82 3.7870693084562143e-07
393 3.8087354100568393e-06
311 1.8610646593009796e-05
433 7.285025876224977e-07
191 6.104239475352654e-06
369 3.5614113221242754e-07
316 5.342021626374833e-07
711 5.132680905062593e-07
391 5.336644275436855e-06
