211 6.500910233743378e-06
434 2.3558046658532585e-05
562 2.924445963010728e-05
87 0.00016172842892989245
123 3.2589839598439476e-06
312 3.12256053634251e-05
504 4.095991340385695e-06
523 2.5471165042415543e-05
707 2.4703599556434856e-06
9 2.4157477136974115e-05
96 3.48065617325082e-05
122 8.237591134868298e-06
184 4.635039683957085e-06
191 4.613675153404683e-06
283 6.0750024704353065e-06
360 3.962892181329052e-05
374 3.884780137555636e-06
417 1.544940301189272e-06
429 3.949935734039918e-06
549 0.0001282223277887815
80 4.972816958542097e-06
120 8.069371023545939e-06
128 2.289458872377036e-06
143 6.977433960567281e-08
292 7.214564570981319e-06
297 2.8586175085934846e-05
329 2.695999454227658e-05
332 1.730572283840683e-05
343 1.101708892067907e-05
357 4.966230317829902e-06
372 6.599514351094672e-05
413 6.27260861031493e-05
435 9.155023855526381e-07
446 7.386760286255473e-05
472 8.363087102889266e-06
480 9.641481382163449e-05
485 0.0001409834678383224
488 8.549543860305937e-05
493 1.134979066129659e-05
533 6.234421740470068e-07
539 4.3879115896805277e-07
547 9.085069213127402e-06
554 1.13709243118601e-05
591 2.6622041064397236e-06
659 3.553198177816725e-05
701 1.2738085509509357e-05
482 1.1420454285637068e-05
518 1.8047509918084765e-05
680 3.1281675863295067e-06
17 8.021863375880227e-06
21 7.431584888500862e-06
25 3.4137973525329313e-07
57 3.113326019126542e-06
65 2.2698589663280953e-06
114 2.6325405201495727e-06
116 6.002563343532782e-07
117 1.0662688651921601e-06
124 1.4875178185991305e-06
135 1.6618881723913143e-07
139 4.980754731260829e-07
160 4.513843558843926e-06
164 2.3619102737874083e-06
176 2.8383850303487526e-06
183 3.0881869272840856e-06
199 1.1568863532461508e-06
221 6.997960725669648e-05
226 9.88788055526413e-07
234 2.3815779090473254e-06
243 5.003472950150096e-05
250 1.9761659175521377e-06
253 3.022046140001379e-07
257 2.342090743332209e-06
276 1.0147708620759443e-06
285 6.687208884281093e-06
289 2.1191050350719695e-05
300 2.4935747789572175e-05
302 1.3633663857605135e-06
306 3.227132104702687e-06
308 8.540774023515719e-05
326 2.8840452641887356e-06
328 1.183702684988704e-05
342 7.043500036432169e-06
350 6.60816555167186e-07
356 2.5993672450039575e-06
364 2.2953879955797124e-05
370 3.095702077748046e-05
375 3.552965822956679e-06
379 2.410205350792304e-05
407 9.386440041303403e-06
412 1.0322656916422035e-05
423 1.6716185197639555e-06
455 4.389768211746287e-05
486 0.00035241565775003626
489 0.0003780138643601584
515 6.026419700738648e-06
548 2.584257264383706e-05
559 4.743492651007768e-07
561 1.292784760042652e-07
564 3.2991046039933364e-05
565 3.619519289487441e-06
566 2.1343864581865135e-05
568 3.5462450413028586e-07
569 1.4993176665272574e-06
574 0.00010505157792116301
593 1.0775090145813331e-05
595 1.6219867614140427e-06
679 1.3820473868677035e-06
682 6.504106936487501e-07
706 2.9179600187054326e-06
5 6.756276799691984e-05
32 7.539395901190008e-06
35 1.3214127423908128e-06
38 5.484117299356635e-05
145 1.1597378995181007e-05
163 2.9362745944003748e-05
225 4.2796971582067486e-05
491 8.789678671262053e-05
544 4.701486892119908e-05
0 0.0002860257151145328
3 0.0001647943800329989
6 3.995126296777709e-06
12 1.1859476414669878e-05
16 2.1169141158551335e-07
28 3.7338183022306885e-05
29 0.00022431608623538544
42 9.548943789028282e-05
45 2.2200281768310582e-08
48 6.238905768610947e-06
52 7.788545762064743e-07
58 4.309634613920127e-07
60 6.566433850297684e-07
61 8.500283315194806e-08
68 8.246719055168256e-08
69 2.001080234361266e-05
70 1.7815847200147094e-07
72 1.7299813636679188e-07
74 4.3826928259317337e-07
75 4.707091158424495e-07
81 3.2592774211355675e-07
82 2.531525178171075e-07
84 1.7957959221325891e-07
85 2.2966133596854933e-07
86 4.834152857014494e-08
89 3.289743944005175e-07
90 7.875364481157887e-08
91 8.962173821610536e-08
92 1.1439989105265015e-07
95 4.7163497722867684e-08
97 6.823165498298985e-08
98 7.009638842919923e-08
100 7.194940892935062e-09
102 9.251240442380319e-08
103 4.4414975417999185e-08
105 6.151423907527958e-06
110 1.0333593575702977e-06
125 5.331779210437976e-06
127 2.38863937621561e-07
140 9.5125746333783e-10
144 1.275949127791569e-09
146 1.562745814812406e-11
148 7.640975994774428e-08
149 1.9498489020972898e-05
151 9.898560235284702e-08
152 3.0505506900896077e-06
153 0.00011141388082143296
154 6.71537555875607e-07
155 3.5468436177473595e-05
158 4.610301968978512e-06
159 3.896946202445699e-06
161 5.2765984111595655e-05
166 6.463131250819237e-07
168 4.8939137543222134e-06
173 9.577787465759313e-07
174 6.738196636110216e-07
175 2.3839202512558316e-07
177 1.696154726523699e-07
180 3.872988958411051e-08
181 6.56426076746169e-08
182 1.6830452008974586e-08
185 5.559069726354861e-08
189 6.85179568767817e-08
193 4.436332248205041e-09
195 3.5014763952730536e-08
197 1.7287415338932434e-07
201 4.2505807997171454e-06
202 1.43344555983013e-05
203 1.8886533512667612e-07
207 1.9300416675579044e-07
210 7.448093951351851e-08
212 1.1008633038725025e-07
213 9.048957410397862e-08
214 7.958954591237143e-08
240 6.456036698481011e-09
242 1.5744693301724522e-08
244 1.712092146832324e-07
246 1.5603834446209405e-07
252 3.6872880684503455e-05
265 7.379073066918609e-08
266 4.3062102265994185e-08
267 3.594197056685163e-08
271 5.2240883805180616e-08
272 5.2374903301313386e-08
278 1.1224738776483805e-08
281 1.487732956267311e-07
286 3.3653863085565043e-06
295 2.721770248945545e-07
298 2.02979218578955e-07
307 1.99533438215674e-07
311 1.6847994061467953e-05
313 4.3182241665072876e-05
315 5.5579619897819885e-06
316 3.2719757375640985e-07
338 1.4975386987724064e-07
339 2.050714604790201e-11
352 2.0281131517428212e-05
359 1.2281346736207702e-05
361 1.3404936821033093e-07
362 1.0172793936859535e-08
365 1.0009348147979677e-05
367 9.185947652014762e-08
368 3.0013699939471274e-10
369 3.022197680567744e-07
371 1.2064094320987415e-07
383 4.7451218073635507e-07
384 6.3877913426664584e-06
387 8.424650283911226e-07
388 2.8743413130024547e-07
391 8.660387335440198e-06
393 5.672345812956586e-06
394 1.1531987208954142e-08
395 3.442850432602706e-09
396 3.568882529217024e-06
398 4.782365439917192e-07
401 1.525416590886399e-06
403 1.1917672913732417e-06
406 8.883384862215432e-06
408 5.267246728126227e-06
410 1.810731982204241e-06
411 4.449538461057212e-06
418 2.2960559477380506e-09
420 7.818155795710034e-09
421 2.2818658895746325e-09
424 5.485228151440275e-09
425 4.779799354335758e-09
427 2.667043091648952e-09
428 8.084252868424408e-10
431 5.482371117351029e-06
433 4.998826458889108e-07
438 1.5156882060261978e-06
443 6.0847455872173315e-06
445 1.0946520751439484e-06
449 9.576017191321828e-07
451 2.6177681535273904e-06
456 2.184649748729317e-07
458 2.539674986603895e-07
463 2.85100488033598e-07
466 1.7421756467612776e-07
477 7.397970335199866e-08
479 3.475879472355927e-09
481 0.00017420978805780606
484 0.00013464007335376157
487 6.606691499263869e-06
492 8.081244725354761e-07
497 8.208281089946408e-05
506 4.599785582376477e-06
507 5.309415587094497e-07
511 2.7213884604189636e-07
512 1.4769250313264728e-05
513 6.989796170556093e-07
514 4.312824213343458e-06
516 2.8942087527519054e-06
520 3.5850915975461696e-07
524 3.0029003267115406e-05
525 3.001688444346809e-07
528 5.3047709253982985e-06
530 1.3234807064716932e-06
535 1.7175546961274474e-06
536 2.34177060843509e-07
542 1.239769733722996e-07
552 2.8671131792230573e-06
553 1.3930868808370843e-05
556 8.130158569242426e-06
575 2.3242951589387073e-06
600 3.065786309471787e-07
606 4.847569565770047e-07
607 0.00013986105915816623
609 9.705066226264955e-06
611 9.282014015141738e-07
630 4.315473873727431e-07
632 3.35634986989165e-07
641 1.0950796200336686e-05
644 6.290241748041745e-07
665 1.3812607397994083e-05
687 2.8759509204796043e-08
699 4.597941436859382e-08
709 8.99181165985446e-10
710 1.931645268920441e-06
711 3.320464039406667e-07
712 1.0686538516251114e-07
714 2.562361475965765e-06
715 3.556713727383114e-08
1 0.00015287105482186645
2 1.9577448377843688e-07
4 3.7308439835826134e-07
7 5.898271313448869e-07
8 5.894126462567459e-07
10 0.0001914394787519245
13 2.5255557607874577e-07
14 2.4421603154214466e-07
15 7.945252014983274e-07
18 1.4033550058397069e-06
22 6.441013698776543e-07
23 3.9169481833978884e-07
24 6.508070353857718e-07
26 3.6399148592005757e-07
27 1.2539331745888396e-05
34 4.34485210908894e-05
50 3.6735470863630904e-08
53 9.177345237678549e-08
54 1.3244496547449573e-07
55 6.125072880736232e-07
62 3.3491439529742867e-07
63 1.7673803609051752e-07
64 2.889993348872102e-07
66 8.007916050950755e-09
67 5.524847872412249e-07
71 3.2839149960551455e-07
76 8.668934358718378e-08
77 8.66893435871838e-08
78 4.965949847472465e-07
79 3.793549911049437e-07
83 8.872585866832486e-09
93 2.2570297212173263e-07
99 1.5263025864967673e-07
101 6.102317926710107e-08
104 1.2552359465097276e-07
106 2.0280430066558274e-06
107 1.2884476466854824e-08
108 2.2532645301930267e-08
109 8.314256607062567e-07
111 3.9340641593167845e-08
112 1.1108017058830044e-08
118 2.8677281601617055e-08
119 2.520756072821975e-07
121 7.738995447833181e-08
126 7.596389054130242e-08
132 1.3823384515883963e-07
133 4.348887924910722e-09
134 1.3514410955243029e-08
137 6.396887811394085e-09
138 1.2584882687577172e-08
142 5.482127520467019e-09
150 4.4426204359982904e-08
156 2.432948849018736e-07
157 1.5408321006837982e-06
165 5.8226736696033384e-06
169 4.19047499782658e-06
172 1.1438990392473239e-05
188 3.0767929028763294e-05
190 7.589233739726943e-07
194 5.212916586533844e-09
198 1.2068482369783907e-07
200 5.994426547913919e-08
204 1.4036690019371885e-07
205 1.9765252651773156e-07
208 1.7409531766982369e-07
209 1.976478031830228e-07
215 9.367250294612997e-09
216 1.6822587817462036e-07
217 1.0164951078035591e-07
218 7.011540904778437e-09
220 3.316225279851919e-07
232 4.4539595760079344e-08
233 2.374217438982669e-08
235 3.0841113609080585e-08
238 4.243904197467646e-08
239 3.273779123500433e-08
241 4.9997721474410874e-08
247 4.659535965051593e-05
254 1.3510361084497466e-07
256 1.1558005178275993e-06
259 3.5655174416682115e-07
260 1.3637183249841036e-07
261 3.4099706639174946e-08
262 1.190389747420406e-07
263 1.2159200379590133e-07
264 2.1675692393123376e-07
268 8.655111758168211e-08
269 2.8765123071419443e-06
270 1.0323931350562848e-07
273 9.846000731448086e-07
274 7.46441113972925e-08
275 1.0732267692859894e-07
279 1.9878700402996033e-07
280 1.801351464670969e-07
282 1.0341810571144075e-07
287 1.7099689261917922e-07
288 9.708430111879536e-09
290 8.522142406160907e-08
291 8.111590116203708e-08
294 1.0055497665410525e-07
301 1.1906239182834192e-07
303 1.0951258392062525e-07
309 1.5374835856275813e-06
310 3.163822154961909e-07
319 6.18476966365454e-07
337 1.134819674322602e-07
344 5.01653162772744e-08
345 6.91061797261989e-08
346 5.531027102762234e-08
347 1.0917230801741234e-07
348 6.3292126067125565e-09
349 5.9514219901521756e-08
351 2.353716140417064e-08
363 2.4011215559853287e-05
382 7.455037465393541e-07
385 3.176905989701471e-07
386 2.0126495710919673e-07
389 6.565186060886396e-07
392 3.0385077637840966e-07
397 7.407517558377294e-08
399 4.888833396023764e-07
400 1.191538009491533e-08
402 2.8958877174676887e-06
404 1.496070424367879e-07
405 9.828793939860283e-05
409 3.660367647457135e-05
415 4.030158909345354e-08
419 2.5828712086919556e-07
422 1.0695165306257681e-08
430 4.577319540501539e-07
436 3.269156424898811e-07
437 3.385974272571918e-07
439 2.597473666435305e-06
442 4.492272009347606e-07
447 5.391303107318702e-07
448 5.631791941276506e-07
452 5.412879343435899e-07
453 3.104864108580208e-07
454 4.5266506580987343e-07
457 4.0552981164008786e-09
459 9.433059170887471e-08
461 7.203047240322694e-07
462 5.060627797663768e-07
465 2.3593074223862894e-07
470 3.288902920282334e-07
474 2.388591603168057e-07
476 2.496462944594268e-07
499 0.0004858659215788348
510 8.046500532840475e-07
517 3.5423286423389774e-08
519 1.9604512108644092e-07
522 4.4244870667236386e-07
526 2.1308921138183997e-06
527 8.908784848796936e-07
529 4.432553600384898e-07
531 2.0808053010001478e-07
532 4.904263425828323e-07
534 3.0154197816528293e-07
537 5.44167051085087e-07
540 5.592776555111546e-07
541 2.8836973063345434e-07
551 8.888419080232043e-07
563 2.2262201439663955e-07
573 4.705582266690661e-05
597 1.7032150378695459e-06
598 3.556494393546421e-07
599 4.844459779806936e-07
601 4.5406584626562245e-07
602 3.5533959066715126e-07
603 9.830815626527882e-06
605 5.693727076287042e-07
610 5.593908702395873e-07
612 4.0074609382891624e-07
614 5.263541911540662e-07
615 4.5055634394629055e-07
616 4.2541706746766744e-07
617 3.664832460664657e-07
618 4.415388342560036e-07
619 5.253838858722737e-07
620 4.6571390651622236e-07
621 3.8726270940274926e-07
622 4.762802376484616e-07
623 5.054781007589876e-07
625 5.027364044551501e-07
626 4.663360520679697e-07
627 4.2230710791154426e-07
628 3.783381017126657e-07
629 5.80523992974417e-07
631 4.461700082884021e-07
633 5.620446316313435e-07
635 5.942778586434964e-07
636 6.38386052807189e-07
637 4.87235614236457e-07
638 5.921309533974567e-07
639 5.253542916221057e-07
640 4.583960102455007e-07
642 4.811193814181466e-07
643 4.008949704182091e-07
645 3.7020193531336217e-07
646 6.395710653867618e-07
647 4.825466524712835e-07
648 5.775893676316145e-07
649 7.414258418027403e-07
651 3.820364663980914e-07
667 1.417520580489337e-05
669 2.703500862631012e-06
681 2.0311265344000742e-07
713 5.64209514910855e-07
718 2.278179264543028e-09
719 5.834241615320328e-08
720 5.150571445611862e-08
