11 6.6923621925671865e-06
19 2.7032529869993608e-06
20 4.3549259895575736e-06
30 1.7746303328026704e-05
31 4.928940614583335e-07
33 8.51639469714996e-06
36 5.078388678043243e-06
37 1.5837376482777493e-05
39 3.7237540145534688e-06
40 4.0754986835847515e-06
43 2.755956966975792e-06
44 3.411502013347863e-06
46 4.620845555897685e-05
47 7.009624887965673e-06
49 1.8665395486354684e-06
56 1.147918392740612e-06
59 1.5911102207369169e-06
73 6.273175143665023e-05
88 5.1696385172603835e-05
94 2.0755616705163705e-06
113 1.040860872000155e-06
115 2.452558229284463e-06
129 1.5748587147821256e-06
130 1.3108947448375161e-06
131 4.2235770936218566e-07
136 2.3292874902097227e-07
141 1.7461973100018869e-06
162 2.521045083403111e-06
167 7.947974803587447e-08
171 1.769228598257698e-06
178 6.397518895523289e-07
179 2.7772668806401276e-07
186 8.304111300614425e-07
187 2.3508218793940994e-07
192 1.459342942249978e-05
196 1.761490195372362e-06
206 1.397895815162254e-06
219 1.5462825982863248e-05
222 1.7290606793595285e-06
223 5.110822711691195e-06
224 9.519336098361702e-06
227 1.1749212517228699e-06
228 3.2910092856115273e-06
229 2.503425581228591e-07
230 2.3562649647263695e-06
231 2.470548602747751e-06
236 3.670226037053155e-07
237 2.139804752174008e-06
245 2.7124258985063846e-05
248 2.2287366707835006e-06
249 5.269367821980222e-07
251 4.7115340888309636e-06
255 4.913948549515367e-07
258 5.445524456403409e-05
277 6.815153780032368e-06
284 2.2045647362233635e-06
293 2.4924669833707226e-06
296 1.5946304909307795e-06
299 6.820394593845066e-07
304 1.815538663520872e-06
305 2.363536005507563e-06
314 9.793580073897523e-06
317 9.614432376545855e-06
318 7.239311059726977e-06
320 3.757808952230115e-07
321 7.121671452865332e-06
322 2.0416933735000276e-06
323 6.624079363107656e-07
324 9.7333619788487e-06
325 8.206707381423159e-06
327 2.4454005547142928e-05
330 1.8886957089069725e-06
331 2.978939759367026e-06
333 1.0566704006021845e-07
334 5.473421638563209e-06
335 4.262317628228614e-06
336 1.356248352735571e-06
340 4.143253212807854e-05
341 4.08278202761009e-06
353 2.3258062001524103e-06
354 2.1976110606350352e-06
355 7.90326852413063e-06
358 3.902488982049662e-06
366 2.0322360862956065e-06
373 5.039851804565704e-07
376 5.92628792863558e-05
377 9.753969482929315e-07
378 1.8004568398412966e-06
380 2.656617646144589e-06
381 1.004555397143898e-06
390 7.904473678658645e-06
414 5.698137287004425e-06
416 3.4842913266451506e-06
426 7.961551782020058e-06
432 1.1270966519040878e-06
440 8.231930287246003e-06
441 6.83977851818167e-06
444 2.7882185296860302e-05
450 4.521641337604395e-06
460 2.3637519371850523e-06
464 3.325302475190811e-06
467 5.3382709882040844e-05
468 1.0058475015449073e-05
469 1.526503930618512e-05
471 2.298985575633952e-05
473 6.2412947285546814e-06
475 1.302632062806837e-05
478 1.3810610781228316e-05
490 9.646399386084189e-06
494 1.2032760768496672e-05
495 3.859721652894566e-05
496 5.9221590255992484e-06
498 1.3149141928174466e-05
500 4.677519327321126e-06
501 0.00010583963723945238
502 6.413336410720894e-06
503 3.420154531712345e-05
505 8.160693829672015e-05
508 1.0619719372620988e-05
509 1.166851222662579e-05
538 1.6100275962537017e-05
543 1.783788305173803e-05
545 7.785487639826116e-07
546 1.3930195075126944e-06
550 1.8643133190917743e-06
555 9.720258922422411e-07
557 1.0380177887668333e-06
558 4.514761429760869e-06
560 2.1300218256389735e-06
567 6.700964880995278e-06
570 9.908127956789524e-07
571 3.9045003943283086e-07
572 4.396000855074636e-08
576 5.008189319215547e-06
577 3.2464459511420943e-06
579 9.347885678002027e-07
580 3.1641847104314493e-06
581 1.6547173494143568e-06
582 1.9828475166912298e-05
583 1.2933928170234667e-05
585 2.3537842613338875e-06
586 3.61253134891388e-05
587 1.6138948287347345e-05
588 3.460802946161095e-06
589 1.1637718662907468e-05
590 1.2426131946874843e-05
592 7.2551358027128505e-06
594 9.678471742685416e-06
596 2.3150788994575035e-06
604 3.050593826032879e-06
608 9.451505533951188e-07
613 2.3348112955515473e-05
624 1.4304811889888106e-06
634 4.259546194787115e-07
650 2.243046487996327e-06
652 3.280549312188552e-07
653 3.286428993248443e-06
654 6.470719069288214e-05
656 9.623724432650078e-07
657 1.2154130289832521e-05
658 1.8925735922684495e-06
660 5.607240634510258e-05
661 8.680922007878206e-06
662 9.985221754806263e-06
663 4.811650361825038e-06
664 6.746647537735212e-07
666 4.4766232298537244e-06
668 8.863421680236764e-06
670 2.060714663303281e-05
671 8.743478890877853e-06
672 0.00010005769172022329
673 3.215772375794609e-06
674 5.79124280573552e-06
676 6.170834128704068e-06
677 4.071258842805511e-06
678 2.4577241440098903e-07
683 2.4416961044301556e-06
684 5.397016381460604e-07
685 2.231525376932026e-06
686 4.42912777919948e-06
688 2.877783291902373e-08
689 5.664657883024739e-07
690 2.2449023348666347e-06
691 4.745638330972577e-06
692 7.609333760530351e-07
694 1.1790800322772592e-07
695 1.5583138700776281e-06
696 1.129891247387399e-05
697 5.295681823543837e-07
698 2.3107443178491568e-06
700 1.8658979908794425e-06
702 2.17001102623634e-06
703 9.846957428076585e-07
704 3.730679501886965e-06
705 2.974046769218106e-06
708 6.977603890915884e-07
716 5.754497301290751e-07
717 2.958451520743683e-06
41 2.918306227181275e-05
51 4.262154757010793e-06
147 1.0479101881349625e-06
170 4.985344055827317e-06
483 2.6227355811325775e-05
521 1.2769119981534811e-05
578 8.255049160027762e-05
584 3.815779330425668e-06
655 6.355984642760874e-05
675 3.358479174238232e-05
693 2.5969937035067154e-06
