0 0.0001791520993471085
1 0.00011397912033613562
2 5.803563525665849e-08
3 8.843558624398419e-05
7 7.720389637537741e-08
8 1.0621208580345467e-07
13 3.11019961296096e-08
14 2.898488899019995e-08
21 4.681141809168923e-06
22 1.1092912850981487e-07
24 1.0698179169396218e-07
29 0.00014585400923653824
34 7.476937093692138e-06
35 9.889765137131761e-07
42 1.9269712752800734e-05
46 2.1280340519683068e-05
47 4.083376603890456e-06
48 2.3847470359770676e-06
54 1.0883321930408086e-08
63 9.173751223050908e-09
64 1.4686496748038687e-07
67 4.968338781064776e-08
79 1.0729467565611225e-08
93 7.064338085545548e-08
99 6.0092919452447875e-09
101 2.1625641047710434e-08
107 1.4512460906323517e-10
118 2.061417419618879e-09
134 2.57752403575566e-10
137 3.798879662604184e-10
138 4.069606053011297e-10
145 6.136505082900424e-06
147 9.33947795317793e-07
149 6.94893461660279e-06
150 1.6515845042923337e-09
158 4.844141396395466e-07
160 1.3847123785386639e-06
165 5.817978182727458e-07
170 3.916897892924469e-06
194 1.283012059321399e-10
198 1.9972653985250467e-09
204 1.0192961123788465e-08
209 1.3676382512013193e-08
214 6.780133765394623e-08
218 1.9566492832133808e-10
235 2.9984438247732005e-09
238 4.014472397617299e-09
239 1.1743312362353187e-08
254 1.3445121563651336e-08
259 2.5080161783111755e-07
260 4.191264821437413e-09
261 1.5132636089722074e-08
262 1.247408139679529e-08
263 4.2943291932154664e-09
268 1.6271311276308067e-09
275 9.72280689230587e-09
283 5.075816978151337e-06
287 6.3903543288917554e-09
290 1.8736342975471485e-09
301 2.8762880254155044e-09
303 3.2175585810926333e-09
319 1.0359422063340786e-07
344 1.024594331219867e-09
345 3.2911612004779867e-09
346 3.5415131733663475e-09
347 3.059164450471383e-09
351 1.2176918677517769e-09
352 1.949761368419091e-05
379 1.3284672007293938e-05
392 2.150114743975099e-07
448 2.2267455240013336e-08
452 7.18498292434434e-08
459 6.330400938181827e-09
465 2.6478773983818778e-08
484 8.149395435656766e-05
487 6.888116828718103e-06
500 4.109235010457952e-06
517 3.656590688631111e-09
541 1.384608524062354e-08
544 3.112625824461649e-05
563 1.5848895117622203e-08
593 1.1277409589791582e-05
603 9.162354526109153e-06
605 7.608915949899007e-08
628 1.1138781912418073e-08
629 1.752265342738687e-08
635 1.2342904491336882e-08
638 1.889711478825212e-08
665 1.0725923621148814e-05
667 1.2713859600607998e-05
713 1.7050306177331716e-08
720 3.1180886774768645e-09
225 4.490943984490543e-05
480 7.51820078250325e-05
564 2.0298674833236954e-05
247 4.6110237340222424e-05
257 2.5690246864720683e-06
524 3.9061093494869315e-05
552 2.9904855082659433e-06
575 2.5207674500294144e-06
41 2.5508251495820745e-05
252 4.177757250927419e-05
328 1.3358906329383203e-05
547 1.0037137947082628e-05
15 3.284345862106911e-07
385 5.299707056341803e-08
447 1.0511282032477729e-07
537 1.0144455644424069e-07
540 1.8154237906351857e-07
614 1.4424611027073122e-07
621 7.415835058750952e-08
633 9.694683556035226e-08
649 3.452269235233399e-07
120 8.634136232102975e-06
374 4.2179785051502945e-06
83 1.10183978385545e-09
232 1.016181244873277e-08
282 3.009145592492196e-08
337 2.4040517661398962e-08
422 1.3134298157818854e-09
62 2.394377499220042e-07
636 2.83193645808124e-07
719 1.2885129931162006e-08
510 4.5761980670463276e-07
643 1.5743662996449472e-07
