594 1.0305236837945686e-05
503 3.512276611504858e-05
9 2.454133281818275e-05
11 7.326892163650348e-06
19 2.9653498184710086e-06
31 5.360452534870234e-07
33 9.164847383889461e-06
36 5.7061969457864565e-06
37 1.6125898638995847e-05
39 4.104810643456519e-06
40 4.792287885211492e-06
43 2.9736362603244577e-06
44 3.573153722197487e-06
49 1.9011383848455032e-06
51 4.825984806917449e-06
56 1.2870858919684959e-06
59 1.7681399824150773e-06
73 6.74487176186586e-05
94 2.323055492953762e-06
113 1.1449849914523358e-06
115 2.8015777947232375e-06
129 1.7005084321997972e-06
130 1.612841984070466e-06
131 4.6433021569697176e-07
136 2.613231920439933e-07
141 1.896426478438133e-06
167 9.304030435734264e-08
171 1.949531279585653e-06
178 7.095210199731483e-07
179 3.0967515755110516e-07
186 9.306492839045576e-07
187 2.4089506481427864e-07
196 1.9064430800766114e-06
206 1.5163289743650357e-06
221 9.098868523796044e-05
222 1.9539576975998853e-06
223 5.551559451642001e-06
224 1.0635637729974598e-05
227 1.2712765709845493e-06
228 3.5494714369451852e-06
229 2.6782375121122643e-07
230 2.4870910364590097e-06
231 2.6476758398867933e-06
236 3.8589203223807013e-07
237 2.3524530774027395e-06
243 4.876510602345956e-05
245 2.893187403036619e-05
248 2.474505939033601e-06
249 5.806975684110768e-07
251 4.786275968182231e-06
255 5.833258866201563e-07
277 8.1029753861307e-06
284 2.3166512151835414e-06
293 2.854438714469141e-06
296 1.7679506376536185e-06
299 7.399650589520793e-07
304 1.948417996314876e-06
305 2.485090848588014e-06
312 3.022455822972728e-05
314 1.0965374901701442e-05
317 1.087057104748137e-05
318 8.316629834582302e-06
320 4.0984162414487073e-07
321 7.805487810536357e-06
322 2.1007397621323803e-06
323 7.242917090662098e-07
324 1.2487787183845346e-05
325 8.875164599228177e-06
330 1.9498953444115087e-06
331 3.178779093980463e-06
333 1.133065961254732e-07
334 6.080298172533114e-06
335 4.568795546963459e-06
336 1.4745975570074526e-06
341 4.462454443366165e-06
353 2.5478895324290306e-06
354 2.4429166926196685e-06
355 8.723089110227373e-06
358 3.860591121689697e-06
366 2.1813007785146244e-06
373 5.617649816319363e-07
377 1.0687413837571694e-06
378 1.985838381268126e-06
380 3.010230152854026e-06
381 1.0839698651957774e-06
390 8.900420726166858e-06
413 7.392239622946085e-05
414 6.046943102176521e-06
416 3.8466852592110365e-06
426 8.442129922589182e-06
432 1.2226451444421442e-06
440 9.253247253194504e-06
441 7.106954262772015e-06
444 2.8855364184739674e-05
450 4.6210532273164155e-06
460 2.607499197288929e-06
464 4.01618997278825e-06
467 5.718010703965566e-05
468 1.1008640385207724e-05
469 1.6461384653808876e-05
471 2.499439182868637e-05
473 6.803919121493712e-06
475 1.3866655448734697e-05
478 1.4969224714710229e-05
485 0.00016608173509109693
486 0.0003831368455820122
489 0.0004697244609934245
490 1.0717636204366466e-05
496 6.540506140694005e-06
498 1.4952565261261855e-05
501 0.00012201009119532647
502 6.619883692371195e-06
505 8.631160239499266e-05
508 1.1035881884104484e-05
521 1.4135636649533107e-05
538 1.530096226417876e-05
543 1.9760504811839243e-05
545 8.577873800052075e-07
546 1.5222546740003843e-06
549 0.00014620330296443378
550 1.858702327090602e-06
555 1.044587482073964e-06
557 1.1642649392702575e-06
558 4.798621055418873e-06
560 2.3563524562717298e-06
562 2.906993531191744e-05
567 7.002479523777254e-06
570 1.0733588284389192e-06
571 4.3520910071343675e-07
572 4.4476441302768736e-08
576 5.555579842554398e-06
577 3.5738788452185184e-06
579 1.0115950081815108e-06
580 3.4253612040430802e-06
581 1.8660261655979796e-06
582 2.1394642449249153e-05
583 1.4563735392961913e-05
584 4.148459671445943e-06
585 2.5448732976772393e-06
586 3.8235168106186424e-05
587 1.9622091199537362e-05
588 3.7272812382300937e-06
589 1.185904921039647e-05
590 1.3597447178185264e-05
592 7.73322101080906e-06
596 2.5785043358054658e-06
604 3.358418180829906e-06
608 1.0368881916539978e-06
613 2.570173420584141e-05
624 1.5894946474827662e-06
634 4.7174696154722237e-07
650 2.4473055215920534e-06
652 3.735993527657155e-07
653 3.4314599130017786e-06
654 7.037072541843526e-05
656 1.0670050470087396e-06
657 1.2083046836169392e-05
658 2.221199645477607e-06
659 4.281619304598799e-05
660 5.7680949067243234e-05
661 9.365769879992342e-06
662 1.1919408699242735e-05
663 5.372594497402596e-06
664 7.518883324603958e-07
666 4.6226820179340335e-06
668 9.827736733431561e-06
670 2.3462423539103495e-05
671 9.173203786834316e-06
672 0.00011614302728314504
673 3.591590639047581e-06
674 6.4299067972011085e-06
675 3.635888847408539e-05
676 6.229109724635969e-06
677 4.5143929994977505e-06
678 2.831369691591247e-07
683 2.6396487795347227e-06
684 6.071774413157541e-07
685 2.4484749347213378e-06
686 4.712322125659074e-06
688 3.32073445401265e-08
689 5.843686504611802e-07
690 2.497077229465113e-06
691 5.277516192061267e-06
692 8.213902680673789e-07
693 2.6098769366226984e-06
694 1.2647494868204466e-07
695 1.6897748958792308e-06
697 5.415769262445618e-07
698 2.45458997900392e-06
700 2.0027270034204885e-06
702 2.3895576345291163e-06
703 1.0480403724217499e-06
704 4.187677818101028e-06
705 3.2874725080432636e-06
708 7.63653303855392e-07
716 6.239068518077563e-07
717 3.1773722375491093e-06
