258 5.947893758916329e-05
96 3.5898165765608455e-05
123 3.40271376805373e-06
192 1.4478394001549908e-05
376 6.259834568208758e-05
504 4.52820039099463e-06
554 1.5565317467965437e-05
707 2.3982917300471457e-06
80 5.250111257816502e-06
87 0.0001598346129498921
88 5.288555456145281e-05
143 8.230621336783061e-08
162 2.279911729108999e-06
184 4.228833952364441e-06
191 4.160642066676683e-06
211 5.630903902859224e-06
219 1.645146569515151e-05
292 8.574101415202216e-06
297 3.250342739983278e-05
327 1.936737944194452e-05
332 1.8689047293371913e-05
343 1.0983108744896053e-05
360 4.0702505940252154e-05
372 7.273071813428818e-05
417 1.6653932151211808e-06
429 3.931155422459751e-06
434 2.171692659493325e-05
435 1.010744499094558e-06
482 1.2601852610168048e-05
493 1.2140018473382336e-05
509 1.1894292035454111e-05
696 1.0772102625204236e-05
25 3.583620369485578e-07
50 8.433598618073052e-09
57 3.4991432232726475e-06
66 1.3405142786056175e-09
76 1.330590798531215e-08
77 1.3305907985312113e-08
100 1.2426858169029168e-09
104 6.862114227704574e-08
108 3.1552066737923052e-09
111 3.282267547156967e-08
112 3.4611884299359997e-09
119 2.2960778716749266e-07
121 1.972724287632451e-08
126 4.9944605015992185e-08
127 2.6582426284984603e-07
132 7.999547480026314e-08
133 7.326802420017484e-10
140 1.3054940329693066e-09
142 1.0404927885741882e-09
144 1.3735155818378328e-09
146 2.8996245444610676e-10
156 8.873999561634746e-08
180 1.3492333947852706e-08
182 5.845823848970272e-09
190 8.409071003805123e-07
200 3.2371092407312014e-08
210 2.7134448949190498e-08
213 2.297044763135193e-08
215 1.0536039543951127e-09
216 7.480353289725836e-08
217 3.2572801760738524e-08
233 5.037389180978729e-09
240 7.765892421369622e-10
241 4.8272830128106286e-08
242 4.720121531583058e-09
264 1.7940833150932453e-07
267 1.8160283694109866e-08
270 7.620125900120788e-08
271 1.9174387383307202e-08
274 2.430268392571618e-08
280 9.506468815632819e-08
288 1.5099156383222479e-09
291 2.3005447865454226e-08
294 3.0726790046451506e-08
310 8.552836839730024e-08
339 1.7765524867899183e-10
348 8.677523257518972e-10
349 3.147034693311666e-08
361 9.924130720388751e-08
362 1.3982099159581415e-08
367 6.462518504825561e-08
368 2.48526508541002e-11
383 5.628512317193653e-07
386 5.603027878828563e-08
387 7.711981530062193e-07
389 6.598533987852917e-07
394 2.847763585154485e-09
395 2.871856074556058e-10
397 1.425044215691431e-08
400 1.5956526937668626e-09
404 4.114334706875936e-08
415 1.0325358727347666e-08
418 4.383566226326931e-10
420 1.3918249540290809e-08
421 5.555845886178348e-09
424 3.5308401995953183e-09
425 2.328740474051441e-09
427 1.0911562505034596e-09
428 7.121130748760556e-09
442 1.7316152413559316e-07
457 3.107820911273188e-09
479 5.991672745771857e-09
531 5.246352632414689e-08
534 1.4793661131158123e-07
598 1.6630041996023333e-07
599 2.97510081995717e-07
601 1.9273766091959315e-07
610 2.8449921137601866e-07
618 1.7860650189464406e-07
619 3.286432253047097e-07
620 1.4848231052009883e-07
637 2.4359022317476697e-07
639 2.0160256019084401e-07
640 1.830106888189129e-07
642 1.7988224104455494e-07
646 2.644649127316486e-07
647 2.426277251785319e-07
651 1.582627355155209e-07
681 6.42634643859114e-08
709 1.1408130566687069e-10
718 3.3586356698234555e-10
20 4.473826098469656e-06
32 8.362337793997025e-06
65 2.274017536474656e-06
122 3.8045934290608984e-06
124 1.5688905825546086e-06
128 1.8937459073629525e-06
176 2.9179417820858123e-06
234 2.533074798951448e-06
276 7.948116980903229e-07
302 1.5882869514681455e-06
306 3.598193347196154e-06
308 0.00010404802043737173
326 3.1708985743612745e-06
329 1.8878143919564503e-05
340 4.0664868021975684e-05
407 1.3512736549041578e-05
412 1.2903051567212468e-05
423 1.7307843801859628e-06
446 6.782999362205865e-05
455 5.103118070796976e-05
472 8.87025291006876e-06
483 2.8997541050200214e-05
488 8.655927943741858e-05
512 4.646217845368338e-05
515 9.046395789711344e-06
518 1.5011970838162863e-05
523 1.822957324212076e-05
533 6.304676983928122e-07
539 4.983149102972167e-07
559 5.47849249480938e-07
565 3.860668493465485e-06
566 2.825089652042945e-05
578 6.873865236567788e-05
591 2.962957395707054e-06
655 5.205166065903342e-05
679 1.4775755413896476e-06
680 3.2392429325412305e-06
701 1.0901480370111428e-05
4 2.5977060507804744e-07
5 4.5101034388456344e-05
6 8.217001658276743e-06
10 0.000172796929096117
12 1.0176685666799699e-05
16 7.979795635031634e-07
17 8.7602465116309e-06
18 1.37543661113136e-06
23 1.9506870484335386e-07
26 4.0500586897844227e-07
27 1.3234383896624272e-05
28 3.584816973500539e-05
30 1.6855061938464794e-05
38 4.883884134869783e-05
45 3.7481134087186014e-08
52 6.515813976174247e-07
53 2.82412602873484e-08
55 6.32331033566339e-07
58 6.63753129162292e-07
60 5.881302501899504e-07
61 6.45716817379781e-08
68 1.1850329332569694e-07
69 2.1306653202092316e-05
70 5.868113221790575e-07
71 9.754001820924387e-08
72 1.3374216931889145e-06
74 9.116619909465511e-07
75 4.2568584394465795e-07
78 2.74503978510313e-07
81 1.7241611201821785e-06
82 3.9572458545225784e-07
84 2.4565816265385228e-06
85 3.771217404336798e-07
86 1.0173414606737193e-07
89 2.6352117989233095e-06
90 5.5912774919194384e-08
91 1.9878994702215302e-07
92 1.742028587308592e-07
95 3.4786848132983673e-08
97 1.3251546819031665e-07
98 6.263393943158274e-08
102 1.0032850696971146e-07
103 3.231121197739829e-08
105 7.285199211746653e-06
106 2.2878920775333602e-06
109 8.379036752483204e-07
110 1.1364408330962655e-06
114 3.0801214239150677e-06
116 6.669193458247366e-07
117 1.471756806332748e-06
125 7.31192292238166e-06
135 1.9621601712135136e-07
139 6.260390583460999e-07
148 1.0162648713419994e-07
151 8.628372604203801e-07
152 5.538405351663705e-06
153 9.041573289578239e-05
154 1.5788444752036086e-06
155 3.0470336443589315e-05
157 1.674474763308887e-06
159 3.513523864110577e-06
161 4.633391736854827e-05
163 3.167049872919536e-05
164 1.961600185178509e-06
166 6.365810431231379e-07
168 3.476965552312661e-06
169 3.2050718600606162e-06
172 1.3023557953879749e-05
173 1.0015723534496983e-06
174 6.615107211343419e-07
175 2.501229822355232e-07
177 1.6374235786013709e-07
181 7.169530857786793e-08
183 2.868236166486573e-06
185 1.0169510264899655e-07
188 3.396250851905777e-05
189 9.024938485182553e-08
193 2.239111777536411e-08
195 6.71716141669005e-08
197 1.7678780693967727e-07
199 1.3776623220790236e-06
201 4.933669029138603e-06
202 1.7485645999786263e-05
203 2.656362455128231e-07
205 2.123640732700166e-07
207 1.571980827365651e-07
208 1.8139727119112478e-07
212 3.255470020009318e-08
220 4.113700641571417e-07
226 1.091085396679345e-06
244 2.3277924192638701e-07
246 1.9873313260855827e-07
250 2.1584656256449375e-06
253 3.0592441285240064e-07
256 1.139477318404963e-06
265 9.328844809683914e-08
266 2.2943277109141745e-08
269 3.0639384163257308e-06
272 3.290469152803615e-08
273 9.130666814682527e-07
278 1.08499452013229e-08
279 1.1006494129097319e-07
281 1.4583122397271436e-07
285 7.251971303805831e-06
286 3.6276103431161966e-06
289 2.2443337418295302e-05
295 3.2569543422169003e-07
298 2.0044348288438955e-07
300 2.7991946812507753e-05
307 1.3374574977694142e-07
309 1.5220992792567073e-06
311 2.0608103736387888e-05
313 4.8905959236888204e-05
315 6.736326232361095e-06
316 4.4409913266052364e-07
338 1.466354457394411e-07
342 7.646280786347482e-06
350 6.125405228348313e-07
356 2.9995900440068296e-06
357 4.888394399214721e-06
359 1.3484791400668702e-05
363 2.517916885423221e-05
364 2.5992746889520247e-05
365 1.0630737727720748e-05
369 3.0978597636356103e-07
370 3.585791932283609e-05
371 1.1362822296324702e-07
375 3.7952204303602256e-06
382 8.148177481983076e-07
384 6.842968547620924e-06
388 3.111443798180283e-07
391 9.401112989186072e-06
393 6.171516252101484e-06
396 3.933460034844818e-06
398 4.907712140624726e-07
399 5.25352574641953e-07
401 1.6664056121415092e-06
402 3.262795861639855e-06
403 1.2365464496666655e-06
405 0.0001079122947522787
406 1.0558125152659242e-05
408 5.676487144227038e-06
409 4.672422342112293e-05
410 1.9457762075254965e-06
411 5.032024313773613e-06
419 2.808623168881337e-07
430 2.8342922049158396e-07
431 8.779631531124303e-06
433 7.746667197146628e-07
436 3.2988868766316745e-07
437 1.599273298868649e-07
438 5.251203694579724e-06
439 2.8870278529182857e-06
443 8.940823569930957e-06
445 1.1532826447615914e-06
449 6.300597806887574e-06
451 3.498457444113358e-06
453 2.2035239640266082e-07
454 2.6348739291447504e-07
456 1.4974472901028252e-06
458 3.6295116499601296e-07
461 7.870072917738431e-07
462 3.925105005285877e-07
463 2.39365448365413e-07
466 5.428677462686726e-07
470 2.3567335401187303e-07
474 2.3597286717278785e-07
476 1.2557841699909028e-07
477 1.0645033528843762e-07
481 0.0001531557780936364
491 9.186711964357763e-05
492 9.86660348308462e-07
494 8.899918113834776e-06
495 3.451463125082581e-05
497 0.00010713358018805731
499 0.0005312506588384725
506 7.4872852544371964e-06
507 6.746994758111742e-07
511 6.332824316943947e-07
513 1.3474848552472411e-06
514 5.217634597443316e-06
516 7.040883987948032e-06
519 1.2980939775637435e-07
520 5.448098024590357e-07
522 1.8474030322953673e-07
525 6.19432276659793e-07
526 2.7223994058756206e-06
527 8.814187220429911e-07
528 6.576434323225282e-06
529 2.7097799078790446e-07
530 1.443423551383739e-06
532 4.3642655696802626e-07
535 2.358323218421525e-06
536 3.8472718821271247e-07
542 4.118776787028719e-07
548 2.523154539073786e-05
551 6.761829610388713e-07
553 1.690214180621272e-05
556 7.705928647824615e-06
561 1.3383303819802543e-07
568 3.796796553412264e-07
569 1.170973827319046e-06
573 4.5904494146620865e-05
574 0.0001126397767962024
595 1.7662457485850557e-06
597 1.8640994958878939e-06
600 2.6283379198133454e-07
602 1.9682544313892736e-07
606 6.058489528688278e-07
607 0.00015430874947775826
609 1.287599732264508e-05
611 1.1443096497991734e-06
612 2.8680069584729424e-07
615 1.9576890154777708e-07
616 1.661479856288994e-07
617 2.3242981988381618e-07
622 2.5420286001945575e-07
623 2.8613203720052204e-07
625 4.901666959523818e-07
626 2.2341531507605336e-07
627 5.479552783682706e-07
630 2.9105138851542406e-07
631 2.0869564772289563e-07
632 5.678227557369494e-07
641 1.2577055600164389e-05
644 1.2743520060951497e-06
645 3.2883708305279147e-07
648 4.013733066216264e-07
669 2.748981629177333e-06
682 6.920202268147496e-07
687 3.135087300824504e-08
699 5.853295578211116e-08
706 2.8979034711964e-06
710 2.8900976622617584e-06
711 4.876091588664556e-07
712 8.356210270966103e-07
714 3.2155938652136635e-06
715 7.106857083429324e-08
