440 8.931753650163403e-06
591 2.4364266764569983e-06
570 2.1924884708359356e-06
122 9.814545809232674e-06
141 3.6702908665345662e-06
702 2.988341109792857e-06
480 0.00010949158102063467
128 3.0348839171932103e-06
297 3.3789810927208316e-05
472 6.900822658698135e-06
662 3.2442807029987195e-05
669 2.531068180578863e-06
429 3.858912673720786e-06
523 2.828674561394482e-05
564 3.71302748342651e-05
0 0.0003019409836793359
32 9.106415901133608e-06
47 6.168386539220893e-06
80 5.755981542874972e-06
120 9.449950388568574e-06
251 1.9371373850384777e-05
258 5.1454825692996634e-05
283 6.773477692177744e-06
302 1.7194367890303326e-06
332 1.7840034030165433e-05
500 5.227339057177545e-06
539 5.894098940740214e-07
574 8.975531317396728e-05
675 4.1131648955940977e-05
701 1.6378446461940654e-05
115 1.0398560208333398e-05
221 7.597479539170533e-05
292 9.128815446347756e-06
306 3.2322747183358083e-06
372 7.253379360347367e-05
426 8.652269976593818e-06
658 7.093445554732196e-06
249 9.31286968131424e-07
692 2.45335433549486e-06
5 6.375891386930497e-05
36 7.164779949913394e-06
40 5.972357185703314e-06
48 6.4705215476371785e-06
123 4.375016252012488e-06
124 2.8874195315858684e-06
247 6.302202488467075e-05
276 1.5219784942862405e-06
312 3.6450384776966845e-05
342 8.288964041773501e-06
356 2.7324577805654066e-06
370 3.360536252372528e-05
412 1.2020848027470149e-05
435 8.238052431255271e-07
485 0.00016330970014536645
488 8.947016385568513e-05
515 1.283368012615826e-05
533 7.632246423574696e-07
547 6.033474654943432e-06
562 3.051986414988295e-05
565 6.252450861978468e-06
679 2.3796074280383235e-06
682 7.374663627432815e-07
544 4.4117829235247794e-05
34 4.564141375086534e-05
6 7.76188069489179e-06
42 0.00010259475754656022
160 5.087729600837201e-06
162 2.4746273129460794e-06
201 5.760439495754726e-06
234 3.4335929360283085e-06
285 8.38001719716533e-06
321 7.649918059733331e-06
322 6.767843969303541e-06
390 1.0607723988691664e-05
407 1.6084485021305485e-05
482 9.68064508192185e-06
489 0.00040616631742815897
493 8.499128611068186e-06
552 2.8569690560117487e-06
559 4.6573249427567685e-07
561 2.0812308949638616e-07
587 2.7753159433411843e-05
163 2.6241679655612028e-05
434 2.84983937409231e-05
588 2.8580355530573582e-06
3 0.00014365571594104058
25 4.0448512274362307e-07
35 1.245302843147214e-06
44 4.381880133179824e-06
57 3.4622116213028975e-06
97 3.122922693688823e-07
116 6.394253291423424e-07
135 2.2448944889118992e-07
143 1.1252509601391544e-07
149 2.1430551183674226e-05
152 3.886157969618443e-06
169 3.7041932820478527e-06
176 3.2640148277949456e-06
183 3.366607522898503e-06
192 1.4187833035409626e-05
226 1.0749462199668571e-06
246 3.3102873292695164e-07
252 4.260958537577216e-05
269 3.1863220883341977e-06
270 7.173339750115048e-08
300 2.8118977982594394e-05
315 7.836292343705022e-06
362 1.3732006689310102e-08
375 3.698881706768499e-06
379 2.370128305341184e-05
406 8.916292708778565e-06
409 3.6366532169121945e-05
420 2.0360979237124914e-08
431 7.285559043575149e-06
446 8.213185787348766e-05
486 0.00036176253167281516
497 8.845278185353272e-05
502 1.2818734202402464e-05
503 4.055437176207987e-05
512 1.8952649586478053e-05
520 3.2290632464381045e-07
545 3.2169086697431254e-06
548 2.5588395087892567e-05
549 0.00013218624033605158
569 1.8882284066488987e-06
593 8.14737815462299e-06
659 4.4835973814230026e-05
665 1.474001369407249e-05
666 6.178110725410876e-06
693 3.2097197837427948e-06
715 2.1144280182780328e-07
168 4.4089840414686545e-06
1 0.0001304350664871226
91 3.4344753074002575e-07
413 6.958712530723704e-05
10 0.0001724485127791428
21 7.1709621899874765e-06
45 9.56195046371058e-08
60 9.543083803391842e-07
65 3.607404709886923e-06
70 7.320593693934719e-07
82 4.783294544495599e-07
86 2.2859234885634026e-07
100 4.47032011564901e-09
101 2.305982647925653e-08
114 3.188236056579317e-06
131 1.320189074510038e-06
139 4.778139025964245e-07
164 1.735557449923821e-06
181 1.0828621295225304e-07
182 6.10358181978167e-08
185 1.9475990992526848e-07
189 2.062383834456488e-07
191 5.719532553396061e-06
209 2.1919757936343998e-08
245 3.275344103927477e-05
253 3.5184524624343587e-07
289 2.2773508139779827e-05
294 4.42044618732554e-08
307 1.660218932701847e-07
308 9.095004626580044e-05
352 1.9165133543299303e-05
364 2.2390103848281114e-05
433 7.356779616475076e-07
445 1.1353199181481581e-06
454 1.513571849918298e-07
455 5.208354714327338e-05
474 1.4883801295022127e-07
476 1.056773975591324e-07
477 1.4948826011285198e-07
479 4.3320768721850034e-08
499 0.0004642190780915618
504 2.516198560129742e-06
518 1.9031134366094864e-05
534 9.814692709667351e-08
553 1.6747261963111214e-05
568 3.9940133157828316e-07
575 1.777239897747117e-06
595 9.951901372224915e-07
608 2.5009487054110617e-06
609 1.3121745015176548e-05
616 1.8879926369781086e-07
641 1.2335433600143742e-05
642 9.517570460226912e-08
655 7.105875764780537e-05
667 1.3732673463450117e-05
680 3.002771063815922e-06
710 2.5695222208362424e-06
7 6.449879793846164e-08
8 8.163580901091357e-08
14 3.5145716458170694e-08
18 1.329028556782789e-06
29 0.00021223838996940224
54 1.6820489605290932e-09
61 6.83189640804598e-08
63 1.3873249986075197e-08
66 1.385004581762469e-10
67 3.040754583836685e-08
83 2.3738485380242648e-09
87 0.00018647194994984013
90 1.0502889940445208e-07
92 2.9863547500996013e-07
95 1.9446327414146641e-07
98 2.3158309458270963e-07
99 2.8186439588836883e-08
102 2.3082979188406331e-07
103 4.373819214591004e-08
104 3.8446564667137926e-08
105 5.586492034432791e-06
106 2.3738769198383505e-06
108 1.1477488734856787e-08
110 1.116113562125816e-06
113 4.990777080877272e-06
117 1.6660711773400134e-06
133 3.657932918529241e-09
134 2.5452862710842143e-09
148 1.0794068657814244e-07
154 1.1281685071520857e-06
159 3.6540528760322385e-06
166 6.344270464166187e-07
172 1.1290281300969237e-05
194 8.772652928445897e-10
202 1.4620870310736572e-05
203 3.427475454220143e-07
207 1.7769002677285476e-07
208 1.7351334589844828e-07
211 7.148589616549312e-06
212 4.232947320444999e-08
213 1.4419109381549019e-08
216 5.3202524074455715e-08
217 2.541907261723754e-08
220 4.853870071684521e-07
230 4.435769747414475e-06
233 4.5837886345598775e-10
235 9.004624925149663e-10
238 1.4696983306908223e-08
239 1.2920652466999863e-08
242 1.3697538116599422e-08
243 5.8645532737395856e-05
244 4.002145044213716e-07
260 7.294246647038639e-09
265 1.2262041084094048e-07
266 7.805081984845793e-08
267 2.261985532783755e-08
271 4.515023644514342e-08
272 3.2479185289125676e-08
274 2.3497311526078844e-08
278 8.155126745391076e-08
281 2.520777084652584e-07
286 3.2340604444896454e-06
290 2.011342132872772e-08
298 2.3087620178190919e-07
303 3.2689068880512394e-09
304 2.135925098648678e-06
319 4.993316172109171e-08
326 2.289194944081265e-06
328 1.1510293803583113e-05
348 4.4764998655070734e-09
349 3.12424334099037e-08
350 6.341656539537222e-07
357 3.5418796810279277e-06
359 1.2066801893129665e-05
361 1.0122219665822208e-07
363 2.9349853716883777e-05
365 9.315415258995502e-06
368 1.0250636033921508e-10
371 1.9433482558585838e-07
395 7.61924492927928e-09
404 4.4921312166074154e-09
405 9.363047721783725e-05
423 1.7648673093312211e-06
432 5.632292819445768e-06
447 3.6552155611131196e-08
459 1.3161578060399307e-08
484 0.00013123573515382944
492 3.952344710851448e-07
506 5.114399015779583e-06
507 3.403575540425008e-07
508 2.7943578504350303e-05
511 3.624344992803475e-07
513 1.0400692772086605e-06
516 2.9027908856245994e-06
517 4.97712024290659e-09
519 1.6923552940992192e-07
522 4.1663562790639374e-08
525 4.5331981829964067e-07
526 1.906664442547638e-06
527 7.427837058966016e-07
528 7.190612097098484e-06
529 2.2392635269449748e-07
530 1.2604147988889807e-06
536 2.4506664489606394e-07
542 2.6431163952973084e-07
551 7.22260413949005e-07
554 1.4797477561516698e-05
563 3.093439689293933e-08
566 2.3844911805422663e-05
597 1.2494813791226984e-06
598 1.7296706500670581e-07
599 1.3598950750560193e-07
600 2.0056054531101375e-07
601 1.01169612022227e-07
602 2.2875238187648618e-07
603 1.0302421465883651e-05
605 5.1731453431884124e-08
606 5.862310659699237e-07
607 0.00012574871943142209
636 5.223988006484256e-08
681 8.14588139990843e-08
717 2.2714441560623836e-06
719 7.694829629610785e-09
2 6.238490657936827e-08
4 2.8809600704565355e-07
12 1.1321583113455642e-05
13 6.123678372426185e-08
15 2.2781173094636667e-07
16 3.7699787770496623e-07
22 8.364105075549186e-08
23 7.342828748745368e-08
24 1.0458695019655407e-07
26 3.134570903304111e-07
27 1.3419272879867594e-05
28 3.625108008899146e-05
38 5.268650866848142e-05
50 2.2707342714596874e-08
52 4.879881639294008e-07
53 6.834344375649178e-08
55 2.9535006270317305e-07
58 8.158847184448032e-07
62 1.8442224933424212e-07
64 1.3030008691067452e-07
68 2.067676604159596e-07
69 2.0022293810430564e-05
71 2.1183984184892625e-07
72 6.078972806704558e-07
74 6.118934085138813e-07
75 1.645384459243226e-07
76 6.8842318547833895e-09
77 7.252860264198041e-09
78 1.735940488144733e-07
79 7.581549587439141e-08
81 6.671085007097964e-07
84 8.737938631873792e-07
85 3.5189071077773934e-07
89 1.214548227899054e-06
93 7.518560144586899e-08
107 1.000897892650094e-09
109 7.631514056641364e-07
111 3.918940404904454e-08
112 1.0539114282468684e-08
118 2.1969033872764364e-09
119 2.2332051051876434e-07
121 2.3315934639364143e-08
125 5.571671636664544e-06
126 2.7828638944875425e-08
127 2.0268870431929456e-07
132 7.41272989128704e-08
137 3.7438104553601215e-09
138 6.170448987461575e-10
140 9.87966735434259e-09
142 3.176444616013511e-09
144 1.3473308569722227e-08
145 1.1378477006834153e-05
146 1.2466803359637202e-09
150 4.094497900867283e-09
151 5.55275715681749e-07
153 0.00012010312340161515
155 2.684853390645372e-05
156 3.316699647581653e-08
157 1.8771461890594606e-06
158 4.835985120094088e-06
161 4.464287272645192e-05
165 6.371403616800562e-06
173 9.50046368005833e-07
174 7.666706489740622e-07
175 2.896175874244565e-07
177 3.766318355840963e-07
180 2.1832033469461493e-08
188 2.722628871899224e-05
190 7.76691245782179e-07
193 8.245834102523851e-08
195 9.650651408180474e-08
197 1.864822951933193e-07
198 1.133125803561373e-08
199 2.6029722442600213e-06
200 2.0641845965481397e-08
204 6.268818996484685e-09
205 6.743264249790671e-08
210 1.0893876946257823e-08
214 7.57455232303897e-08
215 3.2159723210318946e-09
218 2.5437587459514236e-09
225 4.519549182532735e-05
232 5.015012353521152e-09
240 4.8793572203455055e-09
241 5.5975895162839544e-08
250 2.1874803184141993e-06
254 9.050118208369072e-09
256 1.186770496640376e-06
257 1.969938897334919e-06
259 2.3946703633208875e-07
261 1.4652316940668553e-08
262 1.5199480926817277e-08
263 7.325319331458174e-09
264 1.6879361000516704e-07
268 1.6835267408687709e-09
273 1.0452942614179991e-06
275 8.220016585073793e-09
279 1.2336528064037682e-07
280 7.482610094987192e-08
282 2.0259064242400015e-08
287 8.699829551196917e-09
288 2.454051337403823e-09
291 7.188914556889369e-08
295 3.4536485194005436e-07
301 1.979195601538349e-08
309 1.4693867062667499e-06
310 7.791604610172147e-08
311 1.985765575375716e-05
313 3.3752449414004266e-05
316 4.891635861840222e-07
329 2.738326375142786e-05
337 1.7898177012550807e-08
338 1.7001946729988612e-07
339 8.328779432038298e-10
344 7.852337581840793e-09
345 1.4394982724172928e-08
346 1.4034816556042025e-08
347 3.647902641797998e-09
351 1.0076816514263159e-09
367 8.407839235264573e-08
369 3.0849013760341473e-07
382 7.740962907519228e-07
383 5.533281979621056e-07
384 3.545321499601771e-06
385 3.463867819178745e-08
386 3.020169238467453e-08
387 6.659341740696092e-07
388 4.5200545091050334e-07
389 6.323915541513591e-07
391 4.885790956085149e-06
392 2.0634259572691504e-07
393 3.2351688235663394e-06
394 4.9759818488331205e-09
396 2.2358812109109664e-06
397 3.512230503474802e-09
398 4.709041873257173e-07
399 3.8542646940998314e-07
400 5.22170839479152e-10
401 1.7309752761845235e-06
402 1.6245701676715463e-06
403 1.138514401093482e-06
408 3.7171651551035655e-06
410 1.095551462407313e-06
411 4.883346732785785e-06
415 9.673614977220957e-09
417 1.2353085138230227e-06
418 5.945313949436856e-09
419 3.227687659638754e-07
421 1.2975301029010151e-08
422 1.189610479343432e-09
424 2.3856429904252146e-09
425 3.806433716434302e-09
427 6.040182624268036e-09
428 1.3517813746790463e-08
430 1.7754467838430122e-07
436 3.7690478173515866e-07
437 7.158287221291089e-08
438 1.7680064047390788e-06
439 2.518918855422414e-06
442 5.251865083173456e-08
443 6.227726131313252e-06
448 4.0603809757345174e-08
449 1.876607275210518e-06
451 3.3708394214367816e-06
452 1.289871985705512e-07
453 3.1700264887847583e-07
456 5.63853996995189e-07
457 7.728832821320837e-09
458 2.890159490046768e-07
461 8.977587739969255e-07
462 4.191847270415029e-07
463 2.1541402533243395e-07
465 2.4045046156279282e-08
466 5.195241296431779e-07
470 1.0862837520530419e-07
481 0.00018278929506803456
487 3.433000824854845e-06
491 7.953628294600893e-05
510 4.4095587487488955e-07
514 4.9568562587735235e-06
524 3.191931062055601e-05
531 2.0420043164918692e-08
532 2.1293079151546886e-07
535 2.2558958460495e-06
537 4.7256382193548616e-08
540 1.0907910082262589e-07
541 2.655824511119109e-08
556 7.515512362643723e-06
573 5.1224081681638e-05
584 6.9164690820001525e-06
590 9.724890735679418e-06
596 3.922188936957983e-06
610 1.9163333023970885e-07
611 1.3114349321037168e-06
612 2.581265504421038e-07
614 1.647938082278976e-07
615 1.6910023061855133e-07
617 2.639563533213435e-07
618 1.3312211366193127e-07
619 1.6003517622953653e-07
620 7.347668849047865e-08
621 4.221901728381961e-08
622 1.2469958305685184e-07
623 1.168494925596885e-07
625 1.617684066131593e-07
626 2.1180527418437964e-07
627 3.528577600378016e-07
628 8.557296001772418e-09
629 1.2564295550733499e-08
630 1.1066479627211956e-07
631 7.245574320886007e-08
632 1.788647425018841e-07
633 1.5810080345070674e-08
635 7.9555240033649e-09
637 8.305260825885773e-08
638 1.6777126969793504e-08
639 8.206834283546363e-08
640 1.1530948110781995e-07
643 5.3538111721383145e-08
644 4.608365831133357e-07
645 1.6299444813272159e-07
646 7.120518060181511e-08
647 8.23495381409754e-08
648 3.719573510888282e-07
649 2.8452277195559864e-07
651 9.560040257243524e-08
687 2.0865880961479844e-07
699 1.1673661062699965e-07
705 6.1883723984121865e-06
706 4.156177307892252e-06
709 6.70645478561977e-10
711 4.833793701282696e-07
712 5.107641106673393e-07
713 2.8477289110866204e-08
714 2.1768841099754517e-06
718 8.858219076044776e-10
720 1.955079767459702e-09
