9 3.5954831777203085e-05
20 3.7655084300501025e-06
30 1.6891628386246573e-05
31 7.501798628737757e-07
43 1.8876817618948547e-06
46 4.467601228687938e-05
49 2.7425009195564562e-06
51 4.341466616412892e-06
56 6.714425444449608e-07
88 4.482781452893845e-05
94 2.0439164317660753e-06
96 3.342175524991383e-05
129 3.5675164574166377e-06
130 1.5898704607235506e-06
147 4.998987896539576e-07
170 5.242397997509286e-06
171 3.7143184329431853e-06
178 6.492178367247884e-07
184 4.655918505973729e-06
186 4.859690929147729e-06
222 1.746840187559728e-06
224 1.3994104821623548e-05
227 1.2589839072870153e-06
229 3.4508179156335087e-07
236 5.095637871436377e-07
237 2.2091238790511194e-06
248 1.4395379787744535e-06
293 3.888844062232742e-06
299 5.985109596363542e-07
314 9.163840110031553e-06
318 1.3719674203842789e-05
320 4.4950291138459485e-07
323 1.604389146725509e-06
327 1.877673518076709e-05
331 4.333187620572851e-06
333 7.8039928408019e-08
334 8.985753197363917e-06
335 4.331671512780548e-06
336 1.551980017283697e-06
340 3.3994154320500836e-05
343 1.422698272598567e-05
353 3.5121519715705232e-06
355 8.118973169405094e-06
373 7.96820185602227e-07
378 2.6193682488136784e-06
416 4.3180258907920864e-06
444 3.864495733016917e-05
464 4.484207595457309e-06
467 5.054597641339772e-05
468 1.923028860886268e-05
469 1.6505614152264582e-05
473 5.522929320357033e-06
490 1.1936649990889414e-05
494 1.1001735220709456e-05
495 4.346223067265427e-05
505 8.353783279328297e-05
509 7.838949222486642e-06
521 6.01417147296826e-06
543 2.586662497351243e-05
546 1.9418294118304085e-06
555 6.181970417422106e-06
560 4.286434947624175e-06
571 1.2800838850350853e-06
576 6.200128357581138e-06
578 7.878301849928779e-05
579 1.2793583742959306e-06
580 3.189333669099403e-06
583 1.202105783852191e-05
585 2.966944224124235e-06
586 3.539876440986903e-05
589 1.388516796789901e-05
592 1.1979802983444412e-05
594 8.576049592749687e-06
604 4.282320525481506e-06
634 5.445662949661389e-07
650 6.284993555458617e-06
654 7.351410262355553e-05
656 1.4816641253936288e-06
660 6.46176415530634e-05
671 9.821869228146547e-06
673 5.429792844717804e-06
677 7.3656914655673125e-06
678 3.0497353499477075e-06
685 3.236013961894656e-06
688 4.066166122935958e-07
690 4.92667505022408e-06
695 1.8378245914217434e-06
697 2.464897763077807e-06
700 2.111226530171205e-06
703 2.5999592674363196e-06
704 6.579893482882783e-06
716 5.66451101066199e-07
206 2.4174039547669994e-06
