11 1.6366425161085007e-05
17 7.766106846003577e-06
33 2.424985941117667e-05
37 2.460659638052035e-05
39 3.3367536789724797e-06
41 2.711912900212308e-05
59 3.1548984875904978e-06
73 5.9989722394890615e-05
136 2.922425007060775e-07
179 9.774216825848073e-07
187 3.2650203247421693e-07
196 5.501464599960585e-06
219 1.3769774522780856e-05
223 9.437397972201168e-06
228 6.833284058260683e-06
231 2.427433248634412e-06
255 4.515816776401055e-06
277 1.6890563328445075e-05
296 2.472413024403826e-06
305 4.583211980215829e-06
317 2.075968027311109e-05
324 1.50696253750593e-05
325 1.2740345786684119e-05
330 3.1687758291134647e-06
341 4.331128518161943e-06
354 2.141674054638305e-06
358 1.7081475760366915e-05
360 3.867385663415786e-05
366 5.504272489273426e-06
374 3.7516622924874175e-06
376 6.197378234683221e-05
377 1.465707223301897e-06
380 3.7601190325621417e-06
381 1.5023769717004435e-06
414 1.7871920305158658e-05
441 6.8218202979714976e-06
450 3.2522281908325884e-06
460 2.7759009682218867e-06
471 2.197591522450459e-05
475 1.4461935344576471e-05
478 1.3298108313944565e-05
483 1.9842189553946704e-05
496 6.630781194069806e-06
498 1.4084735353381055e-05
501 9.445829613275652e-05
538 1.958114071021673e-05
550 1.5231133486383226e-05
557 1.048893484684432e-06
558 3.1278436471595564e-06
567 9.274896236338852e-06
572 1.1106208344960022e-07
577 3.42415627134121e-06
581 1.954965907856454e-06
582 2.4645696077581414e-05
613 2.1946628419044513e-05
624 2.5300918417824565e-06
652 2.955003206767524e-07
653 3.7255288294004755e-06
657 1.1407463584715323e-05
661 1.0353215804917451e-05
663 7.156081727741356e-06
664 2.470104637963459e-06
668 1.7815656315424518e-05
670 2.955766671722054e-05
672 0.00011145832057597302
674 5.2140577253536655e-06
676 1.6232022613526357e-05
683 2.6564081100831626e-06
684 2.4935627624641804e-06
686 3.7142797591690734e-06
689 9.599022420491489e-07
691 1.103462629928369e-05
694 7.162335588094432e-07
696 1.1454443559576925e-05
698 2.8769996529223695e-06
707 2.519320706304027e-06
708 6.679211698160842e-07
19 3.7227552742944053e-06
167 2.5040645912863714e-07
284 2.0437977650456983e-06
