1504 1.0899118575624757e-06
744 1.12021505024953e-06
1352 1.0646749046480609e-06
1664 1.055627364349693e-06
1780 1.3825869150952018e-06
1908 1.0809184058381281e-06
428 1.1225650216941754e-06
438 1.026746791812258e-06
512 1.0902349646576757e-06
884 1.2069586719463863e-06
1042 1.09414211705453e-06
1850 1.0767852077938423e-06
230 9.83243517810989e-07
708 1.4246989674290606e-06
1226 9.968300906850057e-07
1234 1.0923510305445375e-06
1898 1.0988834013482631e-06
176 8.799835753729608e-07
344 8.564588133496211e-07
498 9.183073217740119e-07
582 8.737803706522596e-07
678 8.399065722302966e-07
812 1.0574384543814604e-06
1702 9.004295273257878e-07
28 1.0397422690275547e-06
94 8.496516326369823e-07
778 9.887969923557694e-07
860 8.333535869337705e-07
1002 9.078607127221455e-07
1448 7.902993688933449e-07
1498 1.0965420861090235e-06
1580 1.2334262625758607e-06
1828 1.0312364789468689e-06
32 1.055821446770886e-06
226 8.627721740591388e-07
472 8.449318647193183e-07
654 7.527739936263832e-07
742 6.980658296332757e-07
852 1.0662937252118115e-06
1112 1.1575996596725735e-06
1164 7.381590679722852e-07
1228 8.302552997623702e-07
1272 9.089886552074378e-07
1422 9.231245805595155e-07
1600 1.1687199182557112e-06
1746 6.242637437938077e-07
58 6.507920266623869e-07
180 5.469114030636755e-07
208 1.105088558166191e-06
236 6.849182297441259e-07
302 7.543381935222494e-07
412 5.976436575707946e-07
414 1.0938390922544406e-06
532 5.901057164205793e-07
898 1.2719252906842452e-06
952 7.208289709613563e-07
1090 1.029755226392998e-06
1334 1.1025132619328085e-06
1396 1.0448987643616266e-06
1484 7.059647519166156e-07
1568 7.193784432106808e-07
1596 5.393665871754393e-07
1736 5.515269780860785e-07
1748 1.0983694293982517e-06
1954 1.239971279078447e-06
1996 1.2447991730737802e-06
256 6.062046305085378e-07
416 5.112129465906721e-07
548 1.0308204333468096e-06
588 6.836864576277747e-07
634 1.3802787741936576e-06
758 1.115820919484908e-06
760 9.024218399818238e-07
824 5.995037683987251e-07
832 4.830032046331162e-07
850 5.587488526270086e-07
922 1.0758811940189538e-06
940 1.2231436682536199e-06
1136 7.935832316371681e-07
1182 1.1685107014564344e-06
1262 1.1591508217258575e-06
1278 5.446450461350275e-07
1300 1.1258970770773692e-06
1904 9.147443185962966e-07
1968 1.3570681780321443e-06
46 1.1281901773088135e-06
150 1.4673482627571099e-06
154 4.0405531351635295e-07
252 1.2486343660740209e-06
442 5.521580330654618e-07
564 1.6980831253155312e-06
862 5.618591328145023e-07
998 1.4977179994067791e-06
1068 4.5745409769152325e-07
1178 4.623391620545588e-07
1384 5.255416169455183e-07
1452 1.5114596338881395e-06
1490 8.28311268312917e-07
1492 7.369403129345965e-07
1516 4.561130369620214e-07
1544 7.123023468394463e-07
1670 4.7500633291437784e-07
1682 4.674887341670625e-07
1768 5.474256068657622e-07
1778 7.150304220729257e-07
48 6.244288114406074e-07
80 4.1528326308520233e-07
370 4.790151479697097e-07
404 1.980090052651066e-06
476 4.4900856659229166e-07
494 1.4217239910703037e-06
526 6.89043373749501e-07
528 5.896636509099118e-07
576 8.133337571507155e-07
670 4.777002072805573e-07
776 1.2371980666629178e-06
878 1.4662827427416857e-06
1158 3.529670565656312e-07
1244 1.643219568478113e-06
1322 5.284892967997936e-07
1542 7.490305372559283e-07
1606 4.535566253408669e-07
1842 7.77502882601913e-07
1942 7.259844419658352e-07
42 1.804631621588356e-06
90 1.3919775909400719e-06
132 9.706492216351858e-07
316 2.780914427690958e-07
468 3.343849473260102e-07
560 5.895721322329344e-07
730 2.9655623920144256e-07
746 8.300513880068954e-07
786 1.5316038383497518e-06
792 3.942938851762597e-07
806 9.903174906103692e-07
818 5.865286502971885e-07
838 6.198594907602756e-07
976 3.206567152375045e-07
1004 2.254874645902554e-06
1016 4.961584779647364e-07
1034 6.915907580074122e-07
1072 4.28920540097898e-07
1114 3.7245287721548135e-07
1186 7.683641746562401e-07
1350 1.2846953841503974e-06
1388 5.436334516782258e-07
1446 1.8854663588129925e-06
1474 2.856500982151014e-07
1538 3.1614494028746895e-07
1540 9.109228766999051e-07
1562 3.9094354995262184e-07
1680 3.221859073629243e-07
1788 3.5941634052404614e-07
1874 8.479454673531574e-07
1940 3.7800815144897436e-07
16 4.3366064481042004e-07
20 1.494689284810078e-06
54 6.340132903967177e-07
126 4.876485854137783e-07
142 2.4999376822890466e-07
192 3.768410657088377e-07
306 2.105928700475855e-06
322 1.3460296311211184e-06
362 3.1544346289929296e-07
496 3.439099314090897e-07
530 1.5430731661764261e-06
546 1.5573661878182819e-06
552 1.9050056067129643e-06
562 5.659175980403984e-07
632 2.8714274515591136e-07
648 3.118502628255293e-07
676 3.0282473178600207e-07
692 4.971043175067882e-07
714 2.7401610700807003e-07
724 1.3549428936477365e-06
932 5.070286536708613e-07
1102 3.5648772660734236e-07
1108 1.8897433281035497e-06
1110 3.764096800533685e-07
1216 2.4327792074059465e-07
1336 1.6142770769508855e-06
1402 2.5431427189377523e-06
1488 1.27618148805423e-06
1610 6.535941229687918e-07
1668 1.1647936397330017e-06
1712 3.127963411721162e-07
1764 1.7907295098373245e-06
1776 3.69305911906873e-07
1782 2.878609619621681e-07
1804 5.305561608709155e-07
1830 1.0750026012530764e-06
1896 2.3647131477746581e-07
1918 1.8951956644258596e-06
1922 1.5509341060546096e-06
4 7.042582531161665e-07
44 2.535773201666014e-06
120 2.0097692178065107e-07
184 2.8887477787186857e-06
298 1.1310962660836164e-06
314 2.3938190331341303e-07
330 6.995236808265294e-07
394 2.5437895495447754e-07
482 2.441139270974868e-07
488 2.452178724973734e-07
522 1.103138442328328e-06
538 1.7072951257778225e-06
586 2.2218437897175142e-07
624 1.4921923481545709e-06
828 3.791183534564996e-06
930 2.3528957308182155e-07
948 1.4823777725308517e-06
960 2.0597183510359884e-06
1084 2.088678018339999e-07
1106 1.1554710418535247e-06
1190 2.4647761801140695e-07
1222 3.3486029917018214e-06
1242 2.723234385821124e-07
1248 4.422086524891835e-07
1266 8.244591094810663e-07
1280 3.713851097144484e-06
1370 5.870976588044375e-07
1480 3.594057378830887e-07
1508 5.52429360279991e-07
1534 9.064889802795557e-07
1636 1.7836734904306868e-06
1642 3.089194851696742e-06
1686 2.1644866747295031e-07
1802 1.819420149971084e-06
1858 1.3885623771272298e-06
1870 3.419044767093666e-06
1948 2.1008118586840038e-07
1952 2.3744050681265807e-07
76 2.0954503070375692e-06
78 3.26345528841655e-07
134 2.629879321236305e-07
186 2.6576929543039887e-06
214 1.621347699599088e-06
290 6.46908789893188e-07
292 2.121735262035115e-07
424 1.846660209997836e-07
434 1.8390241996391128e-07
458 4.940291194710823e-07
516 6.593680690107981e-07
558 2.0310207195641384e-07
574 3.564600157396563e-06
662 1.3886269065918754e-06
694 2.9863918002407164e-07
728 1.624430342801747e-07
752 1.0624682650590568e-06
814 4.952170007731421e-07
868 2.624574566565641e-06
876 2.6172117793875893e-06
906 1.7759274915199647e-07
962 7.48285760606487e-07
1028 1.1952441605142184e-06
1082 7.458351738281218e-07
1126 1.8655912423225969e-07
1144 4.6229513234243517e-07
1200 1.9045818830255844e-06
1292 2.143635919057323e-06
1356 2.1683318261952322e-07
1392 2.765008463028174e-07
1398 2.33119055052408e-06
1428 9.530447981018228e-07
1430 2.904765862225366e-06
1464 1.5642259626476267e-06
1556 2.3866189249664483e-07
1604 3.6226609274514773e-06
1626 7.788913598757029e-07
1676 1.9271537228385788e-07
1700 1.6776579412207824e-07
1752 1.7375111307008522e-07
1910 3.587984014601887e-06
1998 2.2844125389990797e-06
72 2.75531977970996e-06
86 1.6934697613922536e-07
104 1.6027958502831192e-07
202 2.9524903822008507e-06
232 9.066961448360291e-07
246 1.0204240230228295e-06
248 5.563276886513038e-07
280 3.842063922294178e-06
378 1.583221030229771e-07
418 1.9341780848019297e-07
444 3.311529276033135e-07
486 2.4173749187523497e-06
554 1.66383378012527e-07
642 3.371185696073436e-06
646 1.5423660218262797e-07
798 1.8338379567896458e-07
888 1.8875108457194974e-07
900 2.663074834646318e-07
1062 1.7617957824689998e-07
1066 1.8848829984652792e-07
1214 2.659482221946063e-07
1294 4.4883076704507915e-07
1320 2.6924764015283706e-06
1346 1.6816506949062706e-07
1354 4.921646889367251e-07
1374 1.7852420482804832e-06
1412 2.9419771132741666e-06
1414 2.7479896901670457e-07
1472 4.0253716189464666e-07
1524 1.6390165685992053e-07
1530 3.171469961541176e-07
1572 2.4510952526385005e-07
1612 3.433450400226796e-07
1616 3.880266156211347e-06
1628 2.9832291825888347e-06
1648 1.3792744828157442e-07
1698 9.663492105719615e-07
1706 4.232521805719951e-06
1800 8.94897293229751e-07
1810 6.413745283718959e-07
1884 3.072956873060699e-07
1924 1.832794161817794e-07
1964 3.3882624660841216e-06
38 2.679817287366899e-07
70 6.66688985507919e-07
74 2.8787859380466683e-07
234 1.1508358634904429e-07
240 1.3830631868177044e-06
264 2.0242556287256547e-07
296 1.591308971350406e-07
310 2.8503637925120126e-06
366 2.752599248615077e-06
580 3.0438982434365556e-06
702 4.912445091020431e-06
794 6.497546397862095e-07
802 3.854369201602236e-06
886 1.1595293648242434e-06
954 4.93256734430639e-06
968 1.6248393606670852e-07
972 1.543517296109041e-07
978 2.9409601605364706e-07
984 5.136629200984979e-07
1018 3.2381521747974414e-06
1116 2.0925551200412644e-06
1134 1.4131254180303513e-06
1188 3.2495689696398696e-06
1192 7.27386379020966e-07
1286 1.3976105207658772e-07
1368 1.5521774539760346e-06
1382 1.4996628077792956e-07
1440 2.6626022312772033e-06
1450 5.018767179836695e-06
1456 4.39831553510425e-07
1460 1.4531369150829935e-07
1470 4.426357507117947e-07
1520 1.309052047765842e-07
1560 4.503291872720386e-07
1564 1.3899652561270862e-07
1582 2.3055788644516036e-06
1644 1.6237835278351845e-07
1714 2.2097620884678905e-06
1718 3.729991389517713e-06
1722 3.0093239537175957e-07
1766 1.0385757884807276e-06
1790 6.820779237886732e-07
1972 5.613010200445565e-07
204 6.358129566228264e-07
254 1.056942544407559e-07
300 1.9796168304658154e-07
324 1.2103109030140095e-07
364 1.7320845385442617e-07
368 1.0921691160402434e-07
400 1.8974939454030388e-06
446 1.079721329974149e-07
514 3.811419023945862e-06
608 1.294453394555342e-06
616 1.2156660969398187e-06
628 3.2519904418806135e-06
636 9.12679173893962e-08
656 1.1396122625380826e-06
690 1.299848791842089e-07
762 1.0687976161373226e-07
764 9.054589688902343e-08
772 9.608342786335652e-08
848 1.133402984627495e-07
924 2.9941214464300085e-06
966 3.1808913226281804e-06
1022 4.339912220322853e-06
1038 2.0689220622329157e-07
1094 1.6467543440001483e-06
1128 1.29491848867809e-07
1184 1.178597645687938e-07
1284 4.969357032670972e-07
1314 1.8261649278266144e-07
1400 1.1105967206053103e-07
1410 1.2276712794644943e-07
1468 1.1445884828587821e-07
1630 1.5404614961680583e-06
1652 2.6936067073066533e-06
1750 3.311007108557551e-07
1834 2.0169618174594703e-06
1836 1.0128355201393072e-06
1926 3.9107275866796e-06
0 8.082298672356827e-08
10 8.674064625135242e-08
96 3.6693818288698517e-06
148 3.1347760179744616e-06
198 5.471222924397302e-07
212 9.26628996900312e-08
224 7.154366891458911e-08
318 2.2520336880267033e-07
342 9.317214635370397e-08
352 1.4628937337606562e-06
464 5.615360958245688e-07
520 8.375424258734584e-08
536 2.1990012489702941e-07
556 2.0445386912763004e-06
570 9.079432226777797e-08
590 5.622424336632957e-08
658 8.579909766045081e-08
672 1.1626709699837232e-07
680 8.573869950160869e-07
682 8.219967365947808e-08
710 3.8306991925316483e-07
732 8.673527634421106e-07
750 7.62186040125524e-08
768 7.277620536742929e-08
780 8.726041837609095e-08
810 8.490034725348084e-08
822 2.6718774591249143e-06
872 7.313555136268473e-07
892 1.6398740852252554e-06
944 5.894486288446363e-07
958 7.127429444311242e-08
982 1.2641873672486153e-06
1046 8.644213309548641e-08
1246 9.82433716296773e-07
1316 1.3388989629516378e-07
1332 3.6764350735311906e-06
1376 3.8026790097530563e-06
1378 3.183184837619433e-06
1390 2.787507752395337e-07
1426 2.918817483356187e-07
1476 8.723596869327601e-08
1482 4.6574123652403215e-07
1536 3.0044186338117604e-07
1554 2.2662323074612304e-07
1634 8.111274201428522e-08
1812 5.212505142875761e-07
1822 3.119971579424166e-07
1824 9.444895124073229e-08
1840 1.244240746893568e-07
1846 9.396059579353127e-07
1852 7.018958517404055e-08
1958 2.6416949876924064e-07
146 3.9999545333542215e-06
14 4.3481390528020966e-08
26 9.349248555801379e-07
114 2.1377273485847354e-07
124 7.147026450366934e-08
130 6.602228605845826e-08
170 4.7123487437030015e-08
228 1.1041772287258335e-07
250 9.434974972655707e-08
268 9.805725242179925e-08
286 3.0311287153812305e-07
288 1.863696228129159e-06
312 4.983529926189819e-07
334 1.260973626371894e-06
454 6.324779872405825e-08
578 1.5914143509556257e-07
698 5.029893283746786e-08
726 6.28680527844651e-08
748 7.65873455587318e-08
766 1.0714772007568793e-06
804 5.121196780136577e-08
830 5.312250087983274e-08
844 2.5692111235398824e-06
882 4.489277988375592e-08
950 4.472608631727316e-08
992 2.1856826379244893e-07
1024 4.788573818253111e-08
1036 1.3255317824719991e-07
1040 9.458718557862309e-08
1054 6.206018460586425e-08
1120 5.046079161928802e-08
1122 4.347923929847879e-08
1140 7.531874350230681e-08
1152 1.9322323797333536e-06
1254 1.3304344815846497e-06
1344 5.519412005587731e-07
1432 5.369324384413347e-08
1434 6.614059626495315e-08
1500 6.739759002020944e-08
1574 2.505209405832072e-07
1584 6.26981158343994e-08
1598 3.499027066951387e-07
1632 6.261915168339074e-08
1716 4.571965746122449e-08
1726 1.1191240466706277e-07
1826 5.0840173600792584e-08
1920 1.1919052626767396e-07
1970 3.5051469685487395e-07
1976 3.2079943720108444e-07
1990 6.660721737634811e-08
1848 3.089218109166513e-06
1888 3.840877144163331e-06
1328 4.673274576245618e-06
1380 3.909792494563748e-06
1754 3.5656704357988423e-06
8 1.033467544455615e-06
64 1.326292510653722e-06
68 2.9185726772051873e-08
92 7.663513339244726e-07
116 3.145027673768744e-08
144 3.9720869176691566e-08
162 3.909185690013032e-08
172 2.2893330538228186e-06
194 2.4690791739901683e-06
274 2.0432412633247806e-08
308 3.224184083187366e-08
340 2.672122420369577e-06
492 3.8754642242060156e-08
524 2.5709201512651342e-08
666 2.364604923040917e-06
790 6.613929500202747e-07
800 3.233961984034105e-08
808 6.911660753356902e-07
864 2.7442140716813934e-06
894 3.64958475179482e-08
974 3.787526232384345e-08
996 2.7410568704269757e-08
1006 3.540632535039133e-08
1044 1.3028570306236018e-06
1048 3.666636925115397e-08
1070 1.2415383161288385e-06
1080 2.0129223756608715e-08
1100 1.1147874124652923e-07
1130 3.6498291392563875e-08
1138 1.650173206980816e-06
1154 3.927233479564337e-08
1170 3.078170069362711e-08
1174 2.453048557431413e-07
1176 3.315404739287353e-08
1204 2.6596218519506015e-08
1208 4.626507857298129e-08
1250 2.4212258289181904e-08
1288 3.374917236622953e-08
1312 4.326490568002705e-08
1324 1.6611479954568343e-06
1342 1.1388410652811345e-07
1364 2.691063276486022e-08
1494 1.1322213768730895e-07
1502 6.225351531831384e-08
1510 3.264563912974337e-08
1558 2.1934644487591174e-08
1566 4.101249518839776e-08
1570 2.6912127294464897e-08
1624 7.07549954608507e-08
1658 6.651470640022394e-08
1666 5.559726312515634e-08
1694 3.499411254635877e-08
1696 1.29727237071183e-06
1738 3.654046945363703e-08
1744 4.265351996844307e-08
1796 2.7647972645674156e-07
1838 3.7906112529763494e-08
1854 3.2557217788480655e-08
1864 1.2945062387410071e-06
1866 2.607299020607698e-07
1900 3.292618059663313e-08
1934 2.8023590147491043e-08
1966 2.6162172606820797e-08
406 2.987201328642159e-06
2 2.341865878869683e-08
30 2.419692229894233e-08
98 1.3425061252660416e-08
140 2.7982262775758684e-08
164 1.4569753959545412e-08
178 1.749600097856435e-08
350 2.1497069473884867e-08
408 1.963287134044788e-08
410 1.986386523527713e-06
432 1.6351608271472244e-08
448 1.1475986032321714e-07
452 2.3629824094336072e-08
470 2.6297126003583427e-08
484 2.468750789969461e-08
540 2.7750290713359392e-08
572 2.0924488511805116e-08
612 2.960324056706725e-08
660 2.699795794350032e-07
686 2.437920234976881e-08
704 2.5102164437664443e-08
706 1.2127933874308502e-06
736 3.102947566937698e-08
910 1.871514683911794e-08
914 5.888545436314228e-07
946 2.7987169278697112e-08
956 2.8542907898132645e-08
988 1.628247379583501e-08
1026 1.0389680523180165e-06
1060 2.287927357720976e-08
1086 1.8300595109561385e-08
1088 6.289804048258691e-08
1098 2.6719665874946143e-08
1160 3.546311721720002e-08
1162 3.6084636807129316e-08
1172 5.444223570485814e-08
1302 1.6066148948392547e-08
1306 1.748353701205877e-07
1330 3.4207236461159484e-08
1338 4.1611672634473053e-07
1358 2.079662760753054e-08
1404 2.1517677867810994e-08
1438 1.3174381180959224e-08
1442 1.2178837247903668e-08
1454 2.5640733777172054e-08
1526 2.3770062976505418e-08
1602 2.0332658877860752e-08
1618 1.3798185839964044e-08
1660 2.2386806963403477e-08
1672 1.566215324030111e-08
1678 6.817957842040295e-07
1732 1.7657793010537863e-08
1758 3.618814494922472e-08
1794 1.3521800361328795e-08
1890 2.4417465040509237e-07
1932 5.481252691461513e-07
1944 2.5418676532778208e-08
1962 2.1399164661265802e-08
1978 1.3532701384476685e-06
1986 1.4089024001958086e-06
700 3.357665621614581e-06
22 1.2279200308763957e-08
108 2.130667395706137e-08
390 3.183591477354365e-08
398 3.7224385008106817e-08
436 1.885517954632202e-08
450 4.4156308077011266e-07
596 1.553033996149815e-08
618 2.2093480963659017e-08
722 3.360472716680444e-08
854 3.3127311797794266e-08
904 1.2632853765814853e-08
918 1.395268502050461e-08
1014 6.248479356363417e-08
1092 1.6354249377795106e-08
1156 7.686988648874727e-07
1298 7.794055627258526e-07
1366 1.3727374167613781e-08
1386 1.553043381786215e-08
1418 4.2254227145599106e-08
1424 1.604052212758648e-08
1590 5.7101827350060796e-08
1638 1.7654344618901088e-08
1688 3.2103456955341667e-08
1692 4.689153601293944e-08
1724 1.3876578859641278e-08
1856 6.853681752884506e-07
816 2.5685831585872924e-06
12 6.97727206079648e-09
50 5.724347608523497e-08
190 7.232270700308905e-09
238 1.6131174196757796e-07
272 6.668920302092242e-07
276 9.456256927954358e-08
278 2.6167271061410473e-08
282 9.887539396076832e-09
396 4.3462394528152666e-08
402 4.704885172584238e-08
774 1.5492507756710318e-07
840 1.2922764249241379e-06
874 5.801853734080398e-09
880 4.215795311470577e-08
936 1.4083379685843659e-08
1064 2.2002657426253126e-08
1180 8.332461402856685e-08
1478 1.4465823755305093e-07
1646 1.860890055908763e-08
1662 1.4026988493014516e-08
1734 1.460619765217008e-08
1000 1.7294159290930402e-06
664 3.745654436950566e-06
82 9.20117355354241e-09
360 5.424836659216477e-09
490 5.411716414130183e-07
620 2.2579358946637031e-07
718 5.938547034385619e-09
740 6.425105512222944e-09
870 2.4648578372554786e-07
1276 6.91897052283222e-09
1372 1.0534475798035403e-08
1614 7.363690325379266e-07
1674 3.7682292268046553e-07
1708 1.1779015580967031e-06
1760 9.422349320862626e-07
1784 5.429641317141838e-07
1868 3.058066831247918e-08
244 1.1617204261585327e-07
294 9.620595059348616e-09
380 5.6336547073843945e-09
426 8.954984358404424e-09
542 7.100540165629141e-07
928 2.482139603244627e-07
934 9.736552887999993e-09
942 2.64765455795867e-07
964 1.1868006673982792e-08
1124 5.02712286091578e-09
1196 1.93813128094355e-08
1268 1.2270635773328284e-07
1798 5.689537540888342e-07
1928 5.7093611646497156e-08
106 4.084839300602311e-08
122 1.566297608351831e-08
266 3.3668106820966906e-07
592 3.3480666360725257e-07
600 1.6009908785831806e-06
638 1.872495917518983e-07
738 2.1665152224146538e-08
784 5.867115948377689e-07
1274 9.272081103819988e-08
1318 3.5233008129696497e-09
1394 3.8001597929644126e-09
1466 1.4385381273568236e-08
1720 1.9179147693285086e-06
1816 3.1027798479152066e-08
1906 7.819818445128665e-07
84 1.2922407937971403e-08
110 1.6533779182431781e-06
166 6.308955323179062e-09
242 7.006163027219505e-09
258 2.3188398045086735e-07
430 6.229435594897925e-09
696 7.171628154034826e-09
842 3.585618528155536e-08
1198 1.380125271149556e-07
1704 1.5702002008946624e-06
1772 6.79667177613058e-07
1974 3.9639678920079374e-08
158 1.1704163211548561e-06
382 2.4574125008332712e-08
500 1.483938307844069e-07
1052 1.387228553770162e-06
1310 3.1512277109733856e-08
1876 7.822064757939481e-08
18 8.46744479864417e-07
594 6.553325586275712e-09
598 3.231552195197087e-08
640 3.628998106496121e-08
1096 1.3821135636743331e-06
1104 2.3180832680661632e-07
1912 4.2141460146075726e-07
1930 1.5463995636955552e-06
508 2.0050298403849563e-06
188 3.1947791125521774e-07
1218 7.193169362993007e-07
1270 7.548521424563132e-09
1550 2.1742550061868098e-07
1982 1.4966170023734565e-07
1256 2.277404417647761e-06
270 6.913784925721257e-07
376 1.017702461052671e-07
1230 2.111108264614974e-08
1578 1.648241285768925e-07
1770 8.774261201105909e-07
112 1.4628639340640934e-08
152 4.45452568778197e-07
168 1.4763622078425498e-07
260 4.4366706038568125e-08
262 4.834912577658579e-07
510 3.7585097075645214e-07
796 4.602007147790098e-07
912 1.2227165736953363e-08
1118 3.347889362935955e-08
1360 1.7515583393422775e-08
1486 5.837824615034658e-07
1620 6.583068117064146e-07
1792 1.0410209738246065e-06
34 2.5897503814191867e-08
66 2.7727497860199148e-08
174 2.217874185214325e-07
606 1.1779831760830535e-07
652 4.68138863787766e-08
712 1.5213289996406856e-07
834 3.240177806823876e-07
856 2.54219107610118e-07
970 1.419764563216402e-07
980 2.8557185919370525e-08
990 5.275284469575551e-08
1258 5.244855592207548e-07
1296 3.2024894301076296e-08
1532 1.1218805792016735e-07
1546 4.602753026530725e-08
1592 4.4285628118275165e-08
1960 2.1158242867710788e-07
1984 9.571391513891045e-08
56 8.08988732995858e-07
60 8.95592989225021e-08
138 5.042026598805527e-07
156 1.925991320859042e-07
182 4.346536497272748e-07
206 9.4611120714368e-08
216 1.3753235191907637e-07
218 1.109564139170479e-06
220 6.275729242985321e-07
304 1.1484334442069402e-06
346 5.639320575201835e-07
354 1.9226621750154669e-07
372 4.5368217912196e-07
420 3.522843014880655e-07
440 2.4070061828552363e-07
466 8.556456393598401e-07
502 4.891872486287998e-07
506 7.647517682925493e-07
534 6.290817067171654e-07
614 9.835059150069335e-08
668 1.8274160263439154e-07
716 3.035693835024988e-07
720 8.692235378034526e-07
734 1.1824605841484235e-07
754 4.2889820641280573e-07
756 3.199723534278762e-07
820 2.44415720924244e-07
858 1.6573660320266665e-06
926 2.2752769924584553e-07
994 2.7977342065131877e-07
1012 2.1307941164572284e-07
1058 1.4489209397672123e-07
1078 8.585672504217469e-07
1146 2.5217256948346075e-07
1166 5.000271906250634e-07
1206 8.624793949027984e-07
1236 1.1033644804483885e-06
1252 6.808697446558707e-07
1308 5.112950627062771e-07
1340 3.163734682384239e-07
1552 1.1383616977230869e-06
1594 5.84991723988939e-07
1710 2.430163829778627e-07
1728 4.3738531293663253e-07
1814 5.9508192381295575e-08
1894 1.1964486477523906e-07
1902 5.278858224588103e-07
1946 1.462081151249916e-06
1956 3.73348179155419e-07
1992 3.6122955917369724e-07
6 1.7474149683356644e-06
24 1.0772707428892129e-06
36 2.231450439455927e-06
40 1.0276942852521522e-06
52 1.6023308162024933e-06
62 1.3852064668917807e-06
88 8.645824953874568e-07
100 5.087505943706792e-07
102 2.2088365048061613e-06
118 3.2790295639876807e-06
128 6.356367266459087e-07
136 2.0190422139583324e-06
160 2.1200620229232955e-06
196 1.5449411849764913e-06
200 2.3358182804246832e-06
210 8.538711938754135e-07
222 2.0000650720932842e-06
284 1.2258947225269855e-06
320 2.5497243938385383e-06
326 1.4830060086212612e-06
328 2.105602869593927e-06
332 1.085719876453902e-06
336 1.9771582161060264e-06
338 3.2348117949912e-06
348 2.3927711851503324e-06
356 1.064320731835585e-06
358 2.704907978669758e-07
374 5.572872766883804e-07
384 1.2947022795514294e-06
386 5.983583426438942e-07
388 2.809408604344326e-06
392 7.512950314443403e-07
422 5.965785484230274e-07
456 1.285475607681194e-06
460 2.4665262527630576e-06
462 1.9864889624471363e-06
474 2.649272031925983e-06
478 1.8300821462328069e-06
480 2.6219785554156144e-06
504 9.475037198020347e-07
518 2.6679422957429077e-06
544 2.726948206179684e-06
550 5.452563627139195e-07
566 2.530756187365164e-06
568 8.450453100621552e-07
584 5.185753665277963e-07
602 2.248297789084768e-06
604 4.272478811008521e-07
610 3.961673076749084e-06
622 3.0682113304312697e-06
626 2.734764537564639e-06
630 6.422503907177268e-07
644 2.9805133774997768e-06
650 1.309655838807178e-06
674 2.2661844157187637e-06
684 4.968432587500221e-07
688 2.0190147463787944e-06
770 6.591294920885053e-07
782 1.3024901199662692e-06
788 1.6366650242694637e-06
826 5.419714631787159e-07
836 1.5603866809812655e-06
846 2.240307006359832e-06
866 6.257616973718219e-07
890 1.5642420965847007e-06
896 6.254454704806792e-07
902 9.235274935983326e-07
908 2.8469872745656675e-06
916 1.6363479334781014e-06
920 1.511724726487625e-06
938 1.075397722125387e-06
986 2.610250597128473e-06
1008 1.5217173409425397e-06
1010 1.9416260831948346e-06
1020 6.153555121016979e-07
1030 2.5619981032853012e-06
1032 1.7782954641111323e-06
1050 2.0163268955146986e-06
1056 1.941411921322569e-06
1074 2.1302645815379666e-06
1076 6.92906718161416e-07
1132 1.9884201800642058e-06
1142 7.918965619560203e-07
1148 9.520382425460713e-07
1150 2.945885813271721e-06
1168 2.181002678436203e-06
1194 2.204234118482653e-06
1202 2.7907443751544917e-07
1210 1.1524155497675147e-06
1212 1.1365412894466741e-06
1220 2.2651762019976133e-06
1224 2.0824775108660703e-06
1232 1.2251798058714064e-06
1238 1.361672602238746e-06
1240 2.6699814912093676e-06
1260 2.133419117028327e-06
1264 9.87853199718979e-07
1282 1.4235767543244816e-06
1290 2.38004883122246e-06
1304 4.687136187741135e-07
1326 1.3436561425877374e-06
1348 7.293940867714068e-07
1362 2.430091133501171e-06
1406 6.454258951993133e-07
1408 8.769310426677436e-07
1416 4.358534257505349e-07
1420 4.711351223421836e-07
1436 2.7756107630271647e-06
1444 3.3262639987710833e-07
1458 1.3516431565447997e-06
1462 1.5814172923244855e-06
1496 3.6891811560015576e-07
1506 2.1709870906091916e-06
1512 2.203426555978275e-06
1514 3.417650401388163e-06
1518 1.2028699303538333e-06
1522 1.3883151753018637e-06
1528 1.5225518213118774e-06
1548 1.3442584406108092e-06
1576 3.2021789927415533e-06
1586 2.455689222876717e-06
1588 2.447961631460854e-06
1608 2.4731327731491264e-06
1622 2.596149637945517e-06
1640 9.598184492913904e-07
1650 8.259663481183391e-07
1654 4.367416202226789e-07
1656 6.511397155006142e-07
1684 3.567615496388892e-06
1690 1.7283677615948989e-06
1730 1.320882832336837e-06
1740 2.1363748642536947e-06
1742 2.3823247976172567e-06
1756 1.2801464463789024e-06
1762 8.582663223748998e-07
1774 8.767792997934143e-07
1786 1.477880724783593e-06
1806 2.390403747031141e-06
1808 1.7891572277557024e-06
1818 1.609081491632586e-06
1820 1.2546399662903933e-06
1832 3.743800191242633e-07
1844 1.2859884610888606e-06
1860 9.302392758810629e-07
1862 1.008655861982586e-06
1872 2.34187960502503e-06
1878 4.6479957782502463e-07
1880 1.6306466234002048e-06
1882 2.3169823132742812e-06
1886 7.232820587829553e-07
1892 2.0568035059924527e-06
1914 5.573355023233801e-07
1916 2.54269542567868e-06
1936 2.299593040329817e-06
1938 1.7364177040035392e-06
1950 4.3966789129195843e-07
1980 2.474405413462484e-06
1988 2.4487204726355116e-06
1994 3.142230283027806e-06
