5 4.518318074429807e-07
7 7.178644019753871e-07
9 1.0755217885992708e-08
11 6.494375445051845e-07
13 1.1250619806982543e-06
15 1.086644332963417e-06
17 4.277632953076708e-08
19 2.983677359786979e-08
21 6.694242178082203e-08
23 9.255429727824527e-08
25 5.2092837427549336e-08
27 1.9415925147136387e-06
29 7.927066573270371e-08
31 1.7856582662817455e-07
33 1.6010225205371557e-07
37 1.593303573065562e-07
39 6.250680737240353e-08
41 1.8599556210187807e-07
45 8.709787040488553e-07
47 1.596006347791658e-06
49 2.2403156187134356e-07
51 1.7437967531133005e-07
53 1.7596560477364602e-06
55 4.5187400548423974e-07
57 4.125463155803733e-08
59 2.461651078811917e-06
61 1.6199706809112473e-07
63 3.857226394784256e-08
65 1.4826730516513093e-07
67 3.262194417880033e-06
69 4.506364198475693e-08
71 1.245153803992557e-06
75 2.6228539995920324e-06
77 6.187839568555348e-07
81 8.340141533701587e-08
83 2.2172045733431167e-08
85 8.277525979418782e-08
87 1.4792164398312142e-06
89 9.03086934752073e-07
93 6.282037713786645e-07
95 3.023411349578839e-08
97 2.5905148283360544e-06
99 2.592215225371659e-06
101 9.079818295904577e-07
105 6.322721595202128e-07
107 3.251117534077948e-06
109 1.458335520396393e-06
111 2.5328409694001227e-06
113 2.964120077219378e-06
115 2.0993063467277727e-06
117 1.9334195390489253e-06
119 1.6602911896879863e-07
121 9.519427731170211e-08
123 3.180422249190349e-06
125 8.600859534638589e-07
127 1.146298691096663e-06
129 5.094391918775574e-07
131 4.2431648093989654e-08
137 2.170652406079605e-06
141 9.462980546147176e-07
143 3.3256350119905894e-07
145 2.0254753716134476e-08
147 3.964690442072159e-06
149 9.077016120875099e-07
151 1.4000781003186966e-07
153 1.582475399371303e-07
155 1.303534080327005e-07
159 1.4500573665843165e-07
161 5.709709489530462e-07
165 1.0582304289369992e-08
167 2.4207454719507973e-06
171 1.4709702078640744e-06
173 3.059279903096764e-07
175 4.07859359258608e-07
177 8.228912896551653e-08
179 2.3407774590236332e-08
181 8.578103317740118e-07
183 1.565173801062997e-07
187 2.42277354449139e-06
191 3.5776847011161565e-06
193 2.36542408905236e-08
197 2.4813388856286875e-07
199 2.012310344194281e-06
201 1.988930467933045e-07
203 2.63832706721123e-06
207 1.0078850059241455e-08
209 1.325915920958852e-06
211 1.41800635226624e-06
213 2.96491090548125e-07
215 4.116331306198696e-07
217 2.8041841309120622e-06
221 4.403196866012637e-07
223 1.791966232870934e-08
227 1.3679010843423988e-07
229 5.454700575316563e-07
235 1.0935996226876483e-07
237 3.6455638281043586e-07
239 2.683399701937027e-06
241 3.1496049838157794e-08
243 3.438881026477811e-07
245 8.246882609592395e-09
247 6.921992279332481e-07
249 2.758418307488985e-07
251 2.5578106225483925e-06
253 9.991998492519803e-08
257 2.5969040495500025e-06
259 2.7886026555668605e-07
261 4.586599438944552e-08
263 1.673462487417544e-06
265 8.593898607250676e-08
267 8.383071770416439e-07
269 3.6392159515523627e-07
271 2.488483863266757e-07
273 3.276427163258127e-07
275 3.1710107203890295e-08
277 4.772253476949578e-07
279 1.2156816768641232e-06
281 2.0164738238320378e-07
285 2.483075202214848e-06
287 4.722073309396652e-07
289 1.0364755564418251e-07
291 4.0669950384173074e-07
293 1.2577059537006325e-07
295 2.782184702155809e-06
297 1.8878250792127326e-07
299 1.4944305973989446e-06
301 2.123325338985474e-06
305 2.6744034509181816e-07
307 3.500882490615777e-06
309 3.919132948970811e-08
311 1.817802337692628e-08
313 1.0917477941556262e-06
315 3.553321030587305e-08
317 1.7904880444564765e-06
319 2.4498934684220892e-08
321 6.266328027759054e-09
325 1.4469927595717019e-06
327 2.1598297862454472e-07
329 6.811208685833206e-07
331 1.0935247613272928e-08
333 1.6265300045700995e-07
335 4.632131891957684e-07
337 4.7601364043209004e-08
339 3.5361739176107185e-08
341 6.012563991586434e-07
345 2.8800647247677696e-07
347 2.0437608581247725e-06
349 1.3031072255575187e-06
351 3.1981129874175723e-07
353 1.3086707257949026e-06
355 1.6533929772941198e-07
357 2.2168363210198415e-07
359 1.926760782023979e-08
361 1.3042906418729454e-06
363 8.745465948048829e-08
365 8.575597736010592e-08
367 1.7424875821597753e-06
369 2.5988673939644284e-08
371 4.023955049109514e-07
373 4.0133639515591586e-07
375 2.7598536710228804e-08
377 1.1304051365942608e-08
379 6.613050816306674e-07
381 5.5737963918612456e-08
383 3.4409142372498246e-06
387 7.947847819917328e-07
393 6.25262728324321e-08
395 3.25653843525972e-06
397 1.3050791687974627e-06
399 1.3782015261070303e-06
403 6.67067908064203e-08
405 2.4231150707318197e-07
407 3.4379984032554795e-07
409 7.090229515598922e-07
411 1.1871003140834496e-07
413 7.033672274981576e-08
415 5.939608875411847e-07
417 2.4179134011116914e-06
419 2.3669152473574034e-07
421 1.0732239620047607e-08
423 5.0848038219018e-07
425 2.26619849550559e-06
427 1.078834731491783e-06
429 6.554800105513952e-08
431 2.8252567426598846e-08
433 4.0133747557482257e-07
435 6.129814356058606e-07
437 1.406005973350961e-07
441 1.7954210690048142e-06
443 6.52601991158445e-07
445 1.753397463388294e-07
447 8.214220641839062e-07
449 3.136097495570208e-07
451 2.8625273475144266e-07
453 9.85941810453824e-08
455 5.357475288121141e-07
461 2.68269800275524e-07
465 2.323988269031067e-08
467 1.3742075141914688e-08
473 3.3796778510661626e-07
475 1.8144627482769774e-07
479 5.659365594760783e-08
481 1.3280054115915678e-07
483 3.474698815741857e-07
485 2.3220963753140542e-06
487 4.682723212782222e-07
489 3.6179672641658886e-06
491 9.773414538112048e-09
493 1.6356145425690048e-07
495 3.697238837238917e-08
497 4.2568884197094373e-07
499 1.4990430040136202e-06
503 5.723439918850792e-08
505 2.217276743377126e-08
507 1.8886878075661605e-08
511 3.2508375779245273e-06
513 1.668626484881478e-08
517 1.9318730126305264e-08
519 4.6427160090076183e-07
521 1.45623822474914e-06
527 2.729598980890154e-07
529 1.238893449504862e-08
533 2.529859252580587e-08
535 2.497075452591973e-06
537 3.714953282701127e-08
539 3.30333187498241e-06
541 1.3892027463552503e-06
543 1.896967346218506e-07
545 1.1340852645290699e-06
547 1.0003941109267114e-06
549 6.299649275043259e-07
551 1.9113912997496644e-07
553 1.5785580555839876e-08
555 3.239395600051642e-06
557 8.61449988758542e-08
559 2.0558091417228705e-06
561 6.152504519965675e-07
563 5.4117382162742727e-08
565 4.404826757748975e-07
567 4.04889146705343e-08
569 3.8464902557267703e-08
571 1.3756956522410619e-06
573 1.3306629796423174e-08
575 1.8291024535371744e-07
577 3.388455005141265e-07
579 2.1526566448515383e-06
581 2.7817208860167604e-06
583 4.434188070466373e-07
585 3.198233064199191e-07
587 2.3787612417277014e-08
589 2.9672065275223824e-06
591 1.693102253006653e-06
593 8.33722146194613e-08
595 7.722557831420776e-08
597 2.602924976161381e-06
601 4.1373858276210624e-07
603 5.993571974077932e-08
605 3.2099519643806515e-06
607 3.1543457189750615e-09
609 3.1937404326889795e-07
613 2.2154418301662544e-08
615 4.003935899118396e-07
617 4.930771493110507e-07
619 1.3335471487837718e-07
621 1.5621050860181472e-07
623 1.6602233738046156e-07
625 1.7445341876203858e-06
627 2.3278249871735202e-08
629 6.532110218912303e-07
631 2.748611028635748e-08
633 1.0824608273757511e-06
635 7.484202492432546e-08
637 1.871737982994361e-07
641 6.396554183118835e-07
643 3.140790876752031e-07
645 1.6392945160774221e-06
647 1.0044300568188586e-07
649 2.2174012566437384e-07
651 1.0404880943443657e-07
655 2.2635881514613262e-08
657 2.0809349496783004e-07
667 3.3789068167476957e-08
669 2.5171402106388347e-08
671 2.66346532737129e-08
673 9.233633943538265e-07
675 1.3733655789718986e-07
677 7.980214019289218e-09
681 1.6237863730051012e-07
683 2.3864413396673195e-06
685 3.3255529236880594e-08
687 2.289867699207425e-06
691 2.0437627890662014e-06
693 3.912547281262701e-08
695 1.0386851978429145e-07
697 1.4547770122660489e-06
699 1.5593671127505406e-06
701 2.391252779865282e-06
705 4.4750655840814475e-08
707 4.128620095009035e-08
711 2.9342250094651653e-06
713 3.654896912987093e-08
717 2.485179583980255e-08
719 8.861432705573504e-08
721 2.2462283624431065e-08
725 1.099580950105419e-07
727 1.1868304706645767e-07
729 2.2027451492097777e-06
731 2.712617091313342e-07
733 1.837178095135673e-06
737 1.714789493389443e-06
739 1.1847604060781574e-06
745 3.23708787398163e-08
747 4.246323527915572e-06
749 9.338681023429237e-08
751 6.074222845816381e-08
757 7.811777580502668e-07
759 5.255556242038018e-07
763 3.5389556760211116e-08
765 2.115692175195683e-08
767 4.0582472064758525e-08
769 8.183459919445958e-08
771 1.9759479949965386e-07
773 3.090100483809827e-07
775 2.0055527172737524e-07
777 2.746694795093289e-08
779 3.129794051682081e-08
781 2.7705271546667867e-08
783 1.7311102817126886e-07
785 6.748940177204299e-07
787 6.387330942136509e-08
791 2.963110952262021e-06
793 1.3374717831032941e-06
797 1.887415957750544e-07
803 1.0914738560063547e-06
805 7.708955988712597e-08
809 6.117451563750894e-07
811 2.1018572636756295e-07
813 9.073731830109835e-08
815 6.73573860784689e-08
817 2.540579654556914e-06
819 5.899290677111229e-07
821 4.655820089454884e-09
825 1.2514540035584648e-06
827 8.389919939849542e-09
829 1.159431521947561e-06
831 5.1090968254737e-07
833 8.599130296996798e-08
835 7.737985338566206e-08
837 5.907287881802472e-07
839 2.209772217342561e-06
841 3.912563475760873e-09
843 1.0878277694379773e-06
847 1.531320165106591e-06
849 2.4299374535089958e-08
851 1.2219489854875354e-07
853 1.5480224285859907e-07
855 3.529939772640128e-07
857 4.330469122576621e-08
859 2.0083446559357848e-07
865 3.824071418768837e-08
867 3.4000826402165253e-07
869 4.4425271349956684e-08
871 1.8132738467079047e-08
873 1.7709500034637934e-08
875 2.2724267994796883e-06
877 2.477097302875174e-06
879 3.720689921803791e-07
881 8.425691708055986e-08
883 2.4032066872113753e-08
885 7.271197096757108e-08
887 1.4864630962180575e-06
889 2.2934118764780555e-06
891 6.467577900511147e-08
893 1.536581297235877e-06
895 1.0885037212141165e-07
897 5.646535648456057e-08
899 1.3767598836986043e-07
901 1.2078531465898738e-08
903 2.8796892353256034e-06
905 6.798343473294247e-07
909 7.936565862464713e-08
917 2.6526144697128107e-07
919 3.259629999312617e-07
921 8.556849749890013e-08
925 2.5154885787990606e-06
927 5.722275469884804e-07
929 2.116265887952118e-07
931 1.6883656768140237e-06
933 1.147914471230206e-06
935 6.218628537312553e-07
937 1.4106996217675037e-08
943 8.280896182184764e-08
945 8.698522320009377e-08
947 2.9706979547613907e-08
949 2.3049288133812253e-08
953 4.2540842053654554e-07
955 3.3976660321261856e-06
957 4.795335005051462e-07
959 9.980045597561435e-08
961 3.4662177029225927e-07
965 3.248884760211013e-06
967 2.419081962074663e-06
969 1.3615097502191071e-06
971 3.6522329781705136e-06
973 3.149207507087942e-07
975 2.2193686855322636e-08
977 2.541513890415625e-07
979 1.9919562847422583e-06
981 3.189618475047089e-08
983 7.948365042593503e-08
985 1.9183437927191627e-06
987 5.299308518502238e-07
989 2.319904466218239e-08
991 5.5738179417685525e-08
993 1.3856051352276274e-06
995 1.875292383332764e-07
997 6.097519012356239e-07
1001 6.734369032041976e-07
1003 4.254398396041557e-08
1005 1.7822318409118902e-06
1007 2.7021553870938522e-08
1009 1.1504415742546247e-08
1011 2.6559560006359385e-06
1013 5.7922505626257396e-08
1015 6.370420506523223e-08
1017 7.89589617988337e-08
1021 6.960432422359481e-08
1025 1.5579191189267076e-07
1029 1.9505477114845767e-06
1033 2.107734031077698e-06
1035 3.588623104540215e-06
1037 4.3510016633240674e-07
1039 1.921101488689992e-06
1043 2.550681478258711e-06
1045 9.016961519438113e-07
1047 7.858728267864236e-07
1049 6.088323852492013e-07
1051 8.430608673475708e-08
1053 6.011050329740272e-08
1055 2.854496431882609e-08
1057 1.6022389679028536e-06
1059 2.666136198191474e-07
1063 1.1417555802270438e-06
1065 5.2908151981704103e-08
1069 1.54171284413233e-07
1071 2.4649261923325397e-06
1075 1.2834349256952364e-08
1077 3.129647009962908e-08
1079 3.1981178533550332e-06
1081 1.5905189818714893e-06
1083 9.008362390434499e-07
1087 1.8219357928994056e-08
1089 1.143693830322975e-08
1091 2.1698058733798214e-06
1093 1.3317641463082233e-06
1095 2.101584840708921e-06
1097 2.5553781733441495e-06
1101 1.8370166655609007e-06
1103 7.711718403397386e-07
1105 3.548372486931488e-09
1107 6.12567298808569e-07
1109 2.5524924842463687e-07
1111 2.547786935338719e-06
1113 1.843636556635262e-07
1115 2.1563491180391052e-08
1117 8.637707035664371e-07
1119 1.4175603266134537e-06
1121 9.931359022840079e-07
1123 1.992671232446463e-06
1125 7.048702653844801e-07
1129 4.013714033192938e-07
1131 3.431447165738549e-07
1133 7.924496710942209e-07
1135 6.460023752050297e-07
1139 7.164149221409754e-07
1141 4.46413746042344e-07
1143 1.101081713230227e-06
1145 1.2931799194290047e-07
1147 9.645260127828817e-08
1149 1.341292572101545e-06
1151 6.23780192069889e-07
1153 2.1521018668486866e-08
1155 4.273482588804463e-08
1157 1.7741438385188842e-07
1159 1.9337262078299276e-06
1161 2.3818627291778035e-06
1163 9.783656913537656e-09
1165 4.3852910382802693e-07
1167 1.6378618729425173e-06
1171 3.1753718401148704e-06
1173 7.620708406298629e-08
1175 1.317228400165975e-07
1177 1.009634911928197e-08
1179 3.1696163491231686e-08
1183 7.433774272479804e-07
1185 6.423655987903351e-07
1189 3.121636340181307e-08
1191 2.887303753608271e-06
1193 2.9869925853412357e-06
1195 5.895708582545884e-08
1197 1.60937975690553e-07
1199 9.527158243228546e-09
1201 6.281046560793996e-09
1203 1.295706914062678e-06
1205 2.0830369301270473e-07
1207 1.9540355157529115e-06
1209 2.222701585573869e-06
1213 1.4068319009783388e-07
1215 1.1080733197513313e-06
1219 4.666991865002607e-06
1221 3.0122893670755494e-06
1223 6.142255810127599e-08
1227 2.0942876777345973e-08
1229 1.0405002286018908e-06
1231 7.682147977576181e-07
1233 8.134458338915073e-09
1235 9.75049535594006e-07
1237 3.2793260707826045e-08
1239 1.8306870393395126e-06
1241 2.36971632844047e-08
1243 2.987595766855735e-07
1245 2.8215383869913276e-07
1249 1.7427805283242636e-06
1251 3.796597330181317e-07
1255 7.555068141906906e-07
1257 3.285029807219403e-07
1259 9.750573325565555e-07
1261 4.5175181468346455e-07
1263 3.7706227520316057e-06
1265 2.8929705830331162e-08
1267 8.303845341767704e-07
1269 8.346915746124472e-07
1271 1.2323026374707671e-08
1273 2.4752819496404644e-06
1275 2.452062575827668e-07
1277 2.453150411121623e-07
1279 7.04514738439738e-07
1281 1.4757527321112849e-06
1283 5.042619897013838e-07
1285 2.3026582782558638e-07
1287 8.691322771991499e-08
1289 1.662409055146121e-06
1291 1.377436701860859e-07
1293 1.1189993769189324e-07
1295 2.3618060701356665e-06
1297 1.8565058930804334e-06
1303 7.579665739309289e-08
1307 4.483463394486689e-07
1309 1.2962928189864916e-06
1311 1.199561789207981e-06
1313 7.901922387882587e-07
1315 2.014384294983496e-08
1317 3.3960950668736065e-08
1319 2.08282807604186e-07
1323 1.115422875802452e-06
1325 2.4991636289417244e-06
1327 1.605551695739792e-06
1329 1.2112121449075957e-06
1331 5.469823267922918e-09
1333 4.083763795733792e-09
1337 1.501602150961144e-07
1339 4.797290640767783e-07
1341 2.4754007894928525e-07
1343 2.4354765259264504e-06
1345 2.1973501827837247e-06
1347 4.295879763983422e-08
1349 2.6330373954658625e-06
1353 6.129678746266072e-08
1355 1.8091568692481952e-06
1357 4.460821638730462e-07
1359 3.324160357295215e-06
1361 1.4408537474167768e-07
1363 2.1069777502028124e-08
1365 9.243141960472688e-08
1369 1.3911700826610733e-07
1371 2.1808328355861363e-08
1373 3.696554594189107e-06
1375 7.91180204997064e-08
1377 8.260104727801346e-07
1383 4.146188426714771e-08
1385 1.6464228827742504e-06
1387 1.8966965816722627e-06
1391 6.683583743080527e-07
1393 2.851044912923307e-08
1395 2.1699835858518988e-06
1397 2.1934210402870747e-08
1399 1.0201510691912158e-06
1401 1.476682428777777e-06
1403 2.7196514965776657e-06
1405 3.0830742362789235e-07
1407 1.61218430838091e-06
1411 1.3183691488772513e-06
1415 4.614134807839186e-06
1417 1.0329138764003485e-06
1419 2.3215686101117594e-06
1421 1.9190459730168178e-08
1423 2.2184584679278706e-07
1425 1.948788018644429e-07
1427 8.626958198979461e-09
1429 1.0688577344801438e-07
1431 1.8527527804331687e-06
1435 1.605519447172126e-08
1439 2.2794370209513716e-08
1441 8.56788185532231e-07
1445 7.924101040453048e-08
1449 4.9527226155746936e-08
1451 1.4349360866894637e-06
1453 1.1712280910730297e-06
1455 8.862161764047174e-07
1457 4.0970586854071833e-07
1459 1.048796816314606e-07
1465 1.3173507812659675e-08
1467 1.4113837907115356e-06
1469 1.577546230051223e-06
1471 1.7167632716892008e-07
1473 3.909641428260556e-06
1475 3.1214519736973413e-06
1477 1.4747770656089655e-07
1479 1.4374270428731616e-08
1481 2.5589370605398166e-06
1483 4.95350511693533e-07
1485 2.229890779770969e-08
1487 1.8754466736070675e-06
1489 4.370691550253293e-07
1491 3.312192138464329e-08
1493 1.9916874859203285e-07
1495 1.8665370348226624e-07
1497 1.9504359105890937e-06
1499 1.9694822458209776e-07
1501 1.6338089166604823e-06
1503 6.216348170724651e-07
1505 2.567458277414974e-08
1507 6.468338138378517e-08
1509 2.565825896331307e-07
1511 4.774090534649549e-08
1513 1.4928486859356784e-07
1515 3.615458585600772e-07
1519 2.2859177611629577e-06
1523 4.560788105593369e-08
1525 5.618620387038394e-07
1527 1.161004093945877e-07
1529 9.546427144078043e-07
1531 1.6439937818970098e-06
1533 2.7921867034022054e-06
1535 1.133048588189366e-06
1537 2.4562892674382584e-08
1541 2.354597013491724e-06
1543 3.995573968164534e-07
1545 2.5970613822397315e-07
1547 7.03788903549798e-07
1551 9.399250060487159e-07
1553 1.8959104268486873e-08
1555 2.6005328931692564e-06
1559 1.9603601352008833e-07
1561 1.0006100059666184e-07
1563 1.7518135901930082e-06
1565 1.196831264354316e-07
1567 1.883016742627996e-06
1569 1.231497871541835e-07
1571 1.6895454441413706e-06
1575 9.211793160464233e-07
1577 4.321373006173903e-07
1579 1.7784267711833109e-06
1587 2.442862231398182e-06
1591 2.014087707655388e-07
1593 7.734772907972266e-08
1595 9.544820740984194e-08
1597 5.924046132750654e-08
1599 6.553880649635687e-08
1601 6.882501491804193e-07
1603 2.5702003267035837e-08
1605 1.8366907578317133e-06
1607 2.5684535682300046e-08
1609 2.1519588707131628e-06
1611 1.55598976991427e-07
1613 2.2445226277386197e-08
1615 1.8309776051026288e-07
1617 3.200449769049661e-07
1619 1.3635571950495035e-07
1621 1.924358855741262e-06
1623 2.195973049297982e-07
1625 9.037487770848844e-08
1629 2.2654872455684968e-07
1631 1.5291949331465838e-06
1633 1.9853347405834796e-06
1635 3.122914040181307e-08
1637 4.526025974412676e-06
1641 1.12981531573414e-06
1643 1.9143880954878825e-07
1645 4.3175446087806146e-08
1647 2.7478494336151427e-06
1649 2.165486461698123e-06
1651 1.2574986026041912e-06
1653 1.8646584877779663e-06
1655 6.722946409847498e-08
1659 1.3927932849199214e-07
1661 8.755932477157923e-07
1663 1.399545440904959e-06
1665 1.526574922606401e-07
1667 2.0113393407125962e-07
1669 2.4182180642220284e-06
1671 1.850497247793709e-07
1673 1.456788191634118e-06
1675 1.2498211149020694e-06
1677 1.896477419308802e-06
1681 2.3575910480563898e-06
1683 1.529484263168553e-06
1685 2.6553035992620252e-06
1689 2.202603515379964e-08
1691 5.163897356705147e-07
1693 4.836032581448506e-07
1695 1.1135311609350845e-06
1697 2.4798659225831348e-06
1701 1.8415609813005797e-07
1705 7.986376658475206e-07
1707 1.63413414933094e-06
1709 2.255509076793076e-06
1711 5.854299967793991e-08
1713 1.469880834396922e-06
1717 9.327872434392784e-07
1719 2.2273079700442293e-07
1723 2.803554409963461e-06
1725 1.1791858117123473e-06
1727 7.180593475431192e-07
1729 2.7936529396285524e-07
1731 6.797062641088709e-07
1733 5.937650902734187e-07
1735 7.289092205757447e-08
1737 2.271151235600937e-08
1739 2.0050532423917926e-06
1741 1.217506380499897e-07
1743 5.2993278596051936e-08
1745 7.799462516020985e-07
1747 2.917169589494851e-06
1749 7.450691545869363e-07
1751 4.3724498780540096e-07
1753 3.4837057326022066e-08
1755 2.7846964497929837e-06
1757 3.3579577792723597e-07
1759 3.543656441017068e-08
1761 7.428846916820361e-07
1763 3.451979483937877e-08
1765 2.52567997465059e-07
1767 1.1038532181242388e-08
1769 1.840463448837533e-08
1773 2.64624026568043e-07
1777 8.966517499962109e-09
1779 4.1156656997804956e-06
1781 4.72480378818377e-08
1783 1.67724691372473e-06
1787 1.047664551948356e-06
1789 9.732683027876859e-07
1791 9.420018649429146e-07
1793 1.2153594393542076e-06
1795 6.562178356322363e-07
1799 2.8658832032790473e-08
1801 9.62055476662268e-07
1803 1.256486198403846e-07
1805 1.009633740707905e-06
1811 4.8067691584451385e-08
1815 5.367039585973119e-07
1817 3.1967088372428236e-06
1819 9.499864852248099e-07
1821 8.441383882290551e-07
1823 3.1025105240602955e-07
1825 1.043640298866538e-06
1827 2.440922841044767e-08
1829 7.741289432473664e-07
1831 3.326063122213389e-07
1833 1.9110554617541997e-06
1835 1.3673768931374442e-08
1837 1.2698648018508936e-08
1839 6.714066785576578e-07
1841 1.4650717761872414e-06
1843 6.905420157495942e-07
1845 1.4030071501924978e-07
1847 7.90163747018117e-08
1849 2.407009422476978e-08
1851 1.485095774083836e-07
1853 3.628398049223975e-07
1857 3.355578750468642e-06
1859 1.272197542114935e-06
1861 4.343532729527527e-07
1863 1.4260521687351696e-08
1865 2.312261710167688e-07
1867 6.248764786925576e-07
1869 2.2534671104542706e-08
1871 2.6900797266119887e-06
1873 7.67523392560224e-07
1875 8.895363729946722e-07
1877 1.5587820686944347e-07
1879 4.1833925966816117e-07
1881 2.8137072019553854e-08
1883 1.6688950271328432e-06
1885 1.194397832186291e-06
1887 8.640666799458534e-07
1891 2.6648694415438073e-08
1893 6.855202739395739e-07
1895 4.152162750228073e-08
1897 3.8986352319837e-06
1899 3.0167537415674275e-07
1901 5.587957026288396e-09
1903 4.1446206172564506e-07
1905 1.5486927595656452e-07
1907 1.282045227862612e-08
1911 7.563267505569369e-08
1913 1.6168423139863525e-06
1915 2.856581706086378e-07
1917 4.6736656039673414e-07
1919 7.701936651462469e-08
1921 6.314446860395956e-07
1923 2.9527522660161884e-07
1927 1.41964059770197e-06
1929 1.408772992823023e-06
1931 1.1123576067102213e-06
1933 1.0003113961976014e-06
1937 1.7578294263041796e-07
1939 1.3954467386577356e-06
1941 5.628313408113637e-08
1943 5.775643752507663e-08
1945 6.148965130162262e-08
1947 2.725171557874869e-06
1949 1.0455274492804624e-08
1951 1.4274704096673502e-07
1953 2.7646062824122384e-07
1955 4.989393037680054e-09
1957 3.093632173110649e-06
1959 1.387773262354869e-07
1961 1.3966452229187091e-06
1963 1.2120965028012665e-06
1965 1.5906993885196406e-08
1967 4.0185901450639674e-07
1969 2.480423263452018e-08
1971 3.590691573939956e-07
1973 4.655164875697955e-08
1981 3.018841770068964e-06
1983 1.37273421160375e-07
1989 8.466848506194881e-08
1991 3.7573274282614176e-07
1995 2.8809483394685307e-06
1997 1.921232522368134e-08
1 1.3076873133470747e-06
73 6.944632471424504e-07
133 4.779368418348755e-07
135 4.5808178069995656e-07
139 6.894347082768459e-07
163 4.175764275737653e-07
185 3.9380295735002665e-07
195 3.848671160978001e-07
219 9.362890280563018e-07
231 6.887916523237998e-07
323 4.170755138151431e-07
385 6.280979271492724e-07
389 4.7000382305781693e-07
401 3.818145293572762e-07
439 1.1331111726016594e-06
457 6.042097644846103e-07
459 6.042926197415694e-07
469 3.412875080569378e-07
471 7.642517578670739e-07
515 1.5033940510980474e-06
639 6.157158395601477e-07
653 3.1515714740537626e-07
661 1.4507659903332762e-06
663 1.0610509480085282e-06
723 4.159774286480082e-07
743 1.0088483737447317e-06
761 5.706823414365648e-07
789 1.1319840135691685e-06
801 6.854590507646558e-07
923 1.0204222283873149e-06
939 9.96318127001508e-07
1019 1.3148644912850028e-06
1027 7.288417739302e-07
1127 1.1992329813409972e-06
1137 3.7790828510102064e-07
1187 3.516332242189628e-07
1253 3.2740499724363643e-07
1299 1.0805371862965364e-06
1305 8.78339385210489e-07
1351 1.3237633197135788e-06
1413 4.973913679785445e-07
1433 8.295963898642342e-07
1461 6.993474398262361e-07
1517 1.5577469463275489e-06
1539 1.7432048798459728e-06
1549 1.4538503890022426e-06
1581 1.2382214716459765e-06
1583 4.1539538676382114e-07
1627 1.3040235546283214e-06
1639 6.277716011490942e-07
1679 7.132318921200606e-07
1687 3.6404622088695804e-07
1699 1.2680309527668393e-06
1715 1.698924731057756e-06
1785 3.85279482130821e-07
1809 2.2319045379871716e-06
1909 2.9711769538263925e-07
1935 3.55531983068897e-07
1979 7.446037828563736e-07
1985 1.579701518446599e-06
1987 1.272605027151606e-06
1993 3.440663762948074e-07
1999 4.026231369966056e-07
79 6.624042020406096e-07
91 1.0210990451314172e-06
103 8.839866331202474e-07
169 6.285736759717029e-07
205 4.1192461571692515e-07
225 4.6093917810151635e-07
233 5.176417344953463e-07
525 5.983137340468435e-07
611 4.219674260692191e-07
659 6.270519948527335e-07
741 1.3269456569106262e-06
753 1.012761329372969e-06
795 5.067263646299574e-07
861 1.0633607878319645e-06
863 4.205983474999983e-07
911 6.669312697142697e-07
913 7.462448600895563e-07
951 4.810794720623944e-07
1041 7.14952209476498e-07
1061 4.1137995008102966e-07
1073 1.2504504593022587e-06
1321 9.984962204422335e-07
1335 1.0879982532680731e-06
1367 4.2012114934782875e-07
1409 5.716869994855045e-07
1521 3.862466423773496e-07
1657 4.425813765638926e-07
1721 4.650099791662245e-07
1813 1.1178118198830034e-06
1889 9.950432461894997e-07
1925 1.064027983812497e-06
283 8.478065326560465e-07
1031 4.902087697980938e-07
1099 6.328787931692739e-07
509 5.395910072894857e-07
1807 6.301080452015789e-07
999 6.47233188380169e-07
907 6.134838280647523e-07
1085 7.331017676787571e-07
1771 6.056699121764748e-07
1855 5.877539711258646e-07
1301 1.171132045297159e-06
799 6.556083967305774e-07
1217 7.089849296836985e-07
1389 5.914325977785245e-07
1447 5.95430667495337e-07
665 1.1608828590168796e-06
463 1.0217341851535276e-06
255 9.128047477516372e-07
823 8.961792041216897e-07
915 8.968455086833111e-07
391 8.37214463546209e-07
531 6.050819719512959e-07
679 7.776423437211274e-07
1181 7.828541339649679e-07
807 7.550092406501581e-07
1247 7.554214241012613e-07
941 1.162445581955357e-06
1211 9.413586921680491e-07
1379 9.357103721879735e-07
735 1.126313924075984e-06
599 1.1975119595673114e-06
303 9.644942170248828e-07
689 9.273111905291791e-07
1975 1.0999967548519234e-06
1977 1.133770668222413e-06
43 1.237318245090738e-06
343 1.1559298972941893e-06
709 1.023950504089598e-06
715 1.0282219911938719e-06
755 8.42791500499968e-07
1023 1.0314686221353826e-06
1067 1.2483809464614374e-06
1225 8.781986712173963e-07
1381 9.496208092011019e-07
963 1.0512137522239228e-06
1573 1.0079497626901656e-06
1589 1.0868797212636421e-06
1703 1.1609376285754275e-06
1775 1.2675222596235127e-06
1797 9.812575985072787e-07
157 1.2059209660262606e-06
1169 1.180421007167062e-06
1437 1.0201154731548689e-06
1443 1.2777368595624918e-06
1585 1.2490618066971305e-06
189 1.3102383530663484e-06
477 1.2372789403215426e-06
703 1.2500432678443898e-06
1463 1.3105527644847686e-06
1557 1.1512761833694292e-06
3 1.2545704324953325e-06
35 1.4858080626926776e-06
523 1.218467686451469e-06
845 1.407748319808683e-06
501 1.4544330471351358e-06
