245 3.451089242712673e-05
1 0.00013603252347368762
2 1.501065634776987e-07
4 3.621893884288078e-07
5 6.518135873324997e-05
6 5.600762016734833e-06
7 7.546605679599025e-07
8 6.342619069301005e-07
9 3.807434942406999e-05
10 0.00017624507822294202
12 1.2172404031501923e-05
13 2.154587952829948e-07
14 6.683207039981291e-08
15 2.4800484538979365e-07
16 9.265484122221873e-07
17 8.086971505675952e-06
18 1.414315905071672e-06
21 7.519521200520133e-06
22 1.0929118275931029e-07
23 3.5502921520810677e-07
24 2.779389010369932e-07
25 4.3730115305698566e-07
26 8.639027918175582e-07
27 1.4769136946999922e-05
28 3.938157169745127e-05
30 1.8763654700880057e-05
32 9.463712268334095e-06
35 1.2963508483882261e-06
38 5.491353005466695e-05
42 0.0001083256251742601
44 4.623300672455326e-06
45 3.022953137916124e-08
47 6.370648062215615e-06
48 6.724918793721737e-06
50 1.9443034146704613e-08
52 5.510211626804217e-07
53 1.7893149220340688e-07
54 8.613949160107889e-08
55 6.450952774476876e-07
57 3.832712065985417e-06
58 5.28165627252549e-07
59 4.025045059034419e-06
60 1.1582607903311347e-06
61 5.498302187276576e-07
62 2.3112656756119437e-07
63 1.9307447036657268e-07
64 1.7092825469330025e-07
65 4.8661318211641245e-06
66 2.8895081308318997e-09
67 1.4129537604233813e-07
68 9.658342042707715e-08
69 2.0380500374688798e-05
70 1.6624952359416252e-07
71 1.0747433783938454e-07
72 2.4317447084362903e-07
73 6.629811911815427e-05
74 2.4894292328650303e-06
75 6.71418950151828e-07
76 5.7896138515495194e-08
77 1.0431249267900394e-07
78 4.576580732716503e-07
79 3.4250351269559863e-07
80 5.7981733083442435e-06
81 1.4209047985359326e-06
82 1.2085103036676025e-06
83 4.177858233728077e-09
84 2.0996472197280206e-06
85 9.996538227698093e-07
86 8.724689610004557e-08
87 0.00019442843357651978
88 5.881406074600281e-05
89 2.186982991018056e-06
90 9.731592913848833e-08
91 1.607026183633729e-07
92 1.2615287629507613e-07
93 1.6151077901697675e-07
94 4.650724414261314e-06
95 8.567143755896229e-08
96 3.674080067017309e-05
97 1.2733293662439706e-07
98 1.8152319223050738e-07
99 7.282368059162419e-08
100 6.765082765694863e-09
101 4.802120232285486e-08
102 1.8672585709503724e-07
103 2.262797502064483e-07
104 7.044455900263871e-08
105 6.02744288976488e-06
106 2.5396272298187304e-06
107 8.231548108959212e-09
108 1.948913386282692e-08
109 8.125282930870297e-07
110 1.1772321019017295e-06
111 2.7038368056176792e-08
112 8.916010785892902e-09
113 5.313533882947424e-06
114 3.709452625062693e-06
115 1.0400100579459854e-05
116 6.131749046397452e-07
117 1.4129509490859606e-06
118 2.9626737617331092e-08
119 2.409098577756677e-07
120 9.61622181155222e-06
121 1.0929759915833652e-07
122 1.018983679750568e-05
123 4.4917168004520645e-06
124 2.183101722363443e-06
125 6.056984389762711e-06
126 8.802392714680808e-08
127 3.1787839505617076e-07
128 2.810208908588243e-06
129 4.1062171552405635e-06
130 9.996219944063019e-06
131 1.2616556702436563e-06
132 1.8229329391002645e-07
133 4.825796069891926e-10
134 8.10263613663346e-09
135 3.1888240244807385e-07
137 5.922897125337772e-09
138 1.4022031396822402e-08
139 4.620667073457087e-07
140 2.2333677857531394e-08
141 3.679668391108388e-06
142 8.925677400971006e-09
143 1.709458120499109e-07
144 4.3818360190445595e-09
146 4.110080131740966e-09
147 6.251033720239049e-07
148 2.0348842521588928e-07
149 2.224224289302692e-05
150 4.090308287367672e-08
151 8.044450645833993e-07
152 3.4508194106489284e-06
153 0.00012666222398726335
154 1.2754967174755336e-06
155 2.708352929855961e-05
156 1.4563599255139028e-07
157 2.043916716077821e-06
158 5.141184224220257e-06
159 4.070379904740162e-06
160 5.3851268171929775e-06
161 4.5413849527286225e-05
162 2.553337021194172e-06
163 2.7714856663422494e-05
164 1.7859061770707855e-06
166 6.903322713408548e-07
168 4.461605262224383e-06
169 3.752545836339278e-06
170 6.037863572758413e-06
171 6.229112463264524e-06
172 1.1768150900956862e-05
173 9.994768929490589e-07
174 9.000057791854104e-07
175 2.8632327732694446e-07
176 3.462777350419846e-06
177 5.939182283226019e-07
178 1.1587099711395018e-06
179 1.8309702550201034e-06
180 8.816448243871673e-09
181 1.2964162653470173e-07
182 5.195172967165925e-08
183 3.2855266225016395e-06
185 1.5318326830747783e-07
186 8.029323998241292e-06
188 2.841800254822883e-05
189 1.2851021701361494e-07
190 8.343176646646315e-07
191 5.577639192104978e-06
192 1.4628835552191768e-05
193 1.6563696373058348e-07
194 4.221564653137271e-09
195 2.6681068730442983e-07
197 2.2714478510704297e-07
198 8.180251759444428e-08
199 3.866201966951142e-06
200 3.5427774876049416e-08
201 5.093025049576729e-06
202 1.588951052032479e-05
203 8.561853454770252e-07
204 9.80102285208125e-08
205 2.8111597675352907e-07
206 2.492617289251144e-06
207 2.391417678141437e-07
208 3.0629125087728675e-07
209 1.8655498034260656e-07
210 7.907728092896864e-08
211 7.755318317654305e-06
212 9.991167046431367e-08
213 1.0649043271809078e-07
214 9.63992230086601e-08
215 2.7603046997086e-08
216 1.0601434793496634e-07
217 2.2911528915980075e-07
218 4.006679579872548e-09
219 1.5736687572847345e-05
220 3.986228027701464e-07
221 7.89097089151095e-05
224 1.4682716034094875e-05
226 9.66913257390594e-07
227 7.125695742191683e-06
229 6.094091784095916e-07
230 4.582612193772783e-06
232 9.726833036451785e-08
233 2.146964692807108e-08
234 3.249530125433087e-06
235 2.987827773479327e-08
238 1.6838274195759864e-07
239 8.414753997499656e-08
240 3.5007843744127184e-08
241 5.453665845811929e-08
242 1.4412517694617407e-08
244 4.213978211678499e-07
246 2.6042975158440245e-07
247 6.497563166924406e-05
248 3.466111162698748e-06
250 2.3100746725652557e-06
251 1.9929505361477856e-05
253 3.971119077434824e-07
254 2.2037054950610823e-07
256 1.309874303074375e-06
257 2.10796922515531e-06
258 5.3245888731629016e-05
259 3.421441191304657e-07
260 9.350227985386074e-08
261 2.8550391770864975e-08
262 3.289491676484093e-08
263 3.65457918669371e-08
264 2.3931064019509237e-07
265 1.8554427056067851e-07
266 1.768376482261227e-08
267 2.132385392997211e-08
268 1.4068979990918045e-08
269 3.158037773481109e-06
270 6.586165761231212e-08
271 7.796413516432522e-09
272 1.7694173609687573e-07
273 1.2841113473779007e-06
274 3.5571572721735835e-08
275 6.708897355482874e-08
276 2.261150864061373e-06
278 3.0179560220236244e-08
279 2.1968326343916265e-07
280 1.502769208536624e-07
281 1.8850544658667456e-07
282 5.6951796123988386e-08
283 6.971296087429663e-06
285 8.374582040546429e-06
286 3.489132782740189e-06
287 1.0357568113420702e-07
288 1.6153019024929988e-08
289 2.485345741842659e-05
290 3.0006865131777763e-07
291 1.7480067583483985e-07
292 9.853321827386418e-06
293 1.2536241549019415e-05
294 4.2805614226244355e-08
295 3.2620968367004544e-07
296 6.1171218034313565e-06
297 3.5083195255925356e-05
298 3.326990168210135e-07
299 1.2729035011480417e-06
300 2.8747541260739656e-05
301 1.0911819613554395e-07
302 1.6907906795256919e-06
303 1.6520288729700052e-07
306 3.195025494644376e-06
307 2.5326422840661416e-07
308 9.886526111989134e-05
309 1.6670552343256153e-06
310 3.854954008636428e-07
311 2.2164952736937164e-05
312 3.929527787898212e-05
313 3.595823027675919e-05
315 6.738521653249731e-06
316 8.400278381799445e-07
317 2.4210997945447348e-05
318 2.7178420620692457e-05
319 9.338691692249213e-07
321 7.75426815191943e-06
322 6.678068545952931e-06
324 2.950770119708196e-05
326 2.492057215545136e-06
328 1.1950872209097143e-05
329 2.877518065689552e-05
330 5.211687374952858e-06
332 1.839977175360297e-05
334 1.5017362148262096e-05
335 4.978413744761046e-06
336 4.763188568360876e-06
337 8.913206142682468e-08
338 1.5784355759977755e-07
339 4.4769826170274655e-10
340 5.22513365402981e-05
342 8.412832661296777e-06
343 1.3939805566795021e-05
344 3.40398657210007e-08
345 4.178914134197571e-08
346 3.116532710548136e-08
347 1.2956904770260067e-08
348 1.7049116413816136e-08
349 2.564327293362835e-08
350 6.743178021679642e-07
351 6.606127927847825e-08
352 2.0147499298840543e-05
353 4.641452774983641e-06
355 1.2951520379264494e-05
356 2.674966333482204e-06
357 3.6977320731669175e-06
359 1.3093996172635612e-05
360 4.481104470000763e-05
361 2.7997390901331237e-07
362 2.0232071996161368e-08
363 3.0420195187113302e-05
365 9.71358605396309e-06
367 9.346198387737214e-08
368 3.9627778946003927e-10
369 3.7287134006725835e-07
370 3.4577750336530563e-05
371 2.300139605418617e-07
372 7.679872900305968e-05
373 2.2318238009156514e-06
374 4.218209431558845e-06
375 3.873111467413883e-06
376 6.68665619134714e-05
378 7.951320578086992e-06
379 2.462637608681273e-05
380 9.041105830523199e-06
381 2.34933599335712e-06
382 1.1684649284650225e-06
383 6.319827560330882e-07
384 4.083676484489782e-06
385 2.0819078565952926e-07
386 2.502189968512258e-07
387 1.0539951292665655e-06
388 7.16235740842712e-07
390 1.0632026393500821e-05
391 5.665758130466039e-06
392 3.815727744915551e-07
393 3.7967324153793233e-06
394 3.6113200191416805e-08
395 8.975866284462533e-09
396 2.8446928758336872e-06
397 1.0141467251286408e-07
398 4.827819441256059e-07
399 5.955089725041085e-07
400 6.235277039465966e-08
401 2.1442325233280797e-06
402 1.9957462467109707e-06
403 1.3394946172144093e-06
404 3.7372270508253024e-07
405 9.775105784361845e-05
406 9.39062206577451e-06
407 1.9275301133767144e-05
408 4.132317074519926e-06
409 3.702260883214071e-05
410 1.5279784656406448e-06
411 5.672755810271423e-06
412 1.1670161706340531e-05
413 7.206105516329688e-05
415 9.797161345803253e-08
416 1.0646069415373693e-05
417 1.3034364241056569e-06
418 1.604207157390128e-08
419 3.2933517185471825e-07
420 2.4412536736853564e-08
422 2.0590790365562365e-08
423 1.960374389754498e-06
424 1.1382073651493819e-08
425 2.3334309516069764e-08
426 8.748846168922741e-06
427 3.2866765845307515e-08
428 5.440944042087875e-08
429 4.272306338146399e-06
430 6.012756053676789e-07
431 7.613258456761869e-06
433 1.2810497833654498e-06
434 3.127484363774264e-05
435 8.464625442635092e-07
436 5.825565462594125e-07
437 4.033379907829683e-07
438 2.216954181887804e-06
439 3.0895267839316262e-06
441 1.6075567252530248e-05
442 1.983410744998785e-07
443 7.214753772695766e-06
444 5.248724903999724e-05
445 1.4710067968401236e-06
446 8.074173409191644e-05
447 2.009152914104918e-07
448 2.5437135276242616e-07
449 2.3138756224530253e-06
451 4.54110666590715e-06
452 5.432951990704209e-07
453 1.1511972222823717e-06
454 3.0676865295409836e-07
455 5.8726473345234055e-05
456 1.2622087360496e-06
457 1.3371505993116163e-08
458 7.956300843215236e-07
459 2.6897354067504664e-08
461 1.7630846433623797e-06
462 8.94538521734779e-07
463 1.0353237139305995e-07
464 1.5000611315742517e-05
465 1.768584285594619e-07
466 2.6561289932488747e-07
468 2.4882627626201017e-05
469 1.7921272846614094e-05
470 1.225188590368699e-06
472 7.287165229538122e-06
474 4.523412757000891e-07
475 1.8242698766593957e-05
476 3.9142026741286933e-07
477 1.7269101153272113e-07
479 1.0998959226331354e-07
481 0.00019017245910014574
482 1.0069220906613336e-05
483 2.1355386839194708e-05
484 0.00013717165208067524
485 0.0001722120624373132
486 0.00037685924060187133
487 3.981767079020665e-06
488 9.234773208084606e-05
489 0.0004231179666515766
490 2.2876327308790818e-05
491 8.293416164139432e-05
492 6.287117402178136e-07
493 8.811200186722358e-06
494 1.1759449951234704e-05
495 5.127369276840134e-05
497 8.990551449528782e-05
499 0.00048172752738600346
500 5.358555087910889e-06
502 1.335838879579992e-05
504 2.6629297546803374e-06
505 9.013012363136084e-05
506 6.773017356923218e-06
507 1.082655680535803e-06
508 3.0223472454398346e-05
510 5.115106848841356e-07
511 4.5389504085299533e-07
512 1.904095149048705e-05
513 7.565936649143223e-07
514 5.6892053570964325e-06
515 9.606277520422225e-06
516 3.077595851409039e-06
517 1.8627675968521578e-08
518 2.0322236512004317e-05
519 1.3970837959237746e-07
520 1.3417165553034645e-07
521 8.626278025016902e-06
522 2.6190739599889803e-07
523 2.755776654434313e-05
524 3.4462887424099506e-05
525 3.352421214082195e-07
526 2.0791786199939004e-06
527 7.459495421975722e-07
528 7.054586340224667e-06
529 2.960261788157646e-07
530 1.3775467767113285e-06
531 6.036863994354913e-08
532 7.327375785512093e-07
533 8.74973336418741e-07
534 1.944682100607048e-07
535 3.692828097611758e-06
536 5.166445106177884e-07
537 3.312425141800508e-07
539 5.048343283391432e-07
540 3.598166777967642e-07
541 1.8368433247338393e-07
542 2.7185164251030814e-07
543 4.307679125520227e-05
547 6.2445786328909794e-06
548 2.6496655692320357e-05
549 0.00014014239142311162
551 7.441457969318015e-07
552 2.9540514499105657e-06
553 1.6733732647445676e-05
554 1.438989340408022e-05
556 7.92141133359532e-06
558 5.822743816470925e-06
559 6.293127623181018e-07
561 3.298260252964322e-07
562 3.140875846983992e-05
563 4.6745404659488824e-08
565 5.466526352125515e-06
566 2.5899693309233345e-05
568 4.3417740304947873e-07
569 1.8444171296709262e-06
572 1.0786064905836182e-06
573 5.3338630470042076e-05
574 9.346923625875275e-05
575 1.8518826268831918e-06
576 1.1408558010916176e-05
578 8.315334030173393e-05
584 7.1781582309580566e-06
585 9.783672694257295e-06
586 4.306620697374201e-05
587 2.9077901655337493e-05
588 2.990174707598571e-06
589 2.6406672119029175e-05
590 1.0041963258588527e-05
591 2.5720186168034437e-06
592 1.810703507494501e-05
593 8.459691188282458e-06
594 9.640558531429209e-06
595 1.0334215325761528e-06
596 3.995771070429899e-06
597 1.4519232968423366e-06
598 5.595154515244393e-07
599 4.460127973184606e-07
600 5.862965369916308e-07
601 6.832789427660956e-07
602 8.780166957389798e-07
603 1.1223419384373027e-05
604 9.445150433782481e-06
605 2.2166435513183876e-07
606 7.474299085015121e-07
607 0.00013056451744197802
608 2.6755894421280865e-06
609 1.3790921912223376e-05
610 4.179793715959914e-07
611 1.0422051700546314e-06
612 6.338977520212071e-07
614 3.487353170073758e-07
615 2.9749032778782293e-07
616 3.681834403830863e-07
617 2.7439376106545346e-07
618 3.155641379955189e-07
619 3.596149745211815e-07
620 3.426539731307681e-07
621 2.8438373316695474e-07
622 7.8404284623953e-07
623 2.4870671124382763e-07
624 6.2714479986878785e-06
625 2.8823642476011333e-07
626 1.8260184539979204e-07
627 2.0514383218691915e-07
628 4.814380102783936e-08
629 8.111284806453411e-08
630 1.5341800728946224e-07
631 2.202220144249808e-07
632 3.8245464724366947e-07
633 5.054316510113096e-07
635 1.0015323092914387e-06
636 3.681909107262502e-07
637 3.9499924601267474e-08
638 9.120080996321964e-08
639 3.401557261316267e-07
640 3.1521463453452533e-07
641 1.2069827762526486e-05
642 3.06216733851815e-07
643 2.0018151107712588e-07
644 5.035356174675901e-07
645 5.3223984727239e-08
646 2.0322466880589746e-07
647 6.467984943853548e-08
648 4.3945167322371984e-07
649 5.268429616930522e-07
650 1.2798676512607774e-05
651 6.932154648737765e-07
653 1.0119536058705996e-05
654 8.347483721500745e-05
655 7.229349591460712e-05
656 3.3316945703816936e-06
659 4.784209125891348e-05
660 6.951768942724228e-05
662 3.429124722256593e-05
665 1.530075165110999e-05
667 1.442430919558183e-05
668 2.8861146840624848e-05
669 2.6715778087612107e-06
671 2.602069088549505e-05
672 0.00012514589458584928
673 1.0160773415950947e-05
675 4.244894748395966e-05
676 2.0613925090155677e-05
679 2.318123919353796e-06
681 4.3801427857948615e-07
682 7.427215888020442e-07
685 6.464049206684173e-06
687 2.551579665651313e-07
688 7.496472795076248e-07
691 1.473434806528027e-05
694 1.1551423593848026e-06
699 2.9799814809173134e-07
700 8.118557075832925e-06
701 1.6578782727039308e-05
702 2.659746536178518e-06
703 1.3922400882468675e-05
704 7.5193939132985814e-06
705 6.713847860492736e-06
706 4.865298618272253e-06
707 2.805434948624852e-06
709 4.789099298796971e-09
710 3.423813079645653e-06
711 7.004636468882638e-07
712 2.7341148256458345e-07
713 3.868504728486709e-07
714 2.5661009499933005e-06
715 9.894874422377191e-08
716 1.2379896893345753e-06
717 2.413712447570594e-06
718 4.763188961045782e-09
719 2.0393444070401082e-08
720 2.715150643378291e-08
