0 0.00025904464333701435
11 1.565057186764543e-05
31 8.043121604938495e-07
33 2.0065575755735103e-05
36 7.039672511538228e-06
37 2.208023851093123e-05
39 3.2413445969198958e-06
40 5.767939814037187e-06
43 1.9423259338546143e-06
46 3.058161985994966e-05
145 1.0629541661008363e-05
222 3.077220962370113e-06
243 3.879567236387916e-05
305 3.098535079413147e-06
320 4.934019289702364e-07
323 9.431195299699772e-07
325 1.2380135784137115e-05
354 1.9036941417992805e-06
358 1.832711151913173e-05
366 4.666316869292719e-06
460 2.5982841686936267e-06
473 5.361611590421665e-06
480 8.190192139512067e-05
503 3.903748377734609e-05
545 1.8510491291469606e-06
546 2.800491038264743e-06
555 6.743747553757303e-06
557 9.6891259120045e-07
560 5.444083238419106e-06
567 7.420431657560882e-06
571 1.1582958500746708e-06
577 3.3567554462245575e-06
579 1.4057251759744499e-06
580 3.439336912192888e-06
581 1.772578863549985e-06
583 1.548026975264007e-05
661 1.1239380976848964e-05
663 7.56565234310341e-06
674 5.263237266205898e-06
677 9.252763560113433e-06
678 3.060221209118595e-06
697 2.819360577050958e-06
3 0.00013406595750847574
19 3.3563625547114108e-06
29 0.0002027261907695186
49 2.611275712995625e-06
136 1.6195563086949584e-06
187 4.052648746212902e-07
196 2.459952790643787e-06
231 2.4438717710474374e-06
237 2.618618589949252e-06
252 3.66556972368518e-05
255 4.822337855327956e-06
314 8.507043746330302e-06
333 2.6834846016865947e-07
341 4.541298099949249e-06
377 1.5138740732566591e-06
432 4.495105669115033e-06
440 7.613923581070244e-06
450 3.4775377186568008e-06
498 1.715951301890823e-05
538 2.5923179404210897e-05
544 3.8644464101665835e-05
613 2.4064704124931235e-05
634 9.964648727857846e-07
670 3.589052829747409e-05
689 3.174635212098412e-06
692 1.4418066066918778e-06
693 3.221576664718302e-06
698 2.523014078437497e-06
708 8.575641610700429e-07
41 2.7677542033280503e-05
51 5.176053547611292e-06
56 9.476486478828129e-07
167 3.818935510073317e-07
184 5.130032006610868e-06
225 4.123209695207618e-05
249 5.437563446508306e-07
284 2.2501877393771793e-06
304 1.9050814606777929e-06
327 2.3264198234604495e-05
414 2.900466003700265e-05
478 1.3419184282701722e-05
501 0.0001088653015908953
509 8.890071283188875e-06
582 4.232721213465059e-05
657 1.5366724469147875e-05
664 2.7287157996353743e-06
666 6.399001916731998e-06
680 3.0373401905592586e-06
690 8.134671839162137e-06
696 1.2400935225280541e-05
277 2.1357052446116913e-05
331 5.366399193003425e-06
389 7.484559680557402e-07
467 6.220467687810202e-05
471 2.4687907100421228e-05
496 7.639276119884411e-06
564 3.0341057654839825e-05
570 1.3116636825925062e-06
652 3.626388833418144e-07
686 3.752052145960511e-06
695 1.396924599669651e-06
165 5.860815971226328e-06
223 1.1229319248563195e-05
550 1.9635129872059163e-05
658 5.628888662678517e-06
683 2.9382624749274942e-06
20 4.812210303215454e-06
228 8.851519637000567e-06
236 1.1640956665799981e-06
421 1.5381963126712674e-08
684 2.856040316836287e-06
34 4.508633508638517e-05
364 2.3551224807729465e-05
