170 5.545219174017639e-06
599 4.46246823529552e-06
51 3.45013897819847e-06
308 2.9652503466630314e-06
323 8.375608864574458e-06
324 3.0214094808778375e-06
367 9.141084501336646e-06
383 1.5646093822449068e-06
471 5.042208026172469e-06
660 2.761184872304222e-06
115 1.240913833560047e-06
120 5.130141207379532e-06
179 1.0024157289602501e-06
186 1.6529854255000373e-06
319 3.10191925106623e-06
665 1.429640537872009e-05
224 6.129483016377144e-06
510 8.712285153966631e-06
59 5.782433940794347e-07
131 4.211646262735582e-07
470 2.087736632364638e-05
689 9.693920332620697e-07
695 1.1325108854988628e-06
696 2.901394800264853e-06
702 5.865357704934269e-06
56 3.7068956380480057e-07
94 2.075537261212021e-06
380 1.1917542238592823e-06
477 6.82028162665337e-06
597 1.5732333950889875e-05
664 1.1275246386172527e-05
668 2.0770470669129787e-06
682 2.489646148274258e-06
699 1.625862096048235e-07
701 2.952325660564929e-06
559 2.7710119053490857e-06
31 7.209528649054597e-07
178 3.9815663298428894e-07
191 3.5827797972169176e-06
206 7.258551883194235e-07
419 1.6855671935875515e-06
472 1.8010268489040014e-05
497 2.4293323048112166e-06
555 1.4037800147529633e-06
579 9.392278746195659e-07
585 1.689012752288922e-06
589 1.325713735813003e-06
595 1.720074489132824e-06
687 4.986240963357694e-06
706 1.2127611258712572e-06
80 5.669686599720396e-06
130 1.395895931197619e-06
223 1.0688438190095857e-06
225 1.1363559201023169e-05
237 3.1594985586268836e-07
238 2.7262914315333707e-06
250 1.8039391692902819e-06
288 4.573248371923695e-06
320 2.9026694238477143e-06
333 3.7188086430414686e-06
335 1.6409907448045964e-07
512 3.116408500426207e-06
582 2.2561024202968272e-06
590 2.801112371598538e-06
596 3.128567869005442e-06
605 6.855903852289029e-07
675 1.5652595871925078e-06
711 2.050307136952788e-06
11 1.725125200010139e-06
360 3.1756029352706582e-06
18 1.2634190835883016e-06
25 3.932412646518386e-07
43 1.6524537339598656e-06
88 1.07406370352118e-05
96 2.6381949156373798e-05
143 4.6768027676780884e-08
162 2.177871094445747e-06
166 5.871870582902921e-07
228 1.4332532084883266e-06
231 2.3400348146724954e-06
252 2.073878443719026e-06
255 3.2126388097498024e-07
295 1.3499029039779089e-06
301 6.419919870871798e-07
316 8.393267234731577e-06
322 5.487846310351513e-07
332 2.483615380020346e-06
337 3.1859554356021823e-06
338 1.6085963129070083e-06
357 7.820379072947389e-06
375 1.0451518119614018e-06
376 2.810913230134846e-06
392 7.373464941192257e-06
429 9.590021211674139e-06
467 6.273079670811862e-07
479 1.571433640823773e-05
513 1.4053682332496663e-05
517 4.6062360765764636e-06
542 2.0242089283345365e-07
548 4.1068623550575134e-07
557 2.4358315480383953e-05
577 3.299703799580155e-07
592 1.0233616221617719e-05
601 2.806039334023024e-06
614 2.033504546306029e-06
644 7.212183753763705e-07
662 1.769641747505944e-07
680 3.2228222192252202e-06
684 3.820280912999085e-06
688 1.6464695403409497e-06
694 1.7983654913413378e-06
705 3.9299960520358186e-07
708 6.341574725550992e-07
712 1.3612728884195368e-05
714 8.98948215629883e-07
727 7.432212819982016e-07
5 7.953303015372934e-05
19 2.814283287558598e-06
20 3.287874299448694e-06
30 8.94622606093804e-06
33 3.6983669014838702e-06
36 4.590980177831701e-06
37 8.032689703428593e-06
39 2.42171794549466e-06
40 3.133614043555504e-06
41 3.1091778355324296e-05
44 3.7517963093880587e-06
49 1.8050524341357395e-06
113 1.357100406092728e-06
129 2.169442445143605e-06
136 1.3299062805743928e-06
141 2.244868454391491e-06
167 3.066619836617658e-07
171 1.0517983647554878e-06
187 6.823690319168885e-07
196 3.963816087170934e-06
219 5.020451456889122e-06
229 3.2928214083859033e-06
230 2.5712522677218183e-07
232 2.610209328133009e-06
244 6.163690656643419e-06
251 6.481909874163023e-07
253 1.0291925155848721e-05
257 2.375513871794429e-06
259 1.6280286042593527e-06
260 5.954436018407589e-05
279 4.228206612511217e-06
286 1.879850773602765e-06
298 1.7147628407672278e-06
306 1.5873039421416922e-06
307 3.1655077874712777e-06
325 1.115183134279945e-06
326 2.437604527914467e-06
327 3.3931314045506622e-06
331 2.8758190711165367e-05
336 4.197691448730524e-06
342 3.737309249710831e-06
344 7.355238248242578e-06
355 3.2463353552449376e-06
356 2.6060197482706967e-06
359 3.266279918496981e-06
368 3.02028361971155e-06
379 1.364222514781364e-06
382 2.6026259170917673e-06
417 4.136870795694958e-06
420 7.971017102479237e-07
426 1.5629001722885122e-06
432 3.792795386969789e-06
443 5.260527512295065e-06
444 4.340311132839519e-06
453 2.6790156319034383e-06
463 8.934284237585659e-07
474 1.875326120054422e-05
482 1.3589104781373121e-05
486 1.0505012444360936e-05
487 1.5934994268454237e-05
495 1.223086792555491e-10
500 1.0666184290773472e-05
501 9.925817141502931e-06
502 3.3135612370987876e-05
503 5.280711590016692e-06
505 5.3939158906794585e-06
508 5.90161834681723e-06
530 1.6030204834218658e-06
532 2.259075202997854e-05
547 1.87756935663104e-06
552 6.92108955047232e-06
554 1.140571408289761e-06
556 7.4425873743416734e-06
564 1.9752547023943813e-06
566 1.3892924144049995e-06
569 1.9332889115077953e-06
576 2.3926252809232477e-06
580 9.165765050901546e-07
581 3.2626652872429896e-07
586 4.703820050300494e-06
587 3.105299959985119e-06
591 1.6821461468485555e-06
593 6.16172892198503e-06
594 5.479690325645699e-06
598 2.1918021520437815e-06
600 7.79881272210588e-06
602 3.0303524631793155e-06
603 8.065281697707929e-06
604 9.211083947556262e-06
606 1.871043404050294e-06
618 6.174024497491308e-07
623 1.225962320904621e-05
634 2.2062760872373057e-06
663 4.7653667757016935e-06
666 1.2790461936473791e-06
667 5.485755040587944e-06
670 7.992426197033217e-06
672 2.174801361570113e-06
673 1.0980566979673621e-05
674 1.5141642003628695e-06
677 5.348672085972585e-06
679 2.9222205606396223e-06
681 1.6473751969536247e-05
683 2.8889598903453402e-05
685 6.670623170101951e-06
697 2.840376474357314e-06
700 1.152250239013572e-06
703 1.11374746055051e-06
704 2.603055882144518e-06
707 8.37681294307237e-06
709 2.556169871753165e-06
713 1.6208525204628613e-06
715 2.7162938640083894e-06
718 1.7861577530951422e-06
719 7.615421414929856e-07
728 1.6294893831757038e-06
