0 0.00021591686318113445
1 0.00012529418848675599
2 5.197642253837118e-08
3 0.00016134058368781807
6 4.888919442760173e-06
12 1.1024476923563001e-05
13 1.0191691368876647e-08
15 5.4413739891289585e-08
16 4.731501084258592e-07
21 4.482494171926801e-06
22 5.228463289823844e-08
23 8.300761874373175e-08
24 7.584132032589896e-08
26 3.1006669753874975e-07
29 0.0002085425874326634
34 4.556668418084372e-05
35 1.2908761852411258e-06
42 0.00010647931124978821
45 5.24459670458681e-08
46 4.623418268751638e-05
47 6.8394918940569485e-06
48 6.7511183026400555e-06
50 7.851426515160054e-09
52 4.580061717051991e-07
54 3.0220398372568496e-09
57 4.823468698087669e-08
58 9.696493289769176e-07
60 7.623731624170338e-07
61 5.3363005419769615e-08
62 2.0475203521284953e-07
63 7.22736438576644e-09
64 1.3709278207936812e-07
66 2.371030871750774e-10
67 1.5240427013792363e-08
68 9.057601056693501e-08
69 2.297369864810292e-05
70 9.688927373458429e-07
71 4.9602933355706615e-08
72 6.285457385683723e-07
74 1.5746098086422821e-06
75 3.3846223838596654e-07
76 4.9956885978494145e-09
77 4.995688597849434e-09
78 1.3690207191541594e-07
81 1.1299395634415585e-06
82 1.1368538704822037e-07
83 3.864602472818613e-10
84 9.82613183195564e-07
85 3.215998437099284e-07
86 8.994962101103838e-08
89 1.1665613763355005e-06
90 5.9350101054661956e-08
91 1.5617357848164573e-07
92 1.5226798745331158e-07
93 5.974413120412604e-08
95 3.9250662813109863e-08
97 1.201410747017416e-07
98 6.16754204984236e-08
100 1.4355244603532124e-09
101 2.0892128441917342e-08
103 2.6140600376077368e-08
104 4.7264250394417556e-08
106 2.4903952390829183e-06
107 1.3776451514757913e-10
108 2.1504167768350484e-09
111 2.7549309126389647e-08
114 2.484436146101083e-06
116 5.457398148929587e-07
119 1.262221330874601e-08
121 3.8542203285176315e-09
125 5.347958728982303e-06
126 3.4507912005404135e-08
127 2.1176277721714457e-07
132 5.033047379269227e-08
133 6.091823835417206e-10
134 1.2334058449098912e-10
137 5.222500011792391e-10
138 6.089451205870345e-10
145 9.685909778733048e-06
148 6.110039053225761e-08
149 1.6336077849307036e-05
150 1.037032667775918e-09
151 1.1040553881314234e-06
152 4.571449253966269e-06
156 4.037045128144048e-08
157 1.395140275523023e-06
158 4.151366717276601e-06
160 4.2109718790846865e-06
165 5.8210261919776756e-06
180 1.0159621712630484e-08
181 8.06734776772379e-08
185 1.0297616138143022e-07
189 1.1645791572605048e-07
190 7.905697778641795e-07
193 2.4958856212561577e-08
194 3.083820354310476e-10
195 5.6113117504994044e-08
197 1.7602288217385556e-07
198 1.4690133395595556e-09
200 1.6856319119313992e-08
201 4.7093955890316834e-06
202 1.5946145672210022e-05
203 2.310211728953404e-07
204 2.320714422813788e-09
205 8.916747346915419e-08
207 1.7272955178930275e-07
208 1.5830022412078542e-07
209 2.560278542577452e-09
210 1.3322445821775452e-08
212 1.8207460817734782e-08
213 8.517375276719046e-09
214 1.6702478795956664e-09
216 5.094964345714261e-08
217 1.2380669238587324e-08
218 1.07984715384044e-10
220 3.510247767898512e-07
222 4.849883581956763e-07
233 3.824235833777354e-09
234 2.9251325993292863e-10
235 2.407869585542039e-06
236 1.583688924716287e-10
239 3.240669380850143e-10
240 8.838042355143908e-09
246 1.7282171732728891e-07
248 2.0547536940513223e-07
249 3.6973074229410053e-05
254 4.3415549704232325e-05
256 6.496100591712853e-09
262 3.713279910248887e-09
264 5.367797284007668e-09
265 2.555730286188992e-09
267 8.132436670720933e-08
268 3.31141926666234e-08
269 1.6086995592355652e-08
270 1.0446923700620965e-09
271 3.423329094926946e-06
272 4.7758236250677745e-08
273 1.3741322816840647e-08
274 4.376632550807392e-08
275 1.145493398639181e-06
276 1.1042613937946693e-08
277 1.1825255071225219e-09
280 1.4110988930633161e-08
281 9.149899112889472e-08
282 5.137411033581352e-08
283 1.3223966946618744e-07
284 6.889392538118475e-09
285 7.132611141403969e-06
287 7.140204761466767e-06
289 5.360187414566609e-09
292 1.4326708318627154e-09
294 5.9591258231658436e-06
296 6.646282961903375e-09
297 3.301853747108329e-07
300 2.3149220731105266e-07
302 2.9971044590992067e-05
303 1.623129172094217e-09
305 1.4736253516172874e-09
309 9.882857264065841e-08
311 1.6413393825746955e-06
312 1.313573280854984e-08
313 1.800104733033967e-05
318 3.1417776305148087e-07
321 2.0603444890455044e-08
339 1.9995733778724308e-09
340 1.1913278724298665e-07
346 3.6941052448201664e-10
347 3.321577351542447e-09
348 1.4546325632438665e-09
350 3.1833434401442675e-10
353 1.0069686682688877e-10
354 2.227860985877032e-05
363 9.52986867597123e-08
366 2.2454683145279988e-05
372 3.383659672353123e-05
381 2.276517784912842e-05
384 1.0650166368583656e-07
385 1.289601108336903e-09
386 2.1416975096516785e-07
387 4.2947282562951836e-09
388 4.49136805428713e-09
389 6.452186983027317e-08
390 4.6579237761933803e-07
391 3.723640432891543e-08
393 4.156402372844356e-07
394 7.814461441504199e-09
395 5.476974061063598e-07
397 9.898065945403295e-10
398 4.830019567390379e-07
399 2.402466460515678e-09
400 1.731388712878659e-07
401 1.8785873085101995e-07
403 2.0910777906383427e-07
404 2.3634977907287992e-07
405 1.494217692966506e-07
406 7.281247258096535e-09
410 1.4800345579436581e-06
412 2.185452304940759e-07
413 4.0344523919759835e-07
415 3.6194300164981344e-05
418 7.290951357182673e-09
433 2.476230356610564e-07
434 6.82093230242878e-06
436 5.385234188962124e-07
439 2.0184627912945525e-07
440 3.951982476349026e-08
441 1.9335247357127886e-06
442 2.658352390392806e-06
446 5.702865475560447e-06
448 9.705213893136297e-07
452 9.918533023649583e-07
454 3.1369809645514402e-06
455 6.375946491522602e-08
456 1.183001652974605e-07
459 7.82641851751126e-07
461 2.1029508397373388e-07
462 1.3471400406296781e-09
464 7.997361264475133e-07
465 2.89296451493923e-07
466 2.0215376997974473e-07
469 3.847079053441166e-07
473 1.7176874224717101e-07
475 1.370065828104168e-09
478 7.697974187055424e-08
480 5.459838223200927e-08
481 8.153213625178438e-08
483 1.4407093777346507e-08
488 0.00010883543404257258
492 2.1184946688809118e-07
499 4.7216690126548867e-07
507 5.156559602335977e-06
509 4.957315738706938e-06
511 4.3495337047920426e-05
514 4.7463644435014425e-06
515 3.092983829192959e-07
518 4.164608035249438e-07
519 4.837673053893429e-07
522 1.4790301138597605e-06
525 3.490391868046394e-06
529 1.7874921316346326e-07
531 9.706652947448879e-08
533 3.290522490076072e-05
534 3.505524740301248e-07
536 9.481021423625939e-07
537 6.215799384041341e-06
538 1.1814960563841952e-07
539 1.0744481676074573e-06
540 3.705022118195792e-08
541 3.860005151097708e-07
543 8.888363423377127e-08
544 2.3591297236098785e-06
545 4.572442457468098e-07
546 4.011982848667197e-08
549 8.768291233332968e-08
550 4.853798034915554e-09
551 2.4649107995247534e-07
553 4.580180648681318e-05
560 8.581773350552071e-07
561 2.5659347717354862e-06
567 3.8085859276708723e-06
573 3.408390998655078e-05
609 1.1810141332427503e-07
611 8.968433271305684e-08
612 7.194788829941418e-08
613 1.0719696306722449e-05
615 3.187121362960773e-08
619 1.1131153882040262e-05
622 1.448905860989134e-07
626 3.8086425511139306e-08
628 2.0891743687047753e-08
632 1.1115989142438728e-07
633 7.235246408751691e-08
635 1.7526525818266185e-07
640 1.9750711448594499e-07
641 8.271847413506145e-08
645 8.607482577534286e-09
646 4.726189630764198e-08
647 7.894680356098463e-08
648 1.222142280241452e-08
649 4.346385952342314e-08
652 3.3082282182716225e-08
653 3.044967421511137e-08
654 4.4456328643572504e-07
655 1.319533232609306e-07
659 2.675392653308943e-07
671 3.917572742214738e-06
678 1.3843018031534371e-05
710 6.111278244890776e-08
721 2.4179723576459545e-06
722 5.948254077195142e-07
723 3.950871408146877e-07
725 2.2798866007898625e-06
726 6.870916133809254e-08
730 3.664578296312774e-09
731 1.4715483922530971e-09
27 1.5232979387213269e-05
28 4.0704174305873136e-05
65 2.387328055490168e-06
105 5.633638002812479e-06
154 1.2025882941959528e-06
199 1.3404471591301877e-06
221 6.178816644186986e-05
226 4.862593102817607e-05
245 1.2734280226022032e-05
247 2.3552795678524716e-05
291 2.133245153371225e-05
310 9.513093742800323e-05
330 1.2334006535010669e-05
458 3.0618310480614014e-05
484 9.466201538949312e-05
491 6.623777408236202e-06
521 1.39448637941676e-07
562 1.796541966882261e-05
565 9.434020442200602e-06
571 2.825848471990799e-05
686 3.645706235444681e-05
159 3.28620338386945e-06
490 0.0002437648713743906
523 3.644936460667181e-06
676 1.7916040059544172e-05
17 6.058951520801148e-06
38 5.763091614677872e-05
163 2.9695917758466828e-05
102 1.1047616968178595e-07
117 1.0130497846151567e-06
457 1.204187011963359e-07
610 7.157119880007829e-08
317 5.933239396684991e-06
408 9.507819031597603e-06
414 1.133768528933107e-05
535 1.253740565969937e-06
621 1.420314617992234e-06
642 2.502544302001985e-07
32 7.90235330221636e-06
378 6.34899870005094e-05
409 8.01549186499961e-06
437 1.780733650477133e-05
496 7.506598331380835e-07
583 1.2235930732084367e-05
450 2.8537288092892332e-08
656 7.353074280021319e-08
624 7.697780640364573e-08
124 1.3866163242769104e-06
135 1.8393209723741136e-07
177 1.496313130515563e-07
504 8.441272871686618e-05
616 4.393678086751241e-07
651 1.2575757086480576e-05
658 3.6811588056108386e-07
73 6.393667119210083e-05
153 0.0001276825917332327
188 4.272193279739334e-05
575 2.6976121542775323e-05
53 2.4197766586327424e-08
99 2.7559433252618756e-09
263 1.2211927111529522e-08
526 2.7722393200910323e-09
620 7.034507594969484e-08
638 6.31076443043686e-09
8 4.645350439620866e-08
266 1.547556003381222e-07
358 2.974569706739824e-06
572 1.1122359573173488e-08
631 1.0817822497160163e-08
692 8.485656935512618e-09
7 2.6552040372300304e-08
351 2.8714824612940946e-08
428 4.0977928983918805e-09
445 6.639896138472205e-08
608 1.0161515574429597e-07
625 6.457281371187405e-08
630 1.9898892976163534e-08
636 1.499721965712908e-07
643 2.733567162297375e-08
650 7.785463509990386e-08
698 4.61986843413607e-08
55 4.7197699547750093e-07
175 6.302888182786433e-08
304 1.7864116453586038e-06
407 9.478498101282789e-05
411 4.297244043611391e-05
524 3.0917436439735644e-06
578 1.8887881540179203e-06
617 0.00015269998983225876
627 1.7515107916877955e-07
629 1.7918493229609171e-07
637 3.2183898570975204e-07
657 9.582142092115518e-08
661 8.396254602379615e-08
361 1.2342682022275537e-05
362 4.301254227215483e-05
506 0.0005359629003692055
716 2.1544583939802323e-06
118 1.5238574306498462e-09
182 1.404717278397936e-08
349 2.32639384571348e-09
451 1.1410257168549898e-08
4 2.9452724311871943e-07
79 5.11507907929446e-09
142 1.372171017253635e-09
215 2.177525116006676e-09
290 1.4956224084249723e-09
528 1.2631261928329194e-07
639 7.356065757089249e-09
724 7.177359467612696e-09
14 6.710183454220414e-09
241 3.3119320638646398e-09
258 1.2018489948283708e-06
293 1.1235015526849109e-08
369 5.1032217450878705e-08
370 8.384094376594499e-11
402 1.4265388737747226e-09
425 9.73927179027205e-10
468 1.1148776705330197e-08
243 7.078075077451353e-09
396 5.6584769495017196e-09
421 2.229454184893333e-09
424 7.498297594787177e-09
427 2.9297569424447125e-09
430 4.282516177527118e-09
720 5.884776478146302e-10
729 7.63111872551385e-10
183 3.0985493105897115e-06
345 1.3069958300092144e-05
431 1.0696849091878812e-08
498 9.803202882900174e-05
574 3.289748692556968e-06
693 8.875162075312869e-07
161 5.3440512744388516e-05
211 5.561251452499647e-06
227 1.1246173240188276e-06
343 6.386781052206931e-06
527 1.3755258326314473e-05
563 1.0368134761643664e-05
669 2.8605922589790197e-05
717 3.064721659175555e-06
112 5.125286402343834e-09
144 5.377865536226678e-09
242 5.1780382768224843e-08
261 2.4595134251871943e-07
140 4.797574847667404e-09
146 7.813220922930495e-10
373 1.2437080848644214e-07
299 2.9648954501475368e-05
110 1.0940790640578698e-06
460 6.453817757528348e-09
371 3.2252662181998416e-07
607 1.282970304750243e-06
174 7.18437141872309e-07
520 4.719690049810529e-06
123 2.102048991181528e-06
155 2.58666041251468e-05
176 2.194410894631038e-06
314 1.755152475289628e-05
485 0.00016512094993039974
489 9.119347253112455e-05
494 0.00024512958715984827
558 0.00013065387024366283
9 2.2226225216411408e-05
109 7.057487942526277e-07
172 1.0477569025415054e-05
184 3.735674849255985e-06
278 1.0615160530411773e-06
315 3.5326228583040497e-05
422 2.75948828036227e-07
438 5.728875445838412e-07
476 6.380852937484271e-06
493 7.611870098060343e-05
87 0.00017325688084076314
122 6.81505087745713e-06
128 2.3329978487687503e-06
169 4.263819168776988e-06
374 6.967683504642299e-05
691 3.196714657163956e-06
341 2.909605591701817e-10
364 1.1982099844407341e-08
690 1.1686070958060505e-06
147 3.425452921268893e-07
328 2.17737581098299e-06
334 1.9426979901804318e-05
352 6.224305790238584e-07
365 2.500730175084975e-05
449 8.96215199583513e-06
192 1.307051929182928e-05
416 3.613526194875821e-06
516 1.1340697764292356e-05
584 9.62329902703718e-05
423 1.331397147205169e-08
173 9.129974975263598e-07
329 8.403144077442357e-06
139 4.081882993935273e-07
377 3.4491575078300026e-06
10 0.0001639748211530364
168 5.0428093868336754e-06
435 2.1720345942243727e-06
164 2.093408267954157e-06
570 1.629266726005876e-07
447 8.11824086485275e-06
588 8.778621985309511e-05
568 4.072977565436486e-07
