16
-0.02154640882952818 -0.0034481245288154106
-0.006219220994696827 -0.026094620435135465
0.02234331834479795 -0.02088531325878106
0.024870769988164385 -0.00681874778745135
-0.02206912990327261 0.0021054752723938313
-0.006749067567930628 -0.011153915353220103
0.029235311973113808 -0.011015450460769403
0.03242430681204292 0.001144017732407706
-0.017462412584170372 0.009928945610458874
-0.006844534635012531 0.022419315692765313
0.038515923357623626 0.010929687009930312
0.04695126543399118 0.016953267124978105
-0.013026862153372877 0.016746876621227237
-0.005288597341218368 0.02688279533160725
0.02961221354895805 0.018025897068573837
0.04915517088994908 0.02514136813766259
