16
0.0007402910550919668 -0.014517854533719654
0.0024216926152203265 -0.009566306026164744
0.01110073729596901 0.00306050597384783
0.010241888314801679 0.005591429276063125
-0.005113508989147935 -0.009116738005769487
-0.0008345742611084242 -0.002772558142769433
0.009045161647931297 0.003845557509166249
0.00854746102827155 0.003943927721783376
-0.008614061128310223 -0.00037360732432388137
-0.0028803639718974544 0.004980373701410238
0.009475432263882793 0.007079292255328904
0.00860556606049089 3.684296832680734e-05
-0.00895664089979457 0.008003725113975645
-0.004611948171041475 0.006503976111121269
0.006149237019924049 0.009413208887171114
0.008950184853554583 -0.003752941084832854
