1 0.00014615529157690585
2 2.387200315648702e-07
4 4.1148358479257234e-07
5 7.334170665260545e-05
6 7.307838283592494e-06
7 2.823822058564885e-07
8 7.261186658274324e-07
9 3.698986548385314e-05
10 0.00019723205952958283
12 1.4345513938720475e-05
13 2.1272642948169905e-08
14 3.2692537556930345e-08
15 6.542251449655084e-07
16 1.6931834872614478e-06
17 9.31647478311979e-06
18 1.3930414729644499e-06
20 5.252807442806097e-06
21 1.3644686232263354e-05
22 3.016461871145304e-07
23 7.773204284658009e-07
24 1.325588952740471e-07
25 4.585019675938051e-07
26 1.4309778936242835e-06
27 1.5300567276513337e-05
28 4.34758113612324e-05
29 0.00023888918046884952
32 1.0420271220529065e-05
34 5.9767484802080654e-05
35 1.5754290235422012e-06
38 6.831874381191554e-05
42 0.0001203512836539674
45 2.482098834606951e-07
47 8.918623253283845e-06
48 8.916465287533541e-06
50 6.919573956777064e-08
51 9.929418409381565e-06
52 6.1723211383144e-07
53 2.7970992542936455e-07
54 1.8501753314452825e-07
55 1.0615951210132196e-06
56 1.7445068034011588e-06
57 3.912518080284182e-06
58 1.0396548051705033e-06
59 6.403506964439444e-06
60 1.3682477879119312e-06
61 1.0345378843213787e-06
62 4.418073447012125e-07
63 2.2097289803800227e-07
64 4.144412041779004e-07
65 5.843770378055401e-06
66 7.202656466365843e-09
67 1.0167626035037395e-06
68 7.171876590362686e-07
69 2.153647155938919e-05
70 4.778008738330995e-07
71 7.176363078568156e-07
72 1.997159383610503e-07
73 7.935384207498217e-05
74 7.607971444712536e-07
75 4.193408428009703e-07
76 2.023313246327811e-08
77 3.952317693900657e-09
78 3.5569652026552304e-07
79 3.3772113455856854e-07
80 4.500469792083585e-06
81 1.24792984484895e-06
82 1.6822393907674168e-06
83 3.8294324518172885e-08
84 5.848342864968959e-07
85 1.17501726173055e-06
86 2.7152749654171925e-07
87 0.00022254378154137484
88 6.539361990243905e-05
89 2.700841506122203e-06
90 2.3869271820730077e-07
91 3.6205533933637296e-07
92 1.6354801847623624e-07
93 6.1069766151607e-07
94 4.38146460584764e-06
95 1.7069908307178498e-07
96 4.100367117302104e-05
97 1.7343139201833065e-07
98 2.5527518690138213e-07
99 1.0146069145803173e-07
100 6.60103945802545e-08
101 4.75649970272296e-08
102 1.1004883253527712e-07
103 1.281971610423489e-07
104 8.036855273230008e-08
105 8.557974655018451e-06
106 3.0674402583887735e-06
107 4.9061187223554e-10
108 2.96751780429269e-09
109 8.766827375417297e-07
110 1.1378990215002345e-06
111 3.448138978078083e-08
112 1.9110226629053385e-08
113 7.807559265042563e-06
114 3.7219715456993656e-06
115 1.0779262168806097e-05
116 7.753556369840196e-07
117 1.5472210161285506e-06
118 7.182534970695747e-08
119 2.7910132234570113e-07
120 1.038695439242767e-05
121 2.1186270906608453e-07
122 1.0591864104855119e-05
123 5.125772452879325e-06
124 1.4970800303669804e-06
125 6.503326500920142e-06
126 8.818209904202226e-08
127 4.376495177143422e-07
128 2.927636815459024e-06
129 4.714666296093296e-06
130 9.820027074727088e-06
131 1.2631295653131623e-06
132 1.6513820078637164e-07
133 1.474245734066036e-09
134 3.2472625376420765e-08
135 2.9025113584970357e-07
137 2.8730147592111517e-09
138 1.7977096897267497e-08
139 4.7087945548576225e-07
140 4.46766052373166e-08
141 3.8944636239064655e-06
142 3.1253415281609247e-09
144 2.1963305638100364e-08
146 1.7835412845004014e-09
147 6.656563394673006e-07
148 9.454976517280658e-08
149 2.2728313124301265e-05
150 1.0680094990730615e-07
151 2.1795276561520284e-06
152 4.019113510085932e-06
153 0.00014894505505169415
154 1.8950250645427712e-06
155 3.987254067883043e-05
156 3.6369251785472396e-08
157 1.9891990775580468e-06
158 4.682707174047232e-06
159 4.227509502625069e-06
160 4.816426374479889e-06
161 5.538500898213316e-05
162 2.78114863475024e-06
164 1.888434815400901e-06
165 6.528229981552522e-06
166 6.675587506986103e-07
168 4.689045432814427e-06
169 4.005182975666676e-06
170 8.570326503659009e-06
171 6.924703571768061e-06
172 1.270394815489668e-05
173 9.954976916699017e-07
174 9.891883232258748e-07
175 2.7823012021827434e-07
176 3.4120234750205844e-06
177 6.148775728863469e-07
178 1.1610876096416053e-06
179 2.108512832536286e-06
180 1.2370608676625009e-08
181 7.239648182375274e-08
182 7.00831002640609e-08
183 3.6653426838105693e-06
184 7.1134145876315275e-06
185 1.0956429093616909e-07
186 7.218882284162315e-06
188 3.200290965093532e-05
189 1.717951441563554e-07
190 1.0417833104330553e-06
191 6.37266781485176e-06
192 1.749247735439405e-05
193 1.3193519530915158e-07
194 1.3074236339801499e-08
195 2.1855983272272178e-07
197 2.2451358798982203e-07
198 1.0420631457352716e-07
199 3.0699640106108475e-06
200 7.551322934375218e-08
201 4.807250060645631e-06
202 2.026346259148515e-05
203 1.3670942100892853e-06
204 1.0807684263434552e-07
205 3.1591095565948815e-07
206 2.4339872133955945e-06
207 3.118856958215861e-07
208 2.751213610257725e-07
209 5.204526134863032e-07
210 1.2516189138441052e-07
211 1.013745093165176e-05
212 2.2154318171313935e-08
213 5.457404912435569e-08
214 8.02810334743562e-08
215 7.038519330172371e-09
216 6.39282185422796e-08
217 3.989249441976135e-07
218 1.13618361017822e-09
219 1.727531092815881e-05
220 3.2514110298314123e-07
221 9.727873599088309e-05
223 1.3642091329286785e-05
224 1.5107700798522914e-05
225 5.393273205878583e-05
226 1.0362053507116513e-06
227 8.67863645803113e-06
228 1.232714616782916e-05
229 6.068823248503326e-07
230 5.016514391972709e-06
232 5.416961995679292e-09
233 1.5502759862440277e-08
234 3.7462975094155728e-06
235 4.61527749152036e-08
236 1.1499097424101556e-06
238 4.601343452461126e-08
239 1.1014092882334577e-07
240 5.600022414941253e-08
241 6.304104368404775e-08
242 1.0782818008781061e-08
244 5.942208797886981e-07
245 3.5252902920359005e-05
246 4.4753292234556096e-07
247 5.717730359901852e-05
248 4.337775328125129e-06
250 3.182345762731385e-06
251 2.4268591130265795e-05
253 5.726577084953751e-07
254 4.247527792874311e-08
256 1.3057898066904957e-06
257 2.652865311900502e-06
258 8.409029370456116e-05
259 2.7913372625797013e-07
260 2.9056112259385766e-08
261 9.75456903050796e-08
262 3.9511479286121945e-08
263 6.883638823581851e-08
264 1.5620772447225737e-07
265 1.6639076181080398e-07
266 4.4531727619269825e-08
267 1.5518450895349386e-08
268 4.1228555658323084e-08
269 3.5741151940431407e-06
270 3.106586337388507e-08
271 9.42712875316746e-08
272 2.784286335470174e-07
273 1.2573842363650977e-06
274 2.263119114731142e-08
275 1.1113571367747712e-08
278 1.4680383909771281e-07
279 1.643210738560325e-07
280 1.3150989777845072e-07
281 2.564796638207724e-07
282 8.946362396395584e-08
283 9.090541706193594e-06
285 9.206927318421093e-06
286 4.736090850961451e-06
287 6.936934759606457e-08
288 1.6279518527122936e-08
289 2.5553458106817438e-05
290 3.6246529578527975e-08
291 1.0101335602082101e-07
292 1.1941359407730365e-05
293 1.4609013689508642e-05
294 8.678551172670095e-09
295 3.8479877592305564e-07
296 7.408289054189425e-06
297 3.77038282914563e-05
298 3.191646446847268e-07
299 1.3530629836318056e-06
300 2.782084793055e-05
301 1.240450957826732e-07
302 1.6954751934824217e-06
303 4.3636671031110375e-08
306 3.2013236370832505e-06
307 8.222859630146495e-08
308 0.00013793442277516352
309 1.8518302526323605e-06
310 1.2223060510333764e-06
311 2.212409712430448e-05
312 4.334512530908526e-05
313 4.845543968448083e-05
315 8.430838000225614e-06
316 1.1646511944435105e-06
317 3.058038316308098e-05
318 2.7593099447678436e-05
319 1.721554631215467e-07
321 9.526407442295943e-06
322 7.624735876459927e-06
324 3.453516003718508e-05
326 2.325120813700487e-06
328 1.4610872902307642e-05
329 3.066131192912872e-05
330 6.160190917707329e-06
331 7.061615860942389e-06
332 2.578541648224746e-05
334 1.8297376212182397e-05
335 6.411870194845642e-06
336 5.859386647816908e-06
337 2.734051608533367e-07
338 1.701435633714919e-07
339 3.7519520865416807e-10
340 7.643550218310419e-05
342 9.595300210251117e-06
343 1.725974793176926e-05
344 5.741308066255497e-09
345 7.858404690110043e-08
346 5.4051498479390266e-08
348 8.118913575167399e-08
349 2.2612333962442577e-08
350 6.972910186249086e-07
351 1.5173626067369378e-08
352 2.7263045071218597e-05
353 5.5360278658630645e-06
355 1.5120632055503495e-05
356 2.697483764961225e-06
357 4.890211072177199e-06
359 1.3507921819559634e-05
360 4.7571703610557204e-05
361 1.9575852499213424e-07
362 2.6555257649978906e-08
363 3.171174629461621e-05
364 2.8287605224736256e-05
365 1.1426771064849396e-05
367 1.3004586624462694e-07
368 1.2442086005395004e-09
369 4.6015542317379314e-07
370 3.756987826227467e-05
371 2.6769476966137145e-07
372 9.423706415891387e-05
373 2.8663809283179318e-06
374 4.092777574407971e-06
375 4.719041759659777e-06
376 7.867055860161917e-05
378 1.0076363936706397e-05
379 2.854516334778614e-05
380 1.089834143958514e-05
381 2.470824268094926e-06
382 1.00956958873935e-06
383 6.051130981686847e-07
384 3.927744273376741e-06
385 6.842310363347297e-08
386 3.512110898871883e-08
387 9.494705188341938e-07
388 8.898190176551108e-07
389 9.28258396145224e-07
390 1.1747235647143386e-05
391 1.5565493393819098e-05
392 9.097747276590496e-07
393 4.085338159858551e-06
394 3.902311121692233e-09
395 2.251882197258851e-09
396 3.458368260431767e-06
397 2.030578577218312e-07
398 7.174537614525956e-07
399 5.813706151903578e-07
400 6.0901263488849e-10
401 2.674102578404316e-06
402 2.2187549898523277e-06
403 2.388550186419951e-06
404 3.531966685592635e-08
405 0.00013559409816993825
406 9.7436901096723e-06
407 2.0313125277150666e-05
408 4.278085396296055e-06
409 4.6158727325948486e-05
410 1.999292232684442e-06
411 1.079518407122944e-05
412 1.570381889769884e-05
413 8.665672194149612e-05
415 1.6256745627075696e-07
416 1.2409572758524554e-05
417 1.6670829141716188e-06
418 1.1773206224845473e-08
419 4.705341670300582e-07
420 2.9642121448444968e-08
421 5.200809333098438e-08
422 9.408917890561764e-09
423 2.3644060249858036e-06
424 1.3942187828451812e-08
425 2.409382330569557e-08
426 1.0491889852959852e-05
427 1.4367007228072931e-08
428 1.0141033822098672e-07
429 4.353647940293357e-06
430 5.277648175189598e-07
431 8.180323728902983e-06
433 4.4911303906967565e-07
435 8.716823188422292e-07
436 4.1679170841995705e-07
437 7.667718697053272e-07
438 2.786211743703892e-06
439 2.6564807243869774e-06
441 1.9456571431649664e-05
442 2.564812057988947e-07
443 9.141740519426023e-06
444 6.119252624394696e-05
445 1.4362921096800414e-06
446 9.3679157206064e-05
447 5.002579490796798e-07
448 1.3432741949630325e-06
449 3.927467571411543e-06
451 5.113283932177296e-06
452 3.773001495474523e-07
453 1.0428352104137354e-06
454 6.050633483805669e-07
455 6.711083237462009e-05
456 6.21385280287231e-07
457 1.4370568719025702e-08
458 1.5914376779588935e-06
459 5.285918094512475e-08
461 1.5768748363110155e-06
462 1.0179305935509498e-06
463 2.602875029146452e-07
464 2.2464519164709667e-05
465 1.3940738725291596e-08
466 2.163707941208458e-07
467 8.715856233475863e-05
468 2.9279199058730123e-05
469 2.8015053362077546e-05
470 6.1564794530206e-07
472 8.375194649859238e-06
474 2.430580505723918e-07
475 2.1396564583623593e-05
476 5.158952338773761e-07
477 1.4576763256649677e-07
479 1.071311469142455e-07
481 0.00020269406954314585
482 1.7205735635361985e-05
484 0.00013652551649223434
485 0.00021395850416415944
486 0.0005470019942746945
487 4.096056170573333e-06
488 0.00010179975766510758
489 0.000515657962255477
490 2.4300661630598244e-05
491 0.00013092063114614723
492 3.2136507994627563e-06
493 9.179535848227052e-06
494 1.5173434150961879e-05
495 6.913713443705207e-05
497 0.00010041502195933633
499 0.0006603196361056205
500 7.506286002515946e-06
502 1.610478072373052e-05
504 4.556602107164898e-06
505 0.00010577923763288046
506 6.97516722793693e-06
507 1.2843718273429589e-06
508 3.6421290511122255e-05
510 8.787988362643637e-07
511 7.059794050628452e-07
512 1.774845050279664e-05
513 1.1988218523712752e-06
514 5.361869173670346e-06
515 8.936177339929771e-06
516 3.0905490452079185e-06
517 6.271756474546928e-08
518 2.389930931990534e-05
519 2.279350255672705e-07
520 1.4905725489381003e-07
521 9.449993287723325e-06
522 6.92624789696037e-08
523 2.9646262719963277e-05
524 3.7783898899389806e-05
525 3.704647341588431e-07
526 2.7110022037253105e-06
527 9.442880988773703e-07
528 5.9152050948597475e-06
529 3.763570722988093e-07
530 1.6563317417158351e-06
531 1.9454283644526175e-07
532 9.035248027982682e-07
533 1.3643321093543132e-06
534 8.087911688953951e-08
535 5.870765186305244e-06
536 5.600318973814076e-07
537 1.0292639642962554e-07
539 7.405347493431029e-07
540 1.3196121711856904e-07
541 2.7977920098275313e-07
542 1.0330657023861544e-07
543 5.5311147460272386e-05
547 8.880757003630035e-06
548 2.5884144394822306e-05
549 0.0001783607451773047
550 3.0363371414030842e-05
551 7.163515576947545e-07
552 3.3439230231398096e-06
553 2.063588111660251e-05
554 1.6809263119338967e-05
556 1.0288074895563405e-05
558 7.3566105179577104e-06
559 6.096140882073046e-07
561 2.367446753784742e-07
562 3.733329786673405e-05
563 1.3489724648962798e-08
564 4.05653353325169e-05
565 5.37674263304534e-06
566 3.0021182873442588e-05
568 4.3548194046127744e-07
569 1.9041076817214672e-06
572 1.2086774787359552e-06
573 6.49101163691573e-05
574 0.0001161899450786026
575 2.0531329544350897e-06
576 1.5852935831521793e-05
578 0.00010692896779140755
582 5.564219288341729e-05
584 7.262839302907406e-06
585 1.1573795871954412e-05
586 6.293555643224042e-05
587 3.2606656134928764e-05
589 2.8893202540377695e-05
590 1.3436399651703885e-05
591 3.5206720766745384e-06
592 2.5961182201580437e-05
593 1.0944570801407197e-05
594 1.4760163972429252e-05
595 1.1756540618756257e-06
596 5.8336393576137294e-06
597 1.851333194580914e-06
598 2.123189131949353e-06
599 1.2872495500462225e-06
600 6.563041717207366e-07
601 3.4419151928611647e-07
602 3.606290822944199e-07
603 1.3194273171535223e-05
604 1.3282473706060408e-05
605 1.1187200363290418e-07
606 6.535513365688009e-07
607 0.00016173562444322004
609 1.652022720332991e-05
610 9.804158060683838e-07
611 1.8753559506190845e-06
612 2.048653216847328e-06
614 1.5251776818778715e-07
615 2.920208705215714e-07
616 3.987570334085979e-07
617 3.4152288361954095e-07
618 9.927432869779688e-08
619 1.5590910800516896e-07
620 4.598045829165117e-08
621 9.96476621032991e-09
622 5.306705756503218e-07
623 7.214361090703109e-07
624 8.463122141437762e-06
625 7.262083653480083e-07
626 4.3224577061029585e-07
627 3.130833273397125e-07
628 1.3380469805262654e-07
629 2.673917608264143e-07
630 1.700893178933584e-07
631 1.2591369942859895e-07
632 1.8314737992364874e-07
633 5.432575478549022e-07
635 6.277587248964461e-07
636 2.347630892319515e-06
637 1.4998959902783425e-07
638 3.31445998892881e-07
639 4.394048943228614e-07
640 1.772607062394171e-08
641 1.427715880342523e-05
642 1.8207234530166796e-08
643 1.6032615953632334e-07
644 4.828676491723378e-07
645 2.5314115707049455e-07
646 5.876766070090734e-07
647 3.342674120632239e-07
648 5.89131103657414e-07
649 4.2967997567712103e-07
650 1.227543987059958e-05
651 3.4623339342563143e-07
652 7.156569376642181e-07
653 1.2066696521612887e-05
654 0.00010502596838842197
655 8.380143118799897e-05
656 3.819999084446109e-06
658 7.85893200497727e-06
659 5.332013245145269e-05
660 8.397659090423544e-05
662 3.91688250394658e-05
665 1.64099368754023e-05
667 1.9782986226989944e-05
669 2.8525741813439363e-06
671 3.0349435747779954e-05
672 0.00014169138934241022
673 1.2658409187558367e-05
675 4.651355216111272e-05
676 2.2854864161172303e-05
678 5.321928167635134e-06
679 1.2922877755516238e-06
680 4.381443136563654e-06
681 1.6602901864848857e-06
682 8.433655690724245e-07
684 4.768356457905807e-06
685 6.7638007518492795e-06
687 1.306621942527727e-07
688 7.288292951759255e-07
690 8.307214119159042e-06
691 1.572721669426653e-05
694 1.4763932993800206e-06
699 1.7218069086390154e-07
700 9.387298292997326e-06
701 1.458644503697344e-05
702 3.0002083552051175e-06
703 1.591062307066645e-05
704 8.872713200482205e-06
706 4.667701945999567e-06
707 3.1498272259098174e-06
709 1.5277126823642133e-09
710 4.896135939268808e-06
711 8.957127197298643e-07
712 1.8223685134534307e-07
713 9.12588519405567e-08
714 2.485045842579484e-06
715 9.059167703554836e-08
716 1.4115087715345298e-06
718 1.419386775411478e-08
719 1.042455960265788e-08
720 2.4245021750098447e-08
