0 0.00021921248487076966
31 6.816597020467497e-07
579 1.6859442588696886e-06
580 5.056298647468593e-06
145 9.024849128093189e-06
320 5.899223921637499e-07
46 3.305574205462983e-05
546 2.684840361724173e-06
677 1.133205552752686e-05
43 2.0940784112314803e-06
440 8.350493962545032e-06
503 4.394511586209174e-05
544 5.21705892655986e-05
555 6.165347970211617e-06
560 7.54931965096817e-06
571 1.5840925597682436e-06
583 1.9640340568565467e-05
634 1.3095136573862477e-06
670 3.807355278888892e-05
697 4.321218398367264e-06
3 0.0001701825277881036
11 2.172783692842415e-05
37 1.9422833528044127e-05
40 6.429223112518569e-06
49 2.6795317881688938e-06
167 5.072424768481704e-07
222 3.1905244442821995e-06
252 3.9129933525458925e-05
284 2.7942930824000348e-06
305 3.405410675894376e-06
325 1.2891849057701295e-05
358 1.3577413597447695e-05
498 2.068182702118134e-05
30 4.0995150505965326e-05
33 2.124597367561781e-05
36 8.434997745120974e-06
39 4.774345790472558e-06
44 3.890231130186568e-06
136 2.6668432615362766e-06
196 4.408867974524374e-06
231 2.4996965948314324e-06
243 4.749027312172103e-05
304 1.8629896154577117e-06
314 1.0991950816701169e-05
323 1.1620495275584658e-06
347 3.970048911531234e-08
354 2.6699494958640123e-06
366 5.111748581622808e-06
414 2.2616285406559197e-05
460 4.582870542239448e-06
478 1.4201723828506639e-05
483 3.797590051065538e-05
557 9.788411252935175e-07
567 7.144436064456395e-06
577 3.866910950953991e-06
581 2.0804019111675286e-06
613 3.127969609147877e-05
661 1.4548341864429493e-05
663 9.284823168031644e-06
674 6.804871814737708e-06
689 3.604685061051216e-06
187 5.23145388115384e-07
255 2.334264873099262e-06
341 6.646955699907777e-06
377 1.8406587461866101e-06
450 3.7501092472851067e-06
480 9.952680026977822e-05
501 0.00013346125808137493
538 3.7007316613535994e-05
608 9.862520787900291e-07
666 7.026759451477222e-06
668 3.130618053985354e-05
686 4.994627765008902e-06
693 4.557526971132434e-06
696 1.4594398574885325e-05
698 3.022833567620678e-06
708 1.0919593533806032e-06
19 3.7895520620362615e-06
237 3.3128413206341607e-06
327 2.632767576794256e-05
333 1.7469091316304078e-07
432 6.63952386487267e-06
471 2.7328882584591507e-05
473 5.890540895234993e-06
496 7.313598000813346e-06
657 1.8266412867334048e-05
664 3.72998644653928e-06
683 3.0806531778078415e-06
705 3.1220135318456777e-06
717 2.6801129203837396e-06
41 3.6969436012825025e-05
143 4.8657338363428425e-08
434 2.573895088012072e-05
509 1.2712006025407064e-05
545 2.8833384704927042e-06
570 2.004681514230354e-06
692 2.205012446414056e-06
695 1.465017121224879e-06
163 2.789460240465715e-05
249 7.51666790975491e-07
276 1.3508507405508222e-06
277 2.0347602813075732e-05
588 3.192747141378664e-06
