64
7.935335855883465e-05 -0.0017512170584785037
0.0010587183447616632 -0.0005301006256994591
-0.0002585686971211316 -0.0001893448680172468
-6.764712719007333e-05 -5.795398115578406e-05
-0.0014013079047715078 -0.0025701092078728592
-0.0013122006952221586 -0.0014694458433076446
0.0007102284908610566 -0.0006531866589321288
0.0006144685656749456 -0.0006897514099459848
-0.003913843476502567 -0.00043648711804344107
-0.0017563314522881922 0.00027131091259977264
-0.0017822950039356918 0.0017431105436686118
-0.00047773793710705726 -4.3289936655440754e-05
-5.642494696586547e-05 0.00042898365068137057
-0.0005217986064556301 -0.0008455795015114739
-0.0004770883457909753 -0.0010418743573693656
0.00022269035838611044 -0.00033084666489127104
-0.0010532580499420313 0.0008181512575613395
-0.0012178532065868573 0.0004446117468430202
-0.00040237568974708996 0.0009857727659988423
-0.00036633523700405865 -0.0014581227218952747
-0.0004307540222813724 0.00026157462646503505
-0.00014316641645046224 -0.002207582843729886
0.0009257422467886279 -0.001990634818070407
0.0014090028213443369 0.0005498683910378401
-0.0006398890373803574 0.0023524241777341153
-0.0006206249440119516 -8.394444741460281e-05
-0.001028226263267377 -0.00020040254122295794
0.0006978847161244909 -0.00118136689988768
0.0001967394125797024 -0.0001212436214414565
-0.0005695678587764224 -0.0023186617485202584
0.00039113014445806314 -0.0008271788604975207
0.00023735206383302174 -0.0002533201205630036
-0.001240529828083706 0.0008430124445215101
-0.0009678299035264695 0.0006515088855558894
-0.0008304114616465509 -9.499393307455713e-05
-0.00032637110913639843 -0.0015944763332143837
-0.0005101805857443409 0.0006885242696582706
0.000286571704412724 -0.002154021516592185
-0.0007230163264376326 -0.0008877222559893098
0.00034760147119230073 0.0015226239748815226
-0.002683262783321834 0.0005370742003854177
-0.001207766537040667 0.0006710303479972044
0.0007909379869217304 -0.0020884581725609786
0.0007620135220185952 -0.0012453791778501931
-0.00037630718902755136 -0.000164582292827445
0.0007274246567356868 -0.0020045796262387477
0.0002094913352228008 -0.0004890333521632927
0.0005770576782644536 -0.0016562422405832964
-0.0011519365385169263 0.0015133192682740939
0.0009488336162239964 0.0010959702643596207
-0.0007003846446700583 -0.002545505379412769
-0.000379247045224257 -0.0024153574696658625
0.0003517700160871836 -0.00018346033834661313
1.6562361487225477e-05 -0.001390993883779177
0.00026458930833117236 0.0002127200609761096
0.0012036112893762706 -0.0008172730854188439
-0.0005275854645037959 0.000495957636965416
0.002189059545110709 0.0006069999066666016
0.002957245874943049 0.002012665650903727
-0.0008274149258049431 -0.0006679736079631774
0.0007812715279813155 0.0017381720739309263
0.0007612664848081655 -0.002242348278801346
-0.00033453092097994095 0.0004472335333672503
0.00016886386817810777 -0.0003157241740586751
