64
0.0062444493179363405 0.006334983727101086
0.004673919912511515 -0.007517141424488127
0.011262976925380091 0.0016379297641540755
0.013815759372671255 -0.005239218713424453
0.015316063740830667 0.0010259123449082948
0.00717517347713267 0.006978879185132451
0.006331464770242783 0.010192405636460273
0.005422876196824983 0.01675466811271293
0.005178420779633623 -0.006340312997013204
0.009663802045009195 -0.005618298552112061
0.012731284479022381 0.005292760231455415
0.01458801858907781 0.006639700775072383
0.011768298654562378 0.009278910367531293
0.005192747728875495 0.012284148470712554
0.0041796870500783205 0.010487200230839423
0.005671844325578881 0.014742270166350173
0.002449100768208576 -0.021962884693517093
0.00998893803885242 -0.01119742793250672
0.010647647587928584 0.0059121801582860895
0.010633061114862192 0.013220672712424462
0.004775244079887208 0.018629510071514595
0.000452318501887741 0.020017066849768932
0.0006231693834874887 0.010736147966133204
0.002004014727908711 0.012233061732448286
-0.004635285692433333 -0.02988966841650215
0.0038692438990241044 -0.010785245021707855
0.007943153329690956 0.010211376891781197
0.005935682124993789 0.015945507882289402
0.0017962236064561644 0.02236657833035084
-0.00199396100345174 0.02306950540092193
0.0012496363267441497 0.013865538623860304
0.0041360629249260076 0.012840123136138859
-0.0014951083138561164 -0.02642298681805846
-0.0013633510323968537 -0.015092343432986403
0.007163860686925933 0.009719637323619837
0.006207819096313829 0.018432217312969276
0.0009530146583843805 0.022100032013762583
-0.003153979636517727 0.019982809424636018
-0.0035698964695549304 0.012661707400639925
-0.0010111364950690228 0.012703963718940057
-0.0073549586254673775 -0.02728444351450207
-0.003442868576118089 -0.018673719350354664
0.00019078127567895295 0.0064308254770244965
0.0010359734912418039 0.02046014630310727
-0.001280992228273145 0.019639185388764437
-0.001269276617022042 0.018011939646137384
-0.005009586826278951 0.014974609117428091
-0.0059250340121757925 0.023756136518304265
-0.0065357263833109944 -0.015539277175619173
-0.006906267467860552 -0.013437611716017388
-0.009214534649021154 0.007716604556849683
-0.003229511335998597 0.024656882224492575
-0.0015307069750447797 0.020132547383122867
-0.004411690664892487 0.01764527819432759
-0.00485967009306336 0.018884827673652075
-0.004965703777964328 0.02634854114139479
-0.011599639505368384 -0.004720932932817376
-0.010324055810697105 -0.005494003624529026
-0.013759644060664765 0.006522999373469161
-0.005734932426594735 0.0282225127866141
-0.0002678199914556048 0.022802658008057624
-0.006164044982378271 0.015244550508096248
-0.001279810240991541 0.019076620316849768
0.0018534122835158157 0.029777062923453182
