11 2.9852259069621273e-06
19 2.6812302076345317e-06
33 4.543434775007713e-06
37 7.099555626176672e-06
136 4.958315731321653e-07
167 7.468423860239402e-08
196 3.3069684075763264e-06
232 2.4544020761985713e-06
257 2.2009219339153794e-06
279 3.1338733122845746e-06
286 1.7967579988953725e-06
298 1.5546744092070313e-06
307 2.49208090941046e-06
326 2.3495400637030114e-06
327 2.859532493150401e-06
343 3.3407395417731706e-06
360 3.437396127666578e-06
368 3.4467617329109575e-06
417 3.641880339698664e-06
444 3.494902058546863e-06
453 1.7673665853769962e-06
463 6.777983137165277e-07
474 1.4833301596948802e-05
482 1.3132708346174728e-05
491 3.709887360198474e-06
508 6.414569906414721e-06
566 9.349885596953788e-07
576 2.2029511275680078e-06
581 5.6409205568536304e-08
583 4.073845792978398e-06
587 2.6187341687494296e-06
591 1.5120749985711167e-06
600 1.1698494090585874e-05
606 4.043791852821681e-06
663 3.157486511144007e-06
667 3.058568232198883e-06
672 2.2084796643285226e-06
674 1.6693248077200226e-06
679 3.0097409191198675e-06
681 1.130361677695746e-05
685 5.15355675123615e-06
700 3.7466876692822574e-07
703 1.9853419184261504e-06
709 2.2738226121465664e-06
719 7.601352115013117e-07
187 6.909611041306762e-07
356 1.91110932218899e-06
592 1.097985965060485e-05
707 8.023706564920966e-06
39 3.10626537680159e-06
379 1.4317523142146219e-06
382 4.160360729976287e-06
495 1.0530505703192219e-09
505 6.11066264104853e-06
623 1.2689989222921306e-05
416 1.8937249984715835e-06
547 5.511917021729848e-06
634 3.221060777569595e-06
245 3.5324812171199704e-06
