477 6.8197791235430905e-06
333 5.342493994994286e-06
689 2.7738234878825636e-06
320 5.4081276005776994e-06
471 6.932752299907853e-06
472 1.820211351370381e-05
36 7.005742742345412e-06
184 4.307492329619477e-06
225 1.4553602140321714e-05
665 1.5370139391717824e-05
670 1.0496471510230685e-05
222 4.513556606979887e-07
40 5.26869696967967e-06
231 3.277870815650642e-06
319 4.900502267184535e-06
392 8.711840788632939e-06
490 0.000253598881141967
597 1.7519783359814112e-05
415 3.28539118665597e-05
129 3.283142180163259e-06
673 1.849605483733096e-05
80 5.5034108012455e-06
96 2.610235350181043e-05
115 3.053574369973093e-06
449 8.232208791852971e-06
584 7.854870826937629e-05
285 5.763080155359169e-06
677 7.226458262701113e-06
713 1.9597322658059054e-06
122 6.265719975487293e-06
131 9.099526854169367e-07
324 4.22745459295241e-06
345 1.1926580703614276e-05
706 1.4806344928450103e-06
712 1.225573337308135e-05
697 3.2466316409464238e-06
332 3.4892481560179e-06
486 1.2016877665455384e-05
260 6.183142558486761e-05
5 6.726836610135151e-05
331 2.544271701747773e-05
548 4.5432620345648195e-07
605 7.107585478346203e-07
668 3.902736413832905e-06
683 2.8321413621422786e-05
675 2.946225388742127e-06
44 4.520083995346915e-06
141 2.6587086306321515e-06
334 1.7498760744084695e-05
359 3.4760516887357363e-06
120 5.6350876171253e-06
191 3.7041351226310624e-06
206 9.109284058210773e-07
476 6.321106401478456e-06
579 1.5645222052669551e-06
702 6.903118792580615e-06
475 8.541147166183025e-10
567 4.799611945779939e-06
253 1.068994614291247e-05
306 2.0420834392371943e-06
9 1.6854108275635526e-05
143 9.288761506936182e-08
556 7.319466859890862e-06
128 2.3049138908104046e-06
192 1.2391552573707557e-05
10 0.00015869920468061446
59 1.0389102333675916e-06
162 2.3900442669411945e-06
219 7.476449434511456e-06
224 7.95217991498192e-06
278 1.1019081950123268e-06
509 4.4340578924685504e-06
520 4.664907617323844e-06
559 4.693637367190462e-06
687 6.769240951483641e-06
690 1.0453025182709605e-06
695 1.937850577402313e-06
594 5.60898514534228e-06
383 1.6832223101568623e-06
503 5.989591031845326e-06
554 2.927897615037015e-06
510 8.772660148905145e-06
686 3.392879180538703e-05
25 5.403800421783468e-07
344 7.500000710962704e-06
46 4.450870860731323e-05
299 2.9283577110006824e-05
542 2.096922457810612e-07
603 7.543124927964877e-06
38 5.285493394848508e-05
164 1.8148363323483479e-06
168 4.385913662031637e-06
169 3.4816735762185717e-06
229 5.688511734449532e-06
323 6.208264706248691e-06
358 2.844529012460588e-06
377 3.3518966920251525e-06
429 7.402826654591541e-06
487 1.112450529343814e-05
512 3.050599958507374e-06
524 2.308174530009893e-06
532 2.130913957689256e-05
557 2.2947574940560397e-05
574 2.748197870868594e-06
251 8.135929256466373e-07
435 2.559956824193534e-06
618 7.22944123981001e-07
41 3.068318291786256e-05
662 3.2742043877777006e-07
113 2.4142643390400734e-06
728 2.5945807372837713e-06
123 2.087170416582047e-06
314 1.9117448513122086e-05
87 0.00015622822911672018
176 1.8672109846915856e-06
304 1.4157034201023946e-06
438 5.651392308848253e-07
124 1.332425402846146e-06
179 1.2432724927354389e-06
183 2.4966599685248413e-06
372 3.070814642887005e-05
374 6.835048682822046e-05
378 5.513308983967844e-05
414 1.0912497621862575e-05
479 1.526989212585091e-05
693 8.535687741051957e-07
694 2.460330716931465e-06
705 7.546433061922021e-07
17 6.563082046684083e-06
163 2.540782869273853e-05
420 9.577847255019258e-07
437 1.88923383106763e-05
516 1.3214304018534193e-05
598 2.5593740977944372e-06
716 3.035590837275506e-06
432 3.2253379938789296e-06
362 3.6381496163337144e-05
73 5.7869121550538824e-05
211 5.104471734723773e-06
563 8.86775349839648e-06
558 0.00011037818623709366
153 0.0001094508647340499
116 5.459750123186773e-07
294 5.92071325457402e-06
308 2.765060601489883e-06
328 1.932558392677004e-06
366 2.066276880857062e-05
409 9.168742075797257e-06
500 7.545599019032283e-06
561 2.4859530929647435e-06
578 1.5698054574991688e-06
585 1.5845788792262459e-06
691 2.6151509945522497e-06
718 2.3005531000784566e-06
32 7.07687809611806e-06
35 1.2714703247851904e-06
47 6.33290875418538e-06
221 6.374040080719784e-05
247 2.517185429200788e-05
259 2.102247915208208e-06
484 9.403928344094159e-05
507 4.550339256747052e-06
511 3.486212597814382e-05
527 1.4040124774640416e-05
571 2.4905094857624427e-05
573 3.5644467860810315e-05
494 0.00022657222256322084
18 1.2927506837605006e-06
28 3.539676221036199e-05
458 2.972480237759645e-05
6 3.7598384461595864e-06
65 2.2905013860034954e-06
117 1.0152851662835602e-06
139 3.8440889064672356e-07
159 3.4339237796669608e-06
201 4.553663977960678e-06
288 4.447760454370402e-06
302 2.5232724198087314e-05
317 5.682862832148257e-06
352 5.773054024479018e-07
364 1.1452283242077338e-08
365 2.404408580748833e-05
376 2.877847013489975e-06
423 1.4098537130787202e-08
485 0.00015573125782186037
493 7.417880338559794e-05
1 0.00011653770040655293
3 0.00017127659047940828
21 5.076926912360215e-06
34 4.8139923684432e-05
42 0.00010201419198638774
48 5.869244698970631e-06
145 1.0770665534602488e-05
226 4.54333212604887e-05
426 2.1264219957840263e-06
568 4.1622470567857675e-07
669 3.565504813898525e-05
255 3.221351008785427e-07
496 7.14309062761657e-07
188 3.4740009783210953e-05
291 2.0208935810988224e-05
330 1.1181453541273231e-05
717 3.0355972259710566e-06
27 1.295085323923777e-05
114 2.543526989421141e-06
135 1.9197870285740278e-07
161 5.1022018506105245e-05
199 8.776531105747709e-07
227 1.1176023658023686e-06
287 8.080651682382561e-06
361 1.1895127203381731e-05
498 8.993440842312923e-05
523 3.9637425060829504e-06
544 1.7624829918159194e-06
562 1.4139634337402024e-05
565 7.545114998189342e-06
12 1.0683469262776556e-05
60 5.849612918353334e-07
89 4.0412134052960257e-07
91 1.4057581981228398e-07
110 1.0459799744287145e-06
125 5.1701482670990196e-06
157 1.4690614983438066e-06
166 5.837899016736426e-07
177 1.1533621722370809e-07
185 9.143760262688682e-08
235 2.4363114782561383e-06
271 3.1454877659795387e-06
341 2.271675179566187e-10
354 2.0192174598539727e-05
367 1.0698034620991256e-05
407 9.532464987141754e-05
434 6.005663002527269e-06
489 8.136248534614153e-05
506 0.0005145016204447275
0 0.00020404343967005072
29 0.00020208905153103673
149 1.7035153978543937e-05
310 0.00010229036034213396
570 1.6183011042350863e-07
577 3.4042042033788633e-07
676 1.458607738561022e-05
249 4.008763853232833e-05
105 5.446574807478667e-06
106 2.3896062872554008e-06
154 1.0387167316117887e-06
202 1.5385354999956605e-05
252 2.015927138003059e-06
381 2.2677337002654037e-05
448 9.102270837757312e-07
52 4.0873597571009816e-07
53 1.588772758882788e-08
61 4.41419335480739e-08
66 4.289918237603582e-10
83 1.4160331730151718e-10
90 4.214407032132515e-08
92 1.2890514297318084e-07
95 3.004126131937168e-08
97 9.216078680424368e-08
98 5.339827939888818e-08
100 1.594738409362847e-09
102 9.037264389114089e-08
103 2.4303084657307116e-08
108 9.611799991992916e-10
109 6.762185746707956e-07
111 2.5086257205390173e-08
112 3.858213426974667e-09
119 1.2709404656032111e-08
133 7.125862487535331e-10
134 2.0922216779263798e-10
137 1.1156610395759759e-10
138 6.16937247257855e-11
144 3.6359663394428976e-09
148 5.567679263915342e-08
172 1.0140734772970195e-05
173 8.805041188198348e-07
181 7.298850306165737e-08
182 7.775997963936317e-09
189 1.0760240445237376e-07
190 7.608611642507611e-07
193 2.02117796702392e-08
197 1.6724986912848385e-07
203 2.1958098766634975e-07
207 1.357446429786733e-07
214 2.4118411163372904e-09
218 2.0881093472091798e-10
220 3.2831743381872243e-07
234 2.0826430305504244e-09
239 1.1775218437795648e-09
242 4.957498307004693e-08
246 1.6275233083088573e-07
248 1.8677527767165089e-07
258 1.1467946954036937e-06
264 5.252958164222994e-09
266 1.4646250302848837e-07
267 6.69008315109458e-08
268 1.9590069358196013e-08
269 1.3776851793616984e-08
273 1.2019315484086084e-08
274 2.632202194479223e-08
275 1.0452665973505e-06
276 6.536857113897109e-09
277 3.134627908405233e-09
280 1.534116306471455e-08
283 1.2856031814282177e-07
293 5.460806470257356e-09
300 2.112519913567567e-07
313 1.735173225182078e-05
315 3.355423379031514e-05
318 2.7210583456317616e-07
339 2.0005256117332838e-09
340 1.0722015341804327e-07
348 1.29095358078106e-09
350 5.616799477410783e-10
351 2.4239926094919376e-08
363 8.705868832089239e-08
369 4.3574856124076535e-08
370 1.750870107955674e-10
373 1.1137116255537039e-07
389 4.52453855132646e-08
393 3.0860644149590207e-07
397 7.810671785855016e-10
403 1.5328753397091624e-07
405 1.1487155860613207e-07
410 1.2313938551001972e-06
411 3.6049739417717206e-05
465 2.763332966927328e-07
492 1.6882825001522363e-07
499 4.3158263988776877e-07
504 7.970172550847361e-05
514 4.415589070791097e-06
522 1.3420261412239196e-06
528 1.2889439288576883e-07
534 2.5266789750966416e-07
539 1.0198929257934986e-06
545 2.7542399425864707e-07
551 1.6203088861652717e-07
607 1.2358324135416442e-06
610 7.316400673735846e-08
612 4.8015867813210986e-08
617 0.0001320121879588261
619 1.1220944851652333e-05
633 7.25882876649767e-08
636 1.335592619386838e-07
698 2.9024704399099887e-08
725 2.195383447510111e-06
726 5.409104849463584e-08
151 7.845285780920513e-07
385 1.7141414546430521e-09
422 2.5955632087116997e-07
424 8.965647844390382e-09
431 1.2196004083366812e-08
575 2.450229676916468e-05
2 4.739690240654945e-08
4 2.740716052131214e-07
7 2.042856328682005e-08
8 4.262412139565131e-08
13 3.4070923494315975e-09
14 5.489931691679856e-09
15 4.304995039329016e-08
16 2.622469340152515e-07
22 5.7113528724063205e-08
23 6.158278525132655e-08
24 7.471028526268809e-08
26 2.1856667444501746e-07
45 4.733006321545115e-08
50 5.710412940676433e-09
54 1.7826150948974564e-09
55 4.621504349767072e-07
57 2.5978249521800806e-08
58 6.999008961632264e-07
62 1.899985927501469e-07
63 3.4664089535105404e-09
64 1.3013711233339726e-07
67 2.0516015300662452e-08
68 4.277072021990638e-08
69 2.123027243574918e-05
70 6.336627063907954e-07
71 3.581395306237295e-08
72 3.980538084761985e-07
74 7.725767656327996e-07
75 2.4572200460475905e-07
76 2.807545878908912e-09
77 2.8075458789089365e-09
78 1.2000167372369134e-07
79 3.2801252222895165e-09
81 4.951177123021785e-07
82 8.446322063200206e-08
84 3.9385800958686417e-07
85 1.383318593597328e-07
86 9.968752066786357e-08
93 5.5831454141462924e-08
99 1.0589253990487123e-09
101 1.9294026045289537e-08
104 4.278837826794962e-08
107 5.6622005911838336e-11
118 1.3346139144071682e-10
121 1.87438329412878e-09
126 3.178467640797001e-08
127 2.0783419962783785e-07
132 4.6832292356308213e-08
140 3.371972073134121e-09
142 7.025647175727709e-10
146 5.804052889468583e-10
150 5.627497412961114e-10
152 4.560748184840256e-06
155 2.4527987819312477e-05
156 3.787572727178092e-08
158 4.646185560504656e-06
160 4.336864817642448e-06
165 6.337048354265525e-06
174 6.692192767513639e-07
175 4.7713457016468056e-08
180 6.171093650188457e-09
194 2.934814025817351e-11
195 5.471113859731287e-08
198 9.549621292825417e-10
200 1.5927871206676384e-08
204 1.4084512637128732e-09
205 7.577395742022521e-08
208 1.4520492201610947e-07
209 1.7405708801349718e-09
210 1.1974662468502661e-08
212 1.3555025445095635e-08
213 7.776130411722618e-09
215 1.5036738861181504e-09
216 5.249849925892458e-08
217 1.1821612514925012e-08
233 5.161448754986184e-09
236 1.3982363599336502e-09
240 1.1076926124741014e-08
241 2.6873621687621404e-09
243 1.0322792331064388e-08
254 4.3516219757424275e-05
256 4.610216219421876e-09
261 2.378964921415725e-07
262 2.8649337690273684e-09
263 1.2118014325905463e-08
265 1.6014000724656465e-09
270 9.386743719731484e-10
272 4.306288921050965e-08
281 8.093829137245275e-08
282 4.7782290971329735e-08
284 4.6625414485239636e-09
289 3.533534009434194e-09
290 6.602531533866718e-10
292 7.759575802785042e-10
296 3.2573913380245656e-09
297 3.207602297685276e-07
303 1.0646356664144774e-09
305 1.1743758395014834e-09
309 7.819648826633236e-08
311 1.5110004394033906e-06
312 7.579487415557263e-09
321 2.3738141445141303e-08
346 6.537823567510891e-10
347 3.506642404540398e-09
349 1.3029806180492453e-09
353 7.168228204483493e-10
371 3.100138800784311e-07
384 7.865666503763557e-08
386 1.2472742059321208e-07
387 3.3698354340292006e-09
388 3.046090659019978e-09
390 3.704703394550499e-07
391 1.2045815438743767e-08
394 3.1271140188692467e-09
395 4.201262087541314e-07
396 5.461927386808343e-09
398 3.743243868315276e-07
399 2.38647986818693e-09
400 1.3934187390479942e-07
401 1.727602378332298e-07
402 1.3321972207280766e-09
404 1.8076376506879182e-07
406 5.960945877878429e-09
408 8.774319796091583e-06
412 1.7330975543447956e-07
413 2.539115698387807e-07
418 8.606373109369947e-09
421 2.467404649807484e-09
425 1.300972836697038e-09
427 3.479063515770824e-09
428 5.725407944500519e-09
430 5.524716078161455e-09
433 2.0203925003323086e-07
436 4.0617137873351816e-07
439 1.7192085006121624e-07
440 3.3825886667969293e-08
441 1.8701185608321509e-06
442 2.528175846331785e-06
445 5.93152486058591e-08
446 5.642877821669327e-06
450 2.028140811073619e-08
451 1.2729834736335211e-08
452 1.3828694335458258e-06
454 2.9748042111878618e-06
455 6.011366846388283e-08
456 7.55083027376344e-08
457 1.0333142519031035e-07
459 3.028403989762806e-07
460 5.51615135518102e-09
461 1.2212475892440105e-07
462 9.78868531716877e-10
464 6.554650919324617e-07
466 1.5730005612297736e-07
468 8.844316940029228e-09
469 1.8241654187363348e-07
473 1.1229433941922174e-07
478 6.812599746932816e-08
480 4.242134954935304e-08
481 7.851513615431497e-08
483 1.1208084087051568e-08
488 0.00010820101660380922
515 3.1781163365588864e-07
518 4.1321600779356787e-07
519 3.209230441532925e-07
521 1.0288397894090161e-07
525 3.4229018780128784e-06
526 2.5595102235196933e-09
529 1.517068061141901e-07
531 3.579509385007374e-08
533 3.3195708766916587e-05
535 1.285472800473536e-06
536 7.85270959507673e-07
537 5.023040419371237e-06
538 5.214655439415157e-08
540 1.2206204721617508e-08
541 3.1597507781853853e-07
543 7.832643356351345e-08
546 2.6115099187674424e-08
549 5.1120622659598794e-08
550 2.163211534552151e-09
553 5.4554331814766445e-05
560 7.400954531828214e-07
572 1.063136780085624e-08
608 9.0921217370708e-08
609 1.2578399892595726e-07
611 9.041773827809136e-08
613 1.0892380328551273e-05
615 2.3834595373877783e-08
616 4.477632429797189e-07
620 7.498679125706013e-08
621 1.205499844212329e-06
622 1.2620994109419879e-07
624 6.316507781292424e-08
625 6.485463001257796e-08
626 3.171033272113271e-08
627 1.469370406964038e-07
628 2.854647163051143e-08
629 1.7697866242904715e-07
630 9.819044143401857e-09
631 1.001533345726902e-08
632 1.0310830675019919e-07
635 1.7847495608219464e-07
637 3.005582593472839e-07
638 5.160070246938683e-09
639 5.569383698634562e-09
640 2.0015940738022764e-07
641 8.052321149560118e-08
642 2.2680972057125535e-07
643 2.469766093425315e-08
645 4.7744077106523305e-09
646 4.662699757878816e-08
647 9.449691993970093e-08
648 4.295021206545156e-09
649 3.871743990862706e-08
650 7.748215835750392e-08
651 1.118540745665579e-05
652 2.8528739164427313e-08
653 2.8762658020663237e-08
654 4.090705119116352e-07
655 1.3563067909034483e-07
656 5.500095085971999e-08
657 7.729095993319356e-08
658 3.217871404692294e-07
659 2.6731711960943117e-07
661 8.321194211874665e-08
678 1.3722435674187734e-05
692 3.8402008941619655e-09
710 4.814095201036249e-08
720 4.664980950578285e-10
721 2.036479483909492e-06
722 3.7422205335121454e-07
723 1.855691261937222e-07
724 5.385440007191327e-09
729 7.190911299577374e-10
730 4.044992396314691e-09
731 1.5704789240037908e-09
