325 1.149452711814609e-06
355 3.2260308436041393e-06
49 2.1150784514441665e-06
171 1.4166420111747956e-06
230 3.6036424910096404e-07
244 6.560932420903432e-06
336 4.514467909020054e-06
443 6.068545009269959e-06
530 1.6431376996792993e-06
552 6.300222258740368e-06
564 3.3972561069720485e-06
580 7.167573294930496e-07
604 8.504897611136134e-06
704 3.6808608978150428e-06
715 3.930666272504123e-06
20 3.503698718686563e-06
30 6.6071342938248555e-06
31 7.619845898489345e-07
43 1.510581480544407e-06
51 2.847529711056644e-06
56 1.7381737947956578e-07
88 9.30673759733018e-06
94 2.5416075501969123e-06
130 8.359137813265916e-07
170 4.244274809711331e-06
178 6.865548795195661e-07
186 3.541531827111641e-06
223 1.1296310653663831e-06
228 7.069520781201387e-07
237 5.961338309833921e-07
238 2.4130943110930568e-06
250 1.7976501319751274e-06
295 9.298482707110631e-07
301 5.303530600343785e-07
316 6.5837875877920626e-06
322 4.4949878080165725e-07
329 8.21947386831864e-06
335 2.1738653340244215e-07
337 4.150199674715321e-06
338 1.2011472863781666e-06
342 3.4070843284334986e-06
357 6.055344493956868e-06
375 6.568275129500159e-07
380 1.2687631371756808e-06
419 1.5716671810791054e-06
447 6.383607175215594e-06
467 4.723602063260149e-07
470 1.9254359638205323e-05
497 2.4079189747005457e-06
501 1.1538565250164133e-05
502 3.2878857224316175e-05
513 1.1485782585242616e-05
517 5.0117280744520435e-06
555 1.5379283521433987e-06
569 1.5336248993766919e-06
582 1.8131338518744083e-06
586 4.624281217098907e-06
588 7.182156871876097e-05
589 1.407311064887818e-06
590 2.8520368517560903e-06
593 5.984374150961849e-06
595 9.081245015240342e-07
596 3.471232117322037e-06
599 6.034012900779273e-06
601 2.758733020742443e-06
602 2.6282662499266716e-06
614 1.4905676375052304e-06
644 4.2264085813903296e-07
660 3.600357330846562e-06
664 1.2964216865212474e-05
666 1.4482975992241936e-06
680 3.2855451622500287e-06
682 2.1068640455944787e-06
684 2.8843184341538557e-06
688 1.2516969501450065e-06
696 2.8027875122570013e-06
699 4.207996780955069e-07
701 4.083500202766352e-06
708 3.3990286643621947e-07
711 1.4401679358083098e-06
714 4.261860660646742e-07
727 6.846108965752665e-07
671 1.943031581391529e-06
147 3.2646350830215973e-07
