570 2.1205303864000183e-06
11 1.6624926517085522e-05
17 7.870505228343376e-06
33 2.4677341257812215e-05
37 2.4943097768692463e-05
39 3.36329399818934e-06
41 2.7474811394404876e-05
59 3.2010720703129425e-06
73 6.040316328900115e-05
136 3.0301850466616224e-07
179 9.56988251197249e-07
187 3.3199937497808833e-07
196 5.526546336775617e-06
219 1.4006620378468284e-05
223 9.542324940040008e-06
228 6.968179285637921e-06
277 1.7304967459246584e-05
296 2.597717310936905e-06
317 2.0943111420990204e-05
324 1.6027122951814373e-05
325 1.2914651580370133e-05
330 3.2155313747313673e-06
341 4.409965506977947e-06
354 2.155236617644897e-06
358 1.7565630492900214e-05
360 3.915525820633205e-05
374 3.7693100137938074e-06
376 6.294860716010347e-05
377 1.4791725577274567e-06
380 3.888959498985278e-06
381 1.5319274807345377e-06
414 1.8465058322188255e-05
441 6.965692760778189e-06
450 3.3046382585000414e-06
460 2.813033749501414e-06
471 2.2358158363482682e-05
475 1.4634888447276371e-05
478 1.3441121866360665e-05
483 2.0168491452272474e-05
496 6.743512706863375e-06
498 1.4416979609614552e-05
501 9.592279633187274e-05
538 1.9137269084451288e-05
550 1.461927096188189e-05
557 1.0498084008530277e-06
558 3.096846609658672e-06
567 9.40168416911704e-06
572 1.148644256763166e-07
577 3.460209349483579e-06
581 1.9618381758231243e-06
582 2.4871388401198193e-05
613 2.2376680429168024e-05
624 2.4797282578387914e-06
652 3.0612723220960235e-07
653 3.8586668369375e-06
657 1.160500740515396e-05
661 1.0449770548844316e-05
663 7.211148022036839e-06
664 2.4869046758535356e-06
668 1.8435334720290427e-05
670 3.0251077389104343e-05
672 0.00011195017306788855
674 5.2705471813165774e-06
676 1.653776311890971e-05
683 2.705103332128552e-06
684 2.5414149226795267e-06
686 3.773148242969167e-06
689 9.84101579305376e-07
691 1.1285954856626504e-05
694 7.244586391026771e-07
696 1.173403546200612e-05
707 2.5667614014111665e-06
708 6.753357360557404e-07
167 2.488844666038679e-07
231 2.429740512632268e-06
255 4.507229592791346e-06
284 2.0628853118265847e-06
305 4.599397372400956e-06
366 5.501524836455392e-06
19 3.730491896215914e-06
698 2.8617384955556266e-06
