11 2.7814427287056087e-06
19 2.489098916283026e-06
33 4.133473351099476e-06
37 6.463296231984284e-06
136 7.120201343667767e-07
167 6.22904589067218e-08
196 3.36684695289887e-06
232 2.4529704313216507e-06
257 2.2052127203259333e-06
279 3.2751477790964063e-06
286 1.7038302757518723e-06
298 1.3453126522329713e-06
307 2.2290441956466445e-06
326 2.3194340461603876e-06
327 2.564986794268748e-06
343 3.2327038233554976e-06
356 1.9389004994077816e-06
360 3.180466639163083e-06
368 3.1595384765503116e-06
416 1.4881478517236057e-06
417 3.348329649336253e-06
444 3.552595459549961e-06
453 2.14522982995919e-06
463 6.408390350453763e-07
491 3.4834338877044466e-06
495 1.8834627737311613e-09
508 5.9212956594268555e-06
566 9.126675779415793e-07
576 2.035922835563403e-06
581 7.90041808782402e-08
583 3.581401925206515e-06
587 2.49475477661187e-06
591 1.3983823720821912e-06
600 1.1046779558157114e-05
606 3.819668240136802e-06
663 3.365439131498725e-06
667 3.2191788217425584e-06
672 1.9481918980156768e-06
674 1.5080369226479795e-06
679 2.6407209297763916e-06
681 1.0513553897987687e-05
685 4.844285979207394e-06
700 6.350223455225059e-07
703 1.8696505236539211e-06
709 2.1415809775604096e-06
719 7.805443690606306e-07
187 8.594224369712152e-07
382 4.7445117981625955e-06
592 1.1059323413343061e-05
623 1.2879358238470389e-05
39 3.194049373004295e-06
379 1.5427028008933943e-06
505 6.164978240885617e-06
245 2.984163666488281e-06
