224 5.515793507356519e-06
415 3.0415901743362573e-05
479 1.3709701405726767e-05
547 5.697288168964859e-06
559 2.3269845236911465e-06
702 3.724246306336469e-06
222 2.6044827545442044e-07
59 3.389411417116389e-07
509 3.7606920779929524e-06
634 3.0523469534076252e-06
687 4.1762069958473455e-06
131 3.459197508816124e-07
186 3.682789590139216e-06
231 2.0229349497487303e-06
319 2.4830490524115956e-06
324 1.9768798934668764e-06
332 2.287642262198925e-06
392 6.765463492518694e-06
471 4.44538909822368e-06
512 2.7159234960093654e-06
597 1.3756485715695109e-05
665 1.3487946584688569e-05
670 7.128476973690869e-06
675 1.4291876056190897e-06
695 6.534519985213847e-07
699 2.557406174451742e-07
706 1.3359016114307413e-06
115 8.640467717157538e-07
162 1.8911477374000916e-06
179 5.88540671011483e-07
206 6.691084569079197e-07
219 5.887297023097304e-06
225 1.1099384574315298e-05
229 4.36682454361051e-06
320 6.0412919514618746e-06
323 5.604345132077693e-06
333 4.1609253162062536e-06
337 3.6537888097362483e-06
383 1.3131809897559976e-06
429 6.53738060539558e-06
477 6.662278728754161e-06
579 6.040526891389094e-07
660 3.6610231592493703e-06
668 1.5118089978054078e-06
683 2.4108118042964784e-05
689 1.5298730482461935e-06
694 2.0527731913080535e-06
701 4.604891304856043e-06
705 3.447072894989964e-07
