677 6.9912568755073395e-06
46 4.277344201804757e-05
141 2.8476881666270482e-06
713 2.1444286678267593e-06
184 5.0274535534686575e-06
490 0.00023829746925648949
260 5.950831060832072e-05
9 1.640355933578164e-05
122 6.4944611301322655e-06
253 1.3022070974098828e-05
686 3.364559652055167e-05
510 9.281374295150602e-06
486 1.1244502869948285e-05
44 4.43047374828866e-06
334 1.674286838697308e-05
556 6.911603966827847e-06
299 2.857569358582258e-05
96 2.5459912095726198e-05
314 2.2580260035894195e-05
128 2.4178938906626206e-06
143 9.079299695712614e-08
345 1.1807139463658128e-05
548 4.7021097020607867e-07
507 4.439437824893175e-06
48 5.60527341967188e-06
192 1.2435256872686103e-05
306 2.010629652938773e-06
511 3.3972714542640374e-05
558 0.00010663119724644359
278 1.1907656392658414e-06
449 8.976153897315696e-06
584 7.428350051415278e-05
472 1.8034169232637663e-05
123 2.7918433140683804e-06
571 2.4708946795735086e-05
344 7.454290240027425e-06
25 5.174877586470271e-07
285 5.429662653278468e-06
476 6.257005274432593e-06
304 1.3909265555319034e-06
542 2.470716102884973e-07
603 7.160517912692921e-06
120 5.628540353452858e-06
520 5.3400044673713425e-06
80 5.363301730326525e-06
47 6.062641283583067e-06
359 3.2813575341364426e-06
438 5.642495445940925e-07
116 5.438362164320681e-07
372 2.937031267223861e-05
693 8.08532654056014e-07
176 2.0411262158296664e-06
124 1.8190944901639968e-06
302 2.3995964247541164e-05
358 2.768118170316909e-06
377 3.3148902496314215e-06
414 1.0703532879150749e-05
493 6.98896475429057e-05
524 3.252851870184198e-06
553 5.081889845483935e-05
574 3.7177631836563368e-06
5 6.357699671990345e-05
605 6.723176516610401e-07
32 6.659222520379066e-06
669 3.590559390490529e-05
0 0.00019343892205124394
97 1.4249628245180036e-07
158 4.331767620754565e-06
271 3.0458498676948498e-06
317 6.117654725698317e-06
365 2.2729523635498272e-05
411 3.406768031356824e-05
423 1.388047244279594e-08
434 5.983526608482099e-06
504 7.479910033735428e-05
585 1.499837518563473e-06
651 9.833216135133024e-06
135 1.8631995854809246e-07
361 1.1339078816900876e-05
91 2.089592555461616e-07
117 1.085165572441197e-06
249 3.6180439364656456e-05
288 4.243057328245703e-06
354 1.907178675552963e-05
364 1.1575396686965298e-08
381 2.148699708660307e-05
330 1.0655496722708449e-05
105 5.094370035104161e-06
149 1.5907562131704183e-05
154 7.044004965039255e-07
227 1.1056026870542088e-06
42 9.561723377984714e-05
61 4.6069596821025587e-08
66 6.240151476769444e-10
90 6.132454171009818e-08
92 1.6045065813724357e-07
95 5.250272162196365e-08
100 2.6546409214049843e-09
103 3.51669965701022e-08
108 5.733182174255803e-09
110 1.0064203348706921e-06
112 8.57741105467189e-09
119 1.4739923091587757e-08
137 1.3621431358599173e-09
152 3.48716148183706e-06
173 8.406858342964383e-07
203 2.1555629770225608e-07
207 1.2792659084001348e-07
218 3.97753824512967e-10
220 2.9879273826801724e-07
242 4.9624752140924646e-08
248 1.711840862778578e-07
266 1.4935875609921217e-07
268 2.8669389768396783e-08
273 1.3087767823198856e-08
276 1.5490106527163855e-08
280 2.4329050775856545e-08
293 2.5989488987998042e-08
350 6.829133637663668e-10
363 9.70731973751802e-08
367 1.0054187954993607e-05
397 1.7726851588757134e-09
452 1.1319121440778151e-06
492 1.6189988812345442e-07
514 4.144408785297417e-06
519 1.9001546088165984e-07
522 8.475261219544947e-07
528 1.2111761351824034e-07
534 2.4532988983559775e-07
539 1.018274719176425e-06
551 1.2665964298322202e-07
607 1.1654275213645432e-06
612 1.424544970845152e-07
616 2.9505106541263944e-07
636 1.7678835145443096e-07
642 1.6215429952068622e-07
726 8.526764137009023e-08
151 1.942733534097764e-07
575 2.1446279572476586e-05
676 1.3334152588126106e-05
4 2.7072150383948014e-07
8 5.6423355878830523e-08
14 1.9561748002604308e-08
54 4.872559050424272e-09
57 1.2676066774156343e-08
63 1.2603996062618875e-08
67 4.4938190150838075e-08
99 1.0440682127603692e-08
107 7.313309841311803e-10
134 6.56914148061249e-10
148 4.6080455512677546e-08
165 5.853130544314385e-06
190 7.186496720449819e-07
198 6.707054884347893e-09
204 1.2344102921257452e-08
208 1.2700474488893076e-07
210 9.08485943872155e-09
213 2.8692029907815573e-09
216 5.4171374834017084e-08
234 1.407041937903586e-10
239 1.0252124509611408e-09
254 3.924272948604432e-05
261 2.3079187160649454e-07
263 1.1664228866266992e-08
265 9.657142211122984e-09
275 9.514137058654309e-07
281 9.588463735094704e-08
284 9.59921764587508e-09
296 2.9347319400372437e-08
303 7.654888192549275e-09
312 4.504946175056897e-08
346 1.7079868916827236e-09
348 4.931640314002865e-09
353 4.3724487244160836e-10
386 5.28967220230789e-08
388 2.5276319317860472e-08
394 1.610459395087002e-08
399 8.63347131222356e-09
405 6.522701283555406e-08
427 2.3844285598909623e-09
440 6.408458600762315e-08
445 7.134282659235045e-08
450 3.7830111327109534e-08
468 2.326487416615856e-08
488 0.00010048311487802383
515 2.7497829479871887e-07
526 3.807481170300842e-09
531 3.263230031530217e-08
535 1.0754150342092684e-06
538 4.203680128745105e-08
541 2.419341368354473e-07
546 4.124555951818516e-08
550 1.3007035568830339e-08
572 1.7493119539354616e-08
609 7.761786460880784e-08
613 9.698165384344612e-06
620 8.857590863288838e-08
624 6.186148879979458e-08
626 7.996915355253475e-08
628 5.40875320681727e-08
630 4.400506205768566e-08
632 1.3011450720625102e-07
635 1.3829692925548657e-07
639 3.5383414490398373e-08
641 8.186477295205022e-08
645 3.253200851545857e-08
647 5.853784334875869e-08
649 7.417468197389014e-08
652 5.744502226816334e-08
656 7.858717560270733e-08
658 2.299821056471232e-07
661 5.783532706522689e-08
692 2.4663524496602244e-08
724 3.4513289332975516e-08
731 2.608646872144291e-09
3 0.00016108253310923864
18 1.2237535040242897e-06
106 2.2643469133250577e-06
202 1.4582630925631642e-05
53 3.9984074896544855e-08
83 1.1742188965734977e-09
98 7.680889620666074e-08
102 1.2066118256012465e-07
104 4.4852518635464456e-08
109 6.427476160650291e-07
133 1.0440444827430456e-09
138 1.8995697866061284e-09
144 9.092630976698859e-09
157 1.3832330365252984e-06
159 3.2225740048313023e-06
166 5.538810384413026e-07
172 9.577944455304643e-06
214 1.302542345589863e-09
246 1.7808627916880263e-07
258 1.103504477887015e-06
267 7.146067144049838e-08
269 1.5127945597525933e-08
272 3.6881380424961234e-08
274 3.113649740931809e-08
283 1.3565928426624335e-07
300 2.1711239871589e-07
339 9.140161960188565e-09
351 3.7334052258292757e-08
369 5.89435325673047e-08
373 1.5337736826185637e-07
441 1.4838298454365922e-06
537 4.414254213345439e-06
545 1.4557934324231245e-07
610 7.439239350873281e-08
617 0.00012310566988713335
621 8.974641169908158e-07
637 2.3872832176102836e-07
698 6.741741854179283e-08
2 5.273286320177133e-08
7 3.7592262639958056e-08
13 1.5734780637607457e-08
15 8.454220040283573e-08
22 7.734764516424483e-08
24 9.943092677092413e-08
52 3.7679859760799287e-07
55 3.2436958244346887e-07
62 1.864840357993272e-07
64 1.2965340929582526e-07
79 2.445712951827959e-08
93 6.226493731104654e-08
101 2.0097973852685205e-08
118 5.154446903013172e-09
150 3.796665978831362e-09
156 5.8449353942236856e-08
194 8.6019440095012e-10
200 1.9108201020433938e-08
205 5.965359098668072e-08
209 1.505041883864181e-08
212 8.256302063167775e-09
217 7.066286298810597e-09
233 3.753397771072329e-09
236 2.7707385543678943e-10
240 7.335752166216071e-09
243 6.343947690278846e-09
256 8.853999415166922e-09
262 8.653323106803217e-09
264 1.2495765661576046e-08
270 4.43746862993321e-09
277 5.106462416452454e-09
282 5.8435940827840784e-08
289 1.1084523627041697e-08
292 6.318352976307396e-09
305 6.596883258338199e-09
321 4.790424528656539e-08
347 6.774280414022143e-09
349 9.368167014698407e-09
370 3.50999461143657e-11
384 3.429574456679061e-08
387 2.99204365494725e-08
389 2.8221186951202265e-08
391 1.56840134037148e-08
400 1.059790783087891e-07
402 2.6583305012877746e-09
406 1.6327723496647184e-08
425 1.4247123424717838e-09
428 4.108745140597546e-09
451 3.6447119590656956e-08
455 8.069314220091008e-08
457 1.0060792961849835e-07
462 5.223062294055273e-09
499 3.812187539607201e-07
518 4.051298248586856e-07
525 3.0431513020353006e-06
529 1.0785247961043373e-07
536 6.864355332902571e-07
540 1.310670530248989e-08
543 8.485557908680134e-08
549 6.255199282185889e-08
560 7.02018292026825e-07
608 9.48362536430885e-08
611 7.251002189201396e-08
615 5.564793884951736e-08
622 1.311246177420378e-07
625 5.637890949112927e-08
627 1.1934620146786072e-07
629 1.1046425539837069e-07
631 3.1409553552970406e-08
633 1.1672334559117758e-07
638 2.270629556429162e-08
640 1.1383481164176099e-07
643 4.243243679873421e-08
646 7.023840115144239e-08
648 3.255999985263128e-08
650 6.010092923526545e-08
653 4.966667169016353e-08
655 8.594323977980655e-08
657 7.271791330875374e-08
659 2.7279680246063425e-07
730 2.946875281070459e-09
352 5.646088106132839e-07
578 1.637954093930749e-06
10 0.0001498209100185881
341 3.501634391831535e-10
407 8.924536295430035e-05
485 0.0001451551827277457
1 0.0001096923583057198
12 9.994345006033143e-06
182 3.4255682840957455e-08
340 1.4768347730981794e-07
408 7.946027514509273e-06
23 7.03846745611811e-08
76 2.0987582189924723e-08
78 1.9132031811031936e-07
121 1.6247007291854035e-08
127 2.0151423013485088e-07
142 2.7778638443794957e-09
290 3.4936374039127756e-09
309 1.193419898512039e-07
396 6.346937952104305e-09
401 1.7003222621519486e-07
403 4.7448216190707905e-08
413 4.4144851266686045e-08
473 9.74688183987869e-08
478 9.752188689525594e-08
654 3.801355410498859e-07
111 3.276715186722797e-08
313 1.63917304920103e-05
318 3.639478094834226e-07
393 1.1769483758186252e-07
465 3.629429301958748e-07
75 1.6861551712530942e-07
77 2.0987582189924766e-08
126 3.6856601156340986e-08
132 5.96918697661456e-08
180 2.1667177095635593e-08
197 1.6592827511532297e-07
215 4.396669128924224e-09
311 1.3795500152723426e-06
404 6.857796546409588e-08
412 7.260116855611648e-08
433 1.4647388523186603e-07
439 1.5372058462229608e-07
442 2.3302121840734597e-06
466 1.9151438513504272e-07
480 5.2761956710314986e-08
725 2.12559224930975e-06
160 4.089599469709051e-06
475 1.3917199845266366e-10
690 1.2451877634227416e-06
183 2.668497551063552e-06
328 1.8981264973213994e-06
557 2.1907357457873528e-05
561 2.3612320754965086e-06
712 1.2416125328432055e-05
35 1.2011059006469376e-06
563 9.783912162022897e-06
424 7.368034815642413e-09
430 4.603867511897765e-09
619 1.0129940870642192e-05
34 4.487546047936934e-05
193 5.498196715287619e-08
16 1.9784822082444847e-07
26 2.0230836241705759e-07
50 2.4301644150338207e-08
71 1.9018997690833527e-07
181 9.218783457817345e-08
241 5.949522157857027e-09
390 2.8012430816714703e-07
421 2.534845169378512e-09
436 4.6228782884034785e-07
454 2.6395537549770185e-06
456 1.9761967591060762e-07
461 2.600639850852483e-07
464 7.394698979852349e-07
720 7.968474454915712e-10
722 2.536584536797502e-07
729 9.999533375223424e-10
85 2.3369298361059248e-07
140 8.046810803688235e-09
395 1.7441679504846504e-07
398 1.1994188542043275e-07
418 2.1076158112638945e-08
533 3.0442094419161804e-05
489 7.790857773949589e-05
29 0.00018914704417016085
315 3.148401791976963e-05
385 5.787331074614789e-09
69 1.930240769544978e-05
74 5.653862816415576e-07
81 4.1504676764772697e-07
84 5.185555990180369e-07
175 7.25326662334437e-08
371 2.977414551932342e-07
410 1.0787203552346427e-06
459 4.6784559503802416e-07
481 1.1946458621988914e-07
185 1.643415938312042e-07
431 1.1372986480705985e-08
544 1.7473680050536992e-06
58 6.204933825622664e-07
68 1.7102573953445444e-07
70 4.4235195643982137e-07
72 3.77149624353919e-07
82 3.072985579907845e-07
146 1.0122606508995326e-09
174 6.776519606077597e-07
446 5.520792511577188e-06
460 8.537917974393428e-09
469 3.4848840753330185e-07
483 3.4871447065800334e-08
710 9.131449812756394e-08
721 2.143678781211864e-06
723 2.988528022325057e-07
191 4.328275299390631e-06
308 2.754252339892976e-06
164 1.7481577864994661e-06
161 4.8100986681626075e-05
139 4.159481339265504e-07
506 0.0004804053319951826
169 3.295215696283847e-06
201 4.794778141729989e-06
188 3.278372332014354e-05
125 5.138021472249347e-06
565 6.909383259790271e-06
195 8.427476009257725e-08
28 3.371565317395189e-05
523 4.143656322960941e-06
177 2.409062390104493e-07
45 9.202442572538289e-08
297 3.3616245750037236e-07
678 1.2793451844520756e-05
331 2.4093405519534545e-05
168 4.172660196348057e-06
366 2.0307573920339066e-05
691 2.4897887331149872e-06
86 1.7857180738323697e-07
89 1.0337890942861207e-06
422 2.544464640586209e-07
155 2.2662951828014153e-05
448 9.081176397916694e-07
521 3.4289366015058056e-08
498 8.49600723071093e-05
189 1.6366620717314583e-07
27 1.2382865631623675e-05
87 0.00014899324470189946
153 0.00010295859536529793
728 2.5283550543597836e-06
717 3.0311602454952678e-06
247 2.4164091786891545e-05
426 2.0765958403848324e-06
113 2.8471238412686786e-06
516 1.5534644186396646e-05
211 5.320894013857738e-06
145 1.0169794089400918e-05
252 1.9330887869242336e-06
554 3.094057591482976e-06
435 3.1322240670988144e-06
310 9.78070472756318e-05
199 1.3907129618154333e-06
60 7.086912147084943e-07
420 9.505547587541557e-07
259 2.059500564434632e-06
562 1.4236902676594124e-05
577 3.300708058040007e-07
716 4.0510619301276265e-06
496 6.58011184020504e-07
291 1.9753484203680093e-05
6 5.722543591013388e-06
594 5.401382710780201e-06
598 2.481786857252481e-06
226 4.2074366279528935e-05
251 8.280861152157272e-07
618 7.101060028459287e-07
437 1.942375187070723e-05
114 2.622704373204894e-06
163 2.423052726878023e-05
570 1.9636984684741303e-07
287 8.425131289274077e-06
