36 6.550618309439664e-06
40 5.201355199285019e-06
673 2.081025509583294e-05
129 3.2619311180949016e-06
325 9.926356119607435e-07
355 2.8891468803704014e-06
564 3.020691430475102e-06
704 3.3921221556678072e-06
171 1.2212409534679909e-06
244 5.797170453269343e-06
502 3.098692082650039e-05
530 1.461873152529651e-06
552 5.85652601623907e-06
580 6.122928971706508e-07
602 2.4329151526501524e-06
604 7.878689549516566e-06
51 3.218888964413041e-06
56 2.0138798126881677e-07
88 8.82144309258615e-06
170 4.137194834634975e-06
228 6.46441440001701e-07
250 1.8083518539349726e-06
295 9.33939037963219e-07
301 5.129761195462682e-07
322 4.358555834203284e-07
329 7.705617373465472e-06
338 1.2410386733454838e-06
342 3.2368601307784503e-06
357 5.561440386898452e-06
447 5.524728717952777e-06
467 4.501691841019226e-07
569 1.4109119890910805e-06
582 1.7671175141580138e-06
595 8.818798608588401e-07
601 2.6266963342462344e-06
684 2.734572095116271e-06
688 1.1974544905244022e-06
711 1.4955931510170126e-06
714 3.44260368688822e-07
49 1.9022077328907389e-06
147 2.573128538177413e-07
230 2.962921175939349e-07
336 4.175161382260038e-06
443 5.430759274179674e-06
586 4.309710908208894e-06
666 1.2142050556754327e-06
715 3.4186197620258456e-06
130 1.1025009975581138e-06
223 1.4530019438262076e-06
238 2.471954969770148e-06
316 6.0858747761861605e-06
375 5.74821735590575e-07
419 1.6279337007017375e-06
470 1.8957907062640647e-05
513 1.109006267557679e-05
588 6.71864853716511e-05
593 5.605621091590155e-06
599 6.944840867122522e-06
614 1.4159223180596615e-06
644 4.0244467026152343e-07
671 1.7635646008138998e-06
708 2.617605834008462e-07
727 5.935893940987269e-07
30 6.365977685358734e-06
178 7.900588256263741e-07
335 3.224871056238663e-07
380 1.4439813509823056e-06
497 2.4730435286971545e-06
501 1.1120003852528025e-05
555 1.915966702264521e-06
682 2.3204352877671963e-06
20 3.3514106060660245e-06
43 1.4739753965522861e-06
94 2.8153028455166274e-06
517 5.302347934136068e-06
596 3.459648444152771e-06
680 3.162880339859443e-06
696 3.116239066764111e-06
237 7.391472953659013e-07
590 2.8271488579095614e-06
664 1.4047282468516816e-05
31 8.774506539839274e-07
589 1.551065415481583e-06
