474 1.405339576985068e-05
482 1.1993511888949834e-05
707 6.393174087416067e-06
662 1.7441898215284051e-07
567 3.0026134343182435e-06
374 6.48753404527084e-05
697 2.8602473876762264e-06
294 5.804941889210726e-06
503 4.965561244657696e-06
532 1.7314488711275947e-05
718 1.6639274625556913e-06
17 6.138014694761178e-06
221 5.738036795050854e-05
362 3.151329528542683e-05
484 8.800629530519636e-05
487 1.0513736270721338e-05
527 1.2763376424080313e-05
41 2.72111628241804e-05
378 5.053789618470174e-05
409 7.421932989194288e-06
500 7.133532098323923e-06
432 2.5941046750581878e-06
494 0.0002088212089405011
38 4.9041996407202366e-05
376 2.545581073863037e-06
73 5.190102460782833e-05
568 4.32108598207977e-07
573 3.1952771568675875e-05
458 2.9496207664330627e-05
21 4.7763828241476295e-06
65 2.2052260049403416e-06
235 2.0007607001920085e-06
255 2.8207686310553146e-07
