162 2.52647745340443e-06
191 4.148408212934909e-06
494 0.00022775332635288788
429 7.782101828364642e-06
294 6.406164317116038e-06
255 3.332959684190805e-07
3 0.00017672533050420191
113 2.6931259591201558e-06
145 1.1117255681395708e-05
254 4.425941908695857e-05
420 9.99176592118332e-07
686 3.5394670448255995e-05
449 8.400882208224084e-06
226 4.6585385341909195e-05
285 5.922978396741079e-06
435 2.8843656848945776e-06
484 9.432897804466935e-05
556 7.540341910439099e-06
96 2.6125125548120285e-05
247 2.6059116252407815e-05
617 0.00013507518313419725
716 3.2808840703741995e-06
25 5.544304573893019e-07
143 9.432628671758458e-08
334 1.803054357061209e-05
561 2.5700217181229106e-06
46 4.5661379268046895e-05
259 2.1850491087512137e-06
571 2.577191605447516e-05
163 2.628236151579345e-05
192 1.314939406172937e-05
728 2.7066516896739806e-06
308 2.914579518518429e-06
512 3.160988393006649e-06
557 2.3734231159556425e-05
690 1.1332170258870873e-06
9 1.7480975201700018e-05
253 1.1563062614160446e-05
568 4.278958891070068e-07
570 1.6611162743630505e-07
188 3.584917092580503e-05
17 6.790883424269919e-06
366 2.1486384893987566e-05
344 7.790883530546473e-06
542 2.111955333701043e-07
164 1.8824976382443826e-06
168 4.537832874979253e-06
377 3.4391393135359394e-06
476 6.360998188103582e-06
585 1.64038209633386e-06
314 1.9957373927258493e-05
330 1.1579429980049401e-05
516 1.4579761692213745e-05
577 3.508611945091101e-07
498 9.282074402670211e-05
603 7.786217737437248e-06
18 1.3321267168560018e-06
28 3.663496941360322e-05
211 5.470443549293336e-06
291 2.088948709414522e-05
527 1.4342473085545918e-05
128 2.218832585278801e-06
153 0.00011292994123051661
169 3.593575559561071e-06
278 1.0371658392514083e-06
328 2.01507856547e-06
358 2.929045305411731e-06
584 8.074252249101125e-05
123 2.390845141033966e-06
669 3.611447657134813e-05
426 2.2149730114358107e-06
235 2.5087672192289117e-06
287 8.21300923525479e-06
437 1.9496815850052742e-05
438 5.822583629676073e-07
87 0.00016347396125264237
562 1.4430239025984299e-05
122 5.415583149569601e-06
139 4.178288975252675e-07
159 3.522444043368349e-06
352 6.030637277458923e-07
365 2.473547338616478e-05
367 1.1032139609368496e-05
532 2.0490807040511288e-05
27 1.3515654995129745e-05
158 4.811823446142969e-06
160 4.508886570831827e-06
165 6.528363468188137e-06
414 1.1060579835900603e-05
558 0.00011337659839607772
65 2.3026612801454857e-06
304 1.453439406778214e-06
114 2.611901225212465e-06
372 3.159540171149126e-05
448 9.353843391493302e-07
717 3.1599539041164474e-06
12 1.101320505460412e-05
60 6.045359301961509e-07
157 1.5157842099644433e-06
166 6.019459513112484e-07
177 1.5090552754516678e-07
183 2.6959896760629133e-06
275 1.0731739597591211e-06
288 4.572689430632726e-06
331 2.596910611535539e-05
345 1.2116077402594737e-05
364 1.1899778671599445e-08
423 1.4094351531774527e-08
578 1.678204071415122e-06
693 8.78398058790352e-07
149 1.766778878419126e-05
488 0.00011156062685679824
553 5.6461920997065674e-05
563 9.216313786900544e-06
299 2.9881745381814594e-05
409 8.158146389293281e-06
135 1.9448041525079457e-07
227 1.1570359425306734e-06
252 2.087960061443438e-06
422 2.687536904445742e-07
523 4.194887493334752e-06
176 1.9317312846301316e-06
199 8.504064738385587e-07
458 3.0473595477378928e-05
86 1.081797940439278e-07
100 1.5720792913192174e-09
109 6.987434682986385e-07
110 1.0879309047793833e-06
112 6.0955963694954766e-09
116 5.53468533145831e-07
117 1.0590391798371397e-06
119 1.4013895863443392e-08
124 1.2462258989842944e-06
133 6.797940198120846e-10
144 6.16785335691664e-09
161 5.257923090155111e-05
172 1.0456566594377318e-05
173 9.099740060478074e-07
174 6.970053129477183e-07
181 8.272503065721886e-08
182 1.8737409728720876e-08
185 1.2041902924703106e-07
189 1.1847877552558774e-07
190 7.858141746000339e-07
193 3.426562125097687e-08
214 1.946835087905684e-09
242 5.215807488192179e-08
280 1.4379607336427167e-08
317 5.712748503014009e-06
341 3.049898795328649e-10
373 1.3496010433216497e-07
397 1.0986886836998345e-09
520 4.096802854825523e-06
528 1.2504562493178868e-07
574 2.710212511005524e-06
607 1.264765689248116e-06
45 5.477528020561858e-08
221 6.435406155070583e-05
310 0.00010443696483026305
504 8.21533472026572e-05
125 5.420176705401546e-06
201 4.732751696264369e-06
613 1.1053583248289015e-05
619 1.0786944779912087e-05
106 2.4529693636106832e-06
148 5.1081592533843385e-08
202 1.5869775205182686e-05
246 1.5385896177595033e-07
248 1.7308916268873832e-07
361 1.2227357563039966e-05
493 7.543326041553569e-05
544 1.8041663641892996e-06
2 5.0774439086551547e-08
4 2.821702409347511e-07
6 3.6921522043161913e-06
13 6.000531490655686e-09
14 4.537142333402022e-09
15 5.4765594450273866e-08
22 5.322888893736385e-08
24 7.75223783705518e-08
53 2.3740804054176056e-08
54 1.4762219311765073e-09
61 4.384909469663065e-08
66 2.7152728708922403e-10
67 1.6353359335236817e-08
71 5.499901520324601e-08
79 4.261023402835494e-09
83 4.262261731134488e-10
90 4.640315325265585e-08
91 1.4087824856401669e-07
92 1.3480592798164096e-07
93 5.920570914021333e-08
95 2.9170477929101492e-08
97 9.606305984265291e-08
98 5.500621372930536e-08
99 2.0806275588793423e-09
102 9.722134414704607e-08
103 2.352584027394705e-08
104 4.396682197052893e-08
107 1.2903439899559098e-10
108 2.2209934048249764e-09
111 2.8749577026576953e-08
118 1.7302970006664747e-09
134 1.1893318243513548e-10
137 5.82028926563473e-10
138 6.685748039219164e-10
194 3.296607190781156e-10
197 1.750733115699971e-07
198 1.3137457495263293e-09
203 2.2173701363926465e-07
207 1.2941417926521204e-07
209 3.0846780133014794e-09
210 1.0607629894314406e-08
212 1.0486460220034389e-08
213 3.904840096370657e-09
217 8.395162302991736e-09
218 1.253632300708704e-10
233 3.679516987192067e-09
234 4.162177671500314e-10
236 1.4869869971848548e-10
239 1.1865187684702558e-10
243 7.708856556041814e-09
258 1.189211586128346e-06
261 2.4512722053116573e-07
262 3.1515105103930096e-09
264 5.990394275611627e-09
265 2.954611370435139e-09
266 1.5291747257751684e-07
267 6.837359740962243e-08
268 1.9477980633268176e-08
269 1.40856014267697e-08
270 8.868185416090091e-10
271 3.281336064218078e-06
272 4.285659191880656e-08
273 1.0333969056419632e-08
274 2.6667260059571943e-08
276 7.889069952810841e-09
277 1.2295438877459432e-09
282 5.157079406142955e-08
283 1.2842374042071374e-07
284 4.9495369195532495e-09
289 4.428425158816622e-09
293 1.1507588756638033e-08
296 9.791568096492803e-09
300 2.1686156395302163e-07
302 2.600772614530278e-05
303 1.5944559191128553e-09
309 8.414475725185225e-08
312 9.630574951048995e-09
321 2.1425486389447033e-08
339 1.803971514878182e-09
340 1.2471659507981666e-07
346 2.0646630217368274e-10
347 3.634437819249701e-09
348 1.5426645662913411e-09
349 2.6434720370515244e-09
350 3.754050851181794e-10
351 2.7211998776479012e-08
353 6.070680617220968e-11
363 9.156914981053966e-08
369 5.0717112543155165e-08
370 9.22707417202528e-11
387 5.492557272066345e-09
389 4.9469961836798225e-08
394 8.675171178336648e-09
451 1.1347942716605002e-08
455 6.404173703823067e-08
462 9.245053427591773e-10
465 3.0824878625360994e-07
468 9.399684465176039e-09
485 0.00015971328180927816
492 1.9173457855075233e-07
499 4.3685136671598385e-07
514 4.44163046368116e-06
524 2.0735800834858854e-06
526 2.5491109210657028e-09
539 1.0432523941422758e-06
543 8.156157755130291e-08
550 3.0918153919703874e-09
572 9.728975541231765e-09
608 8.5366717592161e-08
610 3.013881388468338e-08
612 6.36988312148115e-08
615 3.4880614732231934e-08
620 6.531841163009408e-08
626 2.976052027221748e-08
628 1.5076003106859714e-08
630 1.1261742277936551e-08
631 6.8912136177683985e-09
632 1.0456453019827716e-07
633 7.785070894648654e-08
636 1.3659631368496824e-07
638 5.414606526281802e-09
639 5.893190889491795e-09
645 6.406099602046928e-09
646 4.7661487463719945e-08
648 9.150324125052429e-09
649 3.693736973712563e-08
653 3.042321445191656e-08
659 2.6197381122588126e-07
692 7.185706660450624e-09
698 4.1361292587796664e-08
724 5.762550277043891e-09
725 2.289292696074935e-06
726 5.4657205012517446e-08
731 1.2315259619259343e-09
105 5.5544431508261914e-06
154 8.495597371269099e-07
385 2.0700245453268883e-09
424 7.999752729153464e-09
428 4.725624099816763e-09
430 4.5540240912447804e-09
431 1.1368807419743463e-08
446 5.808662311021434e-06
533 3.420585153025139e-05
565 7.798548481837953e-06
575 2.4615067089283694e-05
678 1.4100843450924171e-05
7 1.703715141308078e-08
8 3.878379822739194e-08
16 2.427575699280838e-07
23 6.851608869339115e-08
26 2.1830481149268095e-07
50 1.0460553118745013e-08
52 4.379819349758085e-07
55 3.784095924356129e-07
57 2.977820396730898e-08
58 5.805776345774712e-07
62 1.9866436191718006e-07
63 5.800027917826924e-09
64 1.34469248105145e-07
68 5.317949029123641e-08
69 2.150432230386519e-05
70 4.5720928884950275e-07
72 3.291635274674542e-07
74 7.755017471816609e-07
75 2.436926276347573e-07
76 5.935438358826497e-09
77 5.935438358826535e-09
78 1.2071286416005525e-07
81 5.501707110900629e-07
82 1.183623236403812e-07
84 4.4953154209300703e-07
85 1.2593477346560492e-07
89 4.6757336573199775e-07
101 2.0212715129578384e-08
121 4.606001002338638e-09
126 3.4234931468673974e-08
127 2.1333735413504798e-07
132 5.0613416066379436e-08
140 5.417546177758235e-09
142 1.4473206472211787e-09
146 8.147137138830619e-10
150 9.99340660528822e-10
151 4.892284344583596e-07
152 4.175324506646196e-06
155 2.512299975339533e-05
156 4.4410510853387814e-08
175 5.494863156438366e-08
180 1.0143116576391765e-08
195 6.471841522345083e-08
200 1.6454585729039866e-08
204 2.685784623146666e-09
205 7.825229833439363e-08
208 1.4299537525427614e-07
215 2.220084435814455e-09
216 5.278313049551871e-08
220 3.315290690183572e-07
240 9.506760076081939e-09
241 3.362454113256656e-09
256 5.156856721484702e-09
263 1.2051757708542769e-08
281 8.74414823009103e-08
290 1.5977397799287448e-09
292 1.4213216393487213e-09
297 3.3501332747091615e-07
305 1.4062654701526006e-09
311 1.5720661243482384e-06
313 1.785276375684324e-05
315 3.4364003425477273e-05
318 2.833550326175274e-07
371 3.188352999377163e-07
384 6.786332038924913e-08
386 1.003069765669001e-07
388 5.694612590492769e-09
390 3.735861272654401e-07
391 1.881294601327112e-08
393 2.7663626456448194e-07
395 3.4422412170669697e-07
396 5.285386689865436e-09
398 2.802993048824464e-07
399 2.616891503016041e-09
400 1.3164015412724908e-07
401 1.83204185284693e-07
402 1.3621465073269552e-09
403 1.2078574466678466e-07
404 1.4718251341091327e-07
405 1.1000270574012833e-07
406 8.18475370406115e-09
407 9.823685708123301e-05
408 8.897792951421714e-06
410 1.2256806166270352e-06
411 3.777298007656606e-05
412 1.4157260613288551e-07
413 2.409963092568995e-07
416 3.536936187749103e-06
418 9.61272842759367e-09
421 2.185130017344472e-09
425 9.199389472813742e-10
427 2.8498701772567144e-09
433 2.0228548615133133e-07
434 5.98264303947642e-06
436 4.327407718353523e-07
439 1.0820250499242534e-07
440 3.5734561509108985e-08
441 1.9621544036810347e-06
442 2.5606096766477473e-06
445 5.5310440531361924e-08
450 1.9540197338852958e-08
452 1.4956785135559984e-06
454 2.9703614152352218e-06
456 8.572788421888949e-08
457 9.954361184283753e-08
459 3.5567152176935883e-07
460 6.840356124523129e-09
461 1.3753047420022643e-07
464 6.223971973446353e-07
466 1.0574120297531701e-07
469 2.0465166590801453e-07
473 9.607123115645465e-08
478 7.907135201256596e-08
480 2.839468337281122e-08
481 8.946708401568831e-08
483 1.7686662825198724e-08
506 0.0005285575109045007
515 3.20926760003198e-07
518 4.2724439031566403e-07
519 2.836948673569304e-07
521 1.1894719744229399e-07
522 1.0673586897521918e-06
525 3.5508053369604746e-06
529 1.5767504820376048e-07
531 4.987440385410002e-08
534 2.5481764449083275e-07
535 1.2247148746131657e-06
536 8.304304351496602e-07
537 5.4661083650185075e-06
538 6.788008003431454e-08
540 1.5599308726986755e-08
541 3.0546024661608267e-07
545 2.1609013140751139e-07
546 2.9346650028402582e-08
549 6.485955307274114e-08
551 1.5022174366275222e-07
560 7.812449624278187e-07
609 6.787253321955752e-08
611 4.4867099168010794e-08
616 3.286552566682051e-07
621 1.1781738691526971e-06
622 9.101238078159581e-08
624 5.612906234528264e-08
625 3.7719313884315254e-08
627 1.0886881951867094e-07
629 1.2803638801528222e-07
635 1.4576965109301e-07
637 2.5006661286344607e-07
640 1.1236984010115946e-07
641 4.7074899789133885e-08
642 1.463795587027756e-07
643 1.859606120399732e-08
647 4.5482865430069654e-08
650 4.277112768264104e-08
651 1.1178298581100844e-05
652 1.4760068084482419e-08
654 4.131422093976013e-07
655 6.628583809349561e-08
656 6.023075989828198e-08
657 5.686918241780142e-08
658 2.9327511799309744e-07
661 4.855887188967039e-08
710 5.772384931989492e-08
720 5.649682126081338e-10
721 2.1316774578897536e-06
722 4.114841994416053e-07
723 2.044456572824581e-07
729 7.182481724545196e-10
730 3.080678765298645e-09
