0 0.00020090235783527086
1 0.0001135759934931434
11 2.3682441256204045e-06
21 5.180187649180562e-06
29 0.00020366112472664413
32 7.261576181629652e-06
33 4.1107968879607115e-06
34 4.9467313989670865e-05
35 1.2206255025082193e-06
37 6.916205860178352e-06
42 8.834833629809776e-05
47 5.7136183809295755e-06
48 5.6607259562720335e-06
167 1.3510130641186896e-07
196 2.6838397210353903e-06
232 2.1100968002769643e-06
251 6.69204453540737e-07
257 2.179629854364208e-06
279 2.967507540956053e-06
286 1.8092324376631758e-06
298 2.6529314917272032e-06
307 2.6223826382055406e-06
327 3.79708668299979e-06
354 2.0675880273079057e-05
360 2.6535803887687763e-06
368 3.4268491497788047e-06
381 2.3140559220320176e-05
415 3.1985139346214166e-05
417 3.786796378953718e-06
444 3.6473619580438546e-06
463 9.784764497524425e-07
482 1.2081353492120952e-05
491 3.6358125622720064e-06
507 4.230565851505442e-06
508 7.804667934061181e-06
510 9.096156160433415e-06
511 3.598402508360104e-05
554 2.888555713642841e-06
566 1.222864612610536e-06
567 3.108303761621082e-06
573 3.371885780769992e-05
576 2.499089918784357e-06
581 1.9531123785133e-07
591 2.3178593454983337e-06
594 5.479070044122712e-06
598 2.497724433175928e-06
600 1.1160027497519452e-05
606 3.590359848491382e-06
618 6.967459693886453e-07
663 2.638721405413958e-06
667 3.1112008726538118e-06
671 3.4015576471775487e-06
672 3.362232286538519e-06
674 2.656425714109504e-06
676 1.4461096213961283e-05
679 3.3624664743906983e-06
681 1.169901265872973e-05
700 7.816852533378984e-07
703 1.8071824280205586e-06
709 2.4389007055897386e-06
719 7.111920292373617e-07
41 2.887112316809826e-05
73 5.8563454444487874e-05
374 6.90376211331468e-05
453 1.4800938070298642e-06
489 7.971124902481487e-05
592 1.0967608680094205e-05
136 6.045362967596691e-07
378 5.562124601037214e-05
474 1.2934686067790214e-05
343 3.2716134470330943e-06
685 5.975025287549264e-06
187 5.509865420503036e-07
362 3.4716439310511116e-05
432 2.987074493249437e-06
479 1.3293480593249316e-05
19 2.953515866879969e-06
587 3.176003879398461e-06
662 2.025366532473414e-07
326 3.7425002501241894e-06
356 2.6373842643464094e-06
376 2.9172681062286397e-06
249 3.653549799092418e-05
583 7.2854434611701864e-06
383 1.2406901835047297e-06
707 5.9317737430133076e-06
245 7.610708263716218e-06
39 3.3791777062604025e-06
379 1.4979686655359989e-06
500 7.749706231635843e-06
503 5.044959684150695e-06
623 1.281804785348871e-05
718 1.8663779399789687e-06
179 8.37204754703997e-07
332 2.5330101808938186e-06
547 2.8017008211246813e-06
697 3.1421604858572497e-06
705 5.294190389797867e-07
382 4.805644968979764e-06
495 2.4821430424775157e-09
505 7.888481206209997e-06
634 2.885725514610451e-06
687 4.811819278408004e-06
694 2.240124947876208e-06
691 2.671975042418731e-06
559 3.111335052425363e-06
675 2.0696314969935777e-06
59 7.570400087842918e-07
695 1.595623279614359e-06
224 7.355181922190243e-06
229 5.091615074274517e-06
702 5.51856749338659e-06
323 6.56001922400078e-06
