170 4.824096167308487e-06
599 5.536495296967194e-06
51 3.242320647216089e-06
120 5.340712904124935e-06
147 2.46087391412237e-07
56 2.398781216428675e-07
486 1.2020351287414453e-05
696 3.237527315494961e-06
186 2.2969063498423447e-06
470 1.958433045616441e-05
660 2.8144501282208188e-06
682 2.6274300902175114e-06
40 4.235781161724758e-06
44 4.471820702943122e-06
94 2.297025043591325e-06
129 2.7479088496146996e-06
141 2.7502715081313762e-06
230 2.769739256564546e-07
260 6.253391344504292e-05
306 2.1236944179189694e-06
325 1.0392212502893076e-06
355 2.845047302237189e-06
375 8.483951901259231e-07
497 2.7526512714336045e-06
548 4.230088408317151e-07
604 8.604370758100769e-06
664 1.1569410880684569e-05
673 1.5257706858857032e-05
677 6.8000627241521985e-06
713 1.913174216041708e-06
5 6.718894126618703e-05
10 0.00016248062483523198
20 3.409896772993406e-06
30 7.022603756862384e-06
31 8.191796790868769e-07
36 6.096804774050149e-06
38 5.4336552844260655e-05
43 1.71789287884006e-06
49 1.9588902705459543e-06
80 5.422020904493569e-06
88 9.049248691690612e-06
115 1.738247270852541e-06
130 6.620531919017819e-07
131 7.923395137160568e-07
171 1.0148463465809884e-06
178 4.626886002396544e-07
184 3.2312870015748114e-06
206 9.505849574627896e-07
219 7.676286515855592e-06
223 1.0062702475711602e-06
225 1.1994836308044923e-05
228 1.0712830677251772e-06
231 2.535704785065736e-06
237 4.085956697823458e-07
238 2.5632114638876084e-06
244 5.6454093117004604e-06
250 1.0924689377137e-06
295 1.3601794069049545e-06
301 5.219421438184414e-07
316 6.680809107184961e-06
319 3.7222028350601986e-06
320 3.05593617441241e-06
322 4.973192370563288e-07
324 3.811592546305568e-06
329 7.1036493921135995e-06
333 3.999388373791251e-06
335 1.5127885790783819e-07
336 3.885630280350258e-06
337 3.2743979294303664e-06
338 1.609183515997102e-06
342 3.40727228180367e-06
357 6.213537091004381e-06
359 3.386719474726018e-06
380 1.6656068152293444e-06
392 7.4768355374048815e-06
419 2.0906920767892935e-06
443 5.302526264492769e-06
447 7.075351862507109e-06
467 6.52898793057897e-07
471 5.303128289107774e-06
472 1.7290888268054267e-05
477 6.341716364070408e-06
487 1.1297958280114603e-05
501 1.0081844045499641e-05
502 2.656411532667437e-05
513 1.1981121570597869e-05
517 4.2630555498248825e-06
530 1.4686589317708318e-06
552 6.098357711806304e-06
555 1.7124851365279332e-06
564 2.1773231556813907e-06
569 1.7087036625827462e-06
579 1.586469415634314e-06
580 7.517508781484463e-07
582 2.2408873503144187e-06
586 4.538890466728406e-06
588 6.877038325426472e-05
589 1.4542564304904936e-06
590 2.90676447232371e-06
593 6.103928980704675e-06
595 1.192886344818554e-06
596 3.967888393712755e-06
597 1.5562612402970895e-05
601 2.7794656919180617e-06
602 2.691529821166245e-06
605 7.220981700633957e-07
614 1.825289130567866e-06
644 6.190180261001282e-07
665 1.5528932087505985e-05
666 1.2720495902708684e-06
668 3.0061648674274033e-06
670 8.145948728487904e-06
680 3.184952037097239e-06
683 2.937205253579596e-05
684 3.412044031034835e-06
688 1.6436890336534933e-06
689 1.1963478180102911e-06
699 2.399126510566016e-07
701 3.216853388613186e-06
704 3.3872269176187627e-06
706 1.3337831698912727e-06
708 4.962721132963781e-07
711 1.8021099514151627e-06
712 1.2788775972097818e-05
714 6.891593567110748e-07
715 2.5499845218403306e-06
727 6.761279666673947e-07
509 4.633821288918456e-06
222 4.853710416367888e-07
475 3.6695638989186913e-10
490 0.0002591542865790208
496 7.262967466736135e-07
