592 6.474353121799375e-06
505 9.076512098177538e-05
258 4.994433066892834e-05
589 1.374748549882938e-05
660 6.314758477358673e-05
33 7.031980718078858e-06
51 2.6136108820171653e-06
130 3.5592699813672394e-06
222 3.1175112546998425e-06
224 1.0834130277864927e-05
255 1.6830021002652602e-06
358 2.8352060137537743e-06
414 6.2778213514451144e-06
501 0.00011534143238442016
550 4.8656397855986755e-06
676 7.1041580116859204e-06
689 1.3551427417208391e-06
697 1.0594526668649394e-06
557 8.469339940687054e-07
11 1.4422924691293327e-06
32 6.865987247852783e-06
94 1.8896178764662587e-06
113 4.1775311145862117e-07
115 7.281198555331408e-07
136 4.925985106985374e-07
168 3.559249433341058e-06
186 1.0845406696174828e-06
223 4.594785527375878e-06
227 1.2591205398046985e-06
228 4.094555275134969e-06
284 2.1586772057769587e-06
305 2.048552959685752e-06
322 1.872331888537076e-06
324 5.926087980264042e-06
325 7.082458546289522e-06
330 1.7119295870655059e-06
340 2.0030854972464665e-05
357 3.24386342403732e-06
366 1.8873550047988456e-06
378 1.2149537895491702e-06
426 9.537391344157906e-06
432 6.614325978330981e-07
464 1.7318454637327419e-06
468 7.56675622066141e-06
490 5.7642472483736e-06
504 1.8491203162794864e-06
509 4.716439130571796e-06
543 1.581802816788583e-05
546 1.300458226602806e-06
555 5.86597485144406e-07
567 4.881733121222567e-06
585 2.863206398932511e-06
595 6.57383870552636e-07
613 2.261201905925849e-05
650 1.4794801799915547e-06
658 2.4531461356411925e-06
661 6.063679914538232e-06
662 8.018062762115751e-06
663 2.744961347022145e-06
668 5.761711446397619e-06
670 1.8527292925777558e-05
671 6.4130317793299875e-06
677 2.505333013214963e-06
678 4.592866460051522e-07
691 3.872911267773546e-06
700 2.390392532333879e-06
703 1.047042901242238e-06
19 1.3629098064598458e-06
20 2.674576577188948e-06
30 5.809073025000562e-06
31 3.008284217185671e-07
36 3.6676094367637956e-06
39 2.068772004869662e-06
40 1.829159066910894e-06
43 1.1829042525056313e-06
44 3.180642525770437e-06
49 1.981792263482417e-06
59 1.54632049880512e-07
129 2.0285297081328083e-06
131 4.4833117362433545e-07
167 6.119611514479068e-08
171 8.030600052227056e-07
187 3.0668379969135534e-07
219 5.555423872090834e-06
229 2.547931331159359e-07
230 2.4444223171621253e-06
236 3.736444084163017e-07
237 2.3528846508421803e-06
293 9.690121871505578e-07
296 9.634173924617525e-07
317 6.173173116712662e-06
320 3.7621312118430235e-07
323 6.073446098379341e-07
331 2.612024906869367e-06
334 4.092936829568175e-06
335 3.150262133555454e-06
336 5.742738316137572e-07
353 1.5242806541760883e-06
354 1.267720095626185e-06
373 4.4899845883043346e-07
377 7.286661843903794e-07
380 1.639670942986922e-06
390 7.469472152881224e-06
416 2.5374255071181403e-06
460 7.529840067581153e-07
494 8.285413503177365e-06
495 1.880168628496769e-05
498 6.841033147416802e-06
499 0.0004991864615147481
518 1.3959220086327643e-05
521 1.1323681484452696e-06
545 5.103161703398486e-07
560 1.601195187985558e-06
570 7.349821316807534e-07
571 2.0380515595937347e-07
572 4.16690098489236e-08
576 3.0655381503414972e-06
577 3.400511281846011e-06
578 6.188697106118696e-05
579 6.41367267685505e-07
580 2.7273805557529193e-06
581 1.2527408360653064e-06
583 9.985748640850647e-06
584 2.5930284122719515e-06
587 1.54335901671296e-05
590 1.0323670879139565e-05
596 1.6129026604976377e-06
604 2.4387720945895807e-06
624 1.1222465781254113e-06
634 3.9085538484074604e-07
656 1.0985898932861866e-06
664 4.384991086140846e-07
666 4.196910491920145e-06
673 3.5137217592994064e-06
674 4.626518171936018e-06
684 2.437565912569828e-07
685 1.8940411415560812e-06
686 3.169428635417834e-06
688 3.916185769895597e-08
690 1.4216437655782037e-06
692 6.245764154576452e-07
693 2.9515734626245787e-06
694 1.97306423678548e-07
698 2.086059985701744e-06
704 2.500206542704165e-06
716 5.428512151461602e-07
