0 0.00013661970158720702
21 2.8339361869717707e-06
47 5.577615895309864e-06
48 2.72857807665918e-06
145 8.352344073204111e-06
158 1.1156538552910157e-06
170 3.2667916776417583e-06
500 4.412043986788388e-06
593 6.685765993855235e-06
665 9.160806857707407e-06
283 5.039234940644412e-06
484 0.00010241664348437214
34 2.9955505677347933e-05
249 3.471732690438627e-07
56 1.7586181560680313e-07
1 8.384101681943082e-05
46 3.0126189722139003e-05
245 2.0178504344332423e-05
321 7.031541128739639e-06
147 1.513103018021114e-07
3 0.00010480243012569361
29 0.00011669934938406705
35 9.72176000554894e-07
165 3.6904994975217925e-06
544 4.063048681018806e-05
547 4.912409528569467e-06
502 4.750617615743276e-06
41 2.220426521215236e-05
143 1.095435810554734e-08
248 1.0466462258016889e-06
257 1.488828000366918e-06
306 3.4697602855557888e-06
332 2.3917441299065143e-05
342 6.166077226793179e-06
374 3.0923240152138487e-06
379 1.9292061057540745e-05
539 2.545646443836222e-07
575 1.919030475512012e-06
417 8.76465062011479e-07
381 8.766258588670028e-07
533 6.438915540585199e-08
552 2.738372940791207e-06
702 9.050488917722813e-07
37 1.7828610279544357e-05
141 1.6531731842370526e-06
178 3.608229753780902e-07
231 2.1518993684011242e-06
299 5.236179286776786e-07
608 5.831538735875547e-07
652 9.964634869952887e-08
9 1.5533348030472126e-05
478 1.1467757577815039e-05
594 8.161427659612608e-06
441 5.177415927527196e-06
475 1.1781169548569116e-05
582 1.8874665347082997e-05
25 3.012211069476609e-07
243 2.610870595310381e-05
314 8.62323684301241e-06
566 2.0416949404685354e-05
591 2.161316527377244e-06
705 7.796328964557306e-07
653 2.7239712176333013e-06
251 4.459291174795868e-06
355 8.11157440965583e-06
179 3.326627759640084e-07
708 8.301550218097575e-07
42 6.538618597779144e-05
123 2.0620383677424674e-06
471 1.8087256305598044e-05
586 3.6452415689168074e-05
196 2.4823117441292943e-06
450 1.728625585296936e-06
333 1.6993768115311084e-07
473 5.8426596162730724e-06
695 1.2483821142019366e-06
17 6.481138806492771e-06
73 5.273516937474135e-05
80 3.7390393064374482e-06
191 3.6203936564243427e-06
225 5.202878206316424e-05
352 1.851850184675823e-05
423 1.5792067475751136e-06
657 1.0298445576065304e-05
707 2.074386578409898e-06
467 5.393945789415801e-05
206 8.39396577694034e-07
683 2.052184906976595e-06
139 3.591800858680116e-07
184 3.8571089799649335e-06
444 2.2451575127040948e-05
717 1.864267344736362e-06
538 3.3098501726413953e-06
654 6.236245242657838e-05
372 6.801752155060018e-05
561 1.2565376671392568e-07
496 5.1808537547365735e-06
