302 1.3796432868570957e-06
160 5.36420785118055e-06
2 7.969024954456739e-08
4 2.78648855721186e-07
6 3.7818844378858672e-06
7 8.46973362373864e-08
8 7.556144931713473e-08
10 0.000165670342640293
12 1.0112469813484683e-05
13 3.182581772456701e-08
14 2.4197757523813345e-08
15 8.145836871482935e-08
16 4.2891731558328585e-07
18 1.2896286373339098e-06
22 8.391401036870685e-08
23 1.3140246047779022e-07
24 1.2287701782762994e-07
26 3.0569744587539525e-07
27 1.5581985679431012e-05
28 3.57584676206336e-05
38 5.764062929319374e-05
45 3.393974858844535e-08
50 5.596449999273992e-09
52 5.305032019338549e-07
53 1.8915905899205374e-08
54 1.2970471273819731e-08
55 4.7508871241673374e-07
57 3.729728244266839e-08
58 8.523171682629454e-07
60 4.931378942038587e-07
61 4.520870311389289e-08
62 2.118191530459241e-07
63 2.065117023046839e-08
64 1.471523524274179e-07
65 2.259680123407993e-06
66 6.310856829398169e-10
67 6.976860041356741e-08
68 3.931415590904045e-08
69 2.236078426022589e-05
70 8.785652039923473e-07
71 4.997751742653865e-08
72 6.4433078114293e-07
74 1.2241756510672967e-06
75 3.59574827606363e-07
76 7.76682654959102e-09
77 7.76682654959099e-09
78 1.5479779175802775e-07
79 3.646638125643601e-08
81 1.0796006136803208e-06
82 1.3113740120364558e-07
83 6.622810387445919e-10
84 1.223003260926007e-06
85 2.085604111273011e-07
86 8.051429858314798e-08
87 0.00017735367972048521
88 4.7323201526322045e-05
89 1.0493233703303055e-06
90 3.954946910541268e-08
91 1.3156844193197282e-07
92 1.2455242122013469e-07
93 1.0158629281537167e-07
95 2.5825619402374472e-08
96 3.010935441837697e-05
97 8.258203544203898e-08
98 5.0727117993070416e-08
99 1.3704780318806046e-08
100 1.0710629126578322e-09
101 2.364851915407756e-08
102 8.868147798773917e-08
103 2.18276626320194e-08
104 4.834139293153842e-08
105 5.620190657921895e-06
106 2.075059160427598e-06
107 1.0156234852928074e-09
108 1.783270032394494e-09
109 7.356290331337095e-07
110 1.088755066483121e-06
111 2.6401755958629536e-08
112 4.419982015882494e-09
114 2.600266193600724e-06
116 5.272886837407434e-07
117 1.0905664314154587e-06
118 2.1016153491172694e-09
119 1.0642752599582008e-08
120 6.499852037470095e-06
121 6.193689440188593e-09
122 4.159536886075357e-06
124 1.1804214397062536e-06
125 5.826710561388626e-06
126 3.708687052350724e-08
127 2.1403870079660045e-07
128 1.7313677860820884e-06
132 5.5388134523754084e-08
133 5.748496005519306e-10
134 1.0008838084414778e-09
135 1.8219171358394572e-07
137 4.860937983314802e-10
138 9.181851820564208e-10
140 2.242046249679986e-09
142 5.644323372933194e-10
144 2.829661847913605e-09
146 4.3942071486053187e-10
148 4.7103017564791687e-08
149 1.980788554721376e-05
150 3.7214737890710515e-09
151 9.124846460603316e-07
152 4.759948069355135e-06
153 0.00010615487919416054
154 1.026676774473725e-06
155 2.0881881627094153e-05
156 4.9013765465163614e-08
157 1.3694168355557997e-06
159 2.956778734993984e-06
161 5.1119073535081225e-05
163 2.696867332857259e-05
166 5.835196209591816e-07
169 3.454618532161159e-06
172 1.1441028833822202e-05
173 1.041852302863156e-06
174 6.466541150051965e-07
175 6.182671654412838e-08
176 1.8493047645079798e-06
177 8.11289390354768e-08
180 6.58277383696248e-09
181 7.034179331880873e-08
182 6.497543979443739e-09
183 2.22843013138895e-06
185 8.79893863587291e-08
188 2.7662940313607703e-05
189 9.077864151183036e-08
190 7.750876224772187e-07
192 1.0673435800172526e-05
193 1.748497046869548e-08
194 3.656732648524254e-10
195 5.369901633722852e-08
197 1.694389963988483e-07
198 1.1031292763898116e-08
199 1.0166823568109435e-06
200 2.016226156896468e-08
201 4.9627567004810395e-06
202 1.3658281508492183e-05
203 2.397291017487596e-07
204 1.2499435783231472e-08
205 9.003662388883533e-08
207 1.4461218086945713e-07
208 1.4215747351324907e-07
209 1.823591814182539e-08
210 1.6802140207248563e-08
211 4.450256707359564e-06
212 2.0751989259865912e-08
213 1.3165573679322697e-08
214 8.310887796898714e-09
215 9.322909542996488e-10
216 5.49425203099967e-08
217 1.7162788629097744e-08
218 5.091785232193486e-10
220 3.2663706062426974e-07
221 8.201989764566315e-05
226 8.827395546239279e-07
232 7.321947532334305e-09
233 1.7358237032789035e-09
234 2.7905012266620975e-06
235 2.249945043501336e-09
238 3.16138529326627e-09
239 1.0277991534853793e-08
240 1.1619439581915864e-09
241 4.9962836896062724e-08
242 5.199819182046643e-09
244 1.2904839511281458e-07
246 1.7038290918440893e-07
247 3.2657693897781874e-05
250 2.013722062056454e-06
252 4.0354578061902294e-05
253 4.2145384138675293e-07
254 1.7182464566781056e-08
256 1.1640604142188515e-06
259 4.672770318655952e-07
260 1.4633326521491412e-08
261 1.287699519464962e-08
262 1.2211490539833872e-08
263 1.0515562697963186e-08
264 1.5378198037634624e-07
265 6.461423566209731e-08
266 1.5665280117626537e-08
267 1.4129437738875222e-08
268 7.647251380981703e-09
269 2.9895517757487147e-06
270 4.709321290272793e-08
271 1.1754287571073439e-08
272 2.66113553155369e-08
273 1.027077359617205e-06
274 1.082148283547845e-08
275 7.768779745271032e-09
276 7.691728269348622e-07
277 1.0043092220437023e-05
278 1.0172983696598712e-08
279 9.110778007076601e-08
280 5.913455881276061e-08
281 1.2674783913655795e-07
282 1.2070985578534226e-08
285 7.056367925482876e-06
286 4.061289228939579e-06
287 1.888759392450427e-08
288 7.717727983441026e-10
289 2.0421638966683935e-05
290 7.48818193144822e-09
291 1.0329282667867109e-08
292 6.201283385024052e-06
294 8.845794059537482e-09
295 3.1631675628288476e-07
297 2.7526244570596817e-05
298 2.2125483301007523e-07
300 3.318122996687328e-05
301 1.0632114394426999e-08
303 9.661182623062525e-09
307 9.301028453457866e-08
308 0.00011481035370197352
309 1.5760783341238491e-06
310 3.628966866029513e-08
311 1.6733434487536844e-05
312 1.9746569259000317e-05
313 3.3774541593260364e-05
315 5.697371742928804e-06
316 3.037138054604549e-07
318 1.4295916816375098e-05
319 1.1200879415403495e-07
326 1.9182061447095116e-06
327 2.0887569190557746e-05
328 1.7878580612168123e-05
329 2.356703852417791e-05
337 8.110656521703784e-09
338 1.1131285628120765e-07
339 1.9393478795994385e-10
343 1.0209267392174297e-05
344 4.258705836238284e-09
345 7.757918770024117e-09
346 4.427714620057363e-09
347 8.870327325187317e-09
348 5.512855009513955e-10
349 2.4893825744483398e-08
350 5.574548955617495e-07
351 1.8041430870544194e-09
356 2.4438117016823725e-06
359 1.2461032459072005e-05
360 4.1153943638959815e-05
361 9.098777803111722e-08
362 1.0619914958528318e-08
363 2.3068102402022337e-05
364 2.5846126674365658e-05
365 9.813954453132554e-06
367 4.8713954465820436e-08
368 8.205556720648207e-11
369 3.047147230538924e-07
370 3.663849232052917e-05
371 1.1323919985600588e-07
375 2.9702888144827982e-06
376 5.6360599864576776e-05
382 1.1097720978606716e-07
383 1.2878357020496312e-09
384 2.0199352037511003e-07
385 3.1824002990644784e-08
386 2.0006686927272055e-08
387 1.3967445938094797e-07
388 3.7209803672758095e-07
389 2.439586729611995e-08
391 4.4220839264851736e-07
392 9.959306739863156e-09
393 5.172518858225004e-07
394 3.765068845941785e-09
395 6.390130081940176e-10
396 4.7469213397601063e-07
397 6.0777614587354565e-09
398 1.7034428109769616e-07
399 1.8667460830737479e-07
400 9.383502177197957e-10
401 2.129376758764001e-07
402 2.449020816744613e-07
403 1.8883202322649794e-07
404 1.5282441856858055e-08
405 0.0001099547968787082
406 9.640221749706162e-06
407 7.3173046099523e-06
408 1.5165735358905699e-06
409 3.955094898153647e-05
410 2.2613222055221784e-07
411 4.4006942229379414e-07
412 1.0969800400166204e-05
413 7.349794942640818e-05
415 5.538143244598969e-09
418 1.0547829990781933e-09
419 2.437234883685641e-07
420 1.3248372226078669e-08
421 5.39218256827527e-09
422 8.129232385274705e-10
424 2.4077415191401697e-09
425 3.0403836437500426e-09
427 2.260574721338111e-09
428 7.449624037643658e-09
429 3.061750197631445e-06
430 2.909251078780508e-07
431 6.3405271685586275e-06
433 5.594463608817087e-07
434 1.7233022809336535e-05
435 4.858290601731851e-07
436 1.9653378261732498e-07
437 6.479025732965476e-08
438 2.5222469546124544e-06
439 2.6071851912004838e-06
440 5.82859891590156e-06
442 9.65063116422781e-08
443 6.180674714458181e-06
445 8.803337603586829e-07
446 6.27647772527179e-05
447 7.466511405537492e-08
448 7.862850770317873e-08
449 2.5455839315642625e-06
451 2.955421913132335e-06
452 1.0299954342823247e-07
453 1.0353532818621082e-07
454 1.1033496457593474e-07
455 4.6118887548256875e-05
456 8.037677643524061e-07
457 4.681933150953783e-09
458 1.8555478213537077e-07
459 7.662619734917489e-09
461 6.681760214653506e-07
462 3.0204488017030004e-07
463 1.8193846348231386e-07
465 2.9179891531286106e-08
466 3.567318244994676e-07
469 1.6452853963573078e-05
470 1.8887134463367652e-07
472 6.857632095156984e-06
474 9.010058657200633e-08
476 7.802853213748319e-08
477 7.426050074055006e-08
479 5.616331769686141e-09
480 8.287215799657893e-05
481 0.00015098020997117954
482 1.1191318519161638e-05
485 0.00011249797906076027
486 0.0003982094478076342
487 3.4416807900093566e-07
488 7.489602723907038e-05
489 0.00041724878188980334
492 5.981561347183252e-07
493 8.614497507556415e-06
497 8.86860038676695e-05
503 3.705422014074903e-05
506 4.549638980580049e-06
507 3.3238846399552445e-07
508 1.2469917995470708e-05
510 4.053052392788576e-07
511 5.103225696439461e-07
512 2.57481208995179e-05
513 1.2695327002334858e-06
514 3.776150057815661e-06
515 6.179442929657753e-06
516 3.6009427839899003e-06
517 5.291600495283707e-09
519 1.2994706791073247e-07
520 1.9989008959611482e-07
522 9.853924446937552e-08
523 1.5845932129311225e-05
524 3.946850866732846e-05
525 3.8357679555132476e-07
526 1.3394540928676887e-06
527 8.573539017090999e-07
528 6.3630644762398785e-06
529 9.798266140050472e-08
530 1.0834242147300844e-06
531 3.97418330645182e-08
532 3.77313506193667e-07
534 9.751699193351473e-08
535 1.9332790690322897e-06
536 3.96327132994829e-07
537 7.137088064331015e-08
540 1.2572168437211103e-07
541 2.7531541171237518e-08
542 2.717240924625515e-07
548 2.4086095088681022e-05
549 0.00012810885502648748
551 7.862657839104907e-07
553 1.4770942170869613e-05
554 8.700577507091981e-06
556 8.119007906746648e-06
558 4.814743546839569e-06
559 3.758699014656075e-07
562 3.0814882685051685e-05
563 3.3734255099394785e-08
564 4.051783872657027e-05
565 2.802805228482145e-06
568 3.389285420675542e-07
569 1.276727914619311e-06
573 5.205939101622572e-05
574 8.084449756198678e-05
597 1.2274030229054378e-06
598 1.1656178493737804e-07
599 1.4803243508067727e-07
600 9.284270070556415e-08
601 1.2903629968777814e-07
602 7.095586143686799e-08
603 1.2408972575184097e-05
605 6.516627525481657e-08
606 4.694204956166335e-07
607 0.00015144800558218667
609 1.1802524508847274e-05
610 8.901968104027129e-08
611 1.2745366821130695e-06
612 1.5974935713571586e-07
614 1.1966138177944912e-07
615 9.028177172621326e-08
616 5.84561653798922e-08
617 1.7151044377676277e-07
618 4.349114749332462e-08
619 2.3083678495753586e-07
620 4.961906425786815e-08
621 3.73230237684344e-08
622 1.4451907188451264e-07
623 9.686854388459093e-08
625 1.9656114368041246e-07
626 1.5950416347267777e-07
627 3.0418674798950593e-07
628 3.887589683909385e-08
629 5.660679557971029e-08
630 2.1836278541376132e-07
631 1.3196075947057228e-07
632 2.425967937657331e-07
633 7.214757478971175e-08
635 5.74498989120332e-08
636 1.060135632689242e-07
637 1.1231707941557074e-07
638 4.7436910769352126e-08
639 7.525676133715505e-08
640 1.1248154079375256e-07
641 1.1509975359286406e-05
642 8.625311274354424e-08
643 7.762890978412418e-08
644 5.199724374513122e-07
645 1.644890736809235e-07
646 1.1290944952503165e-07
647 1.4233557391452855e-07
648 3.648457224986969e-07
649 3.147877887338241e-07
651 1.0773445256859415e-07
655 5.974354907789548e-05
659 3.161222563373788e-05
667 1.9107158278312398e-05
669 2.3546151251221155e-06
672 8.972248772587109e-05
675 3.5832850024736395e-05
679 1.094157118890095e-06
680 3.50946459736861e-06
681 1.967675326649636e-08
682 6.035536789717323e-07
687 2.5588772699467782e-08
696 1.1519621443565933e-05
699 4.368418758182489e-08
701 1.2322798599790218e-05
706 3.4616460703269315e-06
709 2.2477980762804331e-10
710 2.3938929204829653e-06
711 5.838448619329236e-07
712 4.237569033218477e-07
713 5.495834966986161e-08
714 2.4358163014410515e-06
715 5.0912193707776626e-08
718 3.425866649855153e-10
719 5.981408932156478e-09
720 5.1790241787876735e-09
483 1.214064588895891e-05
5 6.22427842775433e-05
341 4.172667392823684e-06
491 8.138554510330559e-05
164 1.5794758324929036e-06
162 2.105694249933142e-06
588 2.4133217256810994e-06
304 1.744890459553312e-06
