16
-0.018242402272679988 0.0062026098941297195
-0.017441857956124452 -0.008465373313368591
-0.0004286407767664057 -0.0035972708736653845
0.007391386892557961 -0.001479991514244963
-0.05399209884465336 0.03281198511782028
0.01539620266791423 -0.0027425906741716665
0.019577532496043156 -0.0012220479939065308
0.021721118920928605 -0.0006295347430126267
-0.03515012221713065 0.04840369534907836
0.024327866209405455 0.016926048010629413
0.033592673450115844 -0.0009046329289707065
0.040962624941610896 -0.00044381662782639643
-0.028908493636252267 0.05926826169774543
0.029340620875315238 0.02454600318265627
0.031303110841750845 -0.0025557970719884133
0.03508187170847883 -0.004624299597532251
