16
-0.02150447836873713 -0.016455058855472805
0.015567316323522195 -0.007674645256631386
0.02556868615711141 0.011131530607613493
0.0030399903614986264 -0.001379091475438861
-0.005863267708155007 -0.002094978400231388
-0.0009158056034358816 -0.002383566110118745
0.00621871753828601 0.002749057466497735
-0.00046542679239948225 -0.0058532609240859405
0.021495703593725546 0.020105156997836833
0.0027645581312307306 0.006193625098441683
0.013895519046578606 0.0009078312183001197
0.012950419280526131 -0.00761513630586635
0.029272224287264323 0.031248873967113004
-0.0009885168088609084 0.011144051760720402
0.023920938920403638 -0.010103950701589388
0.008092806022540571 0.03951161307605602
