16
0.0106841397537146 -0.01753406574935548
0.04993432026560504 -0.00042631648878478054
0.0467038143629377 -0.01160218396257783
0.0460704378733318 -0.015601258886926385
0.003788383016019145 -0.04200835653661382
0.025195192951397563 -0.00853976081290502
0.01990750208563872 -0.0018005716879421754
0.0223490256742499 -0.0018640641606154037
-0.023202686540354078 -0.04859206460745972
-0.036932171429738675 0.011697297816036472
-0.02122950649018057 0.025055414473612977
-0.013717077722659567 0.024616731540878817
-0.043483036707401675 -0.0499731377276205
-0.060355343095449515 0.01990305069742117
-0.016337303638140996 0.023504426608002137
-0.02230555649099427 0.033316113155892675
